 1.00000000e+000 2.15522203e+001 1.04368815e+001 1.29598151e+001 7.26759040e+000 9.28766483e+001 4.14267575e+001 1.01814534e+003 1.01439206e+003 3.77794297e+000 2.00991753e-001 1.52039675e+001 0.00000000e+000 0.00000000e+000 1.00000000e+000 0.00000000e+000
 1.00000000e+000 2.09510828e+001 1.14056641e+001 1.44691843e+001 8.66547094e+000 9.50403327e+001 5.08799166e+001 1.01956586e+003 1.01653450e+003 4.37588349e+000 2.28463226e+000 1.75678821e+001 0.00000000e+000 0.00000000e+000 1.00000000e+000 0.00000000e+000
 1.00000000e+000 2.16335186e+001 1.20805383e+001 1.43964531e+001 8.79422681e+000 9.56061225e+001 5.02452930e+001 1.01917163e+003 1.01557678e+003 4.14150016e+000 1.05592114e+000 1.69626097e+001 0.00000000e+000 0.00000000e+000 1.00000000e+000 0.00000000e+000
 1.00000000e+000 2.11295300e+001 1.02989989e+001 1.24580888e+001 7.60220845e+000 9.50662006e+001 4.53081259e+001 1.02170377e+003 1.01775164e+003 3.90804077e+000 5.87801584e-001 1.67757630e+001 0.00000000e+000 0.00000000e+000 1.00000000e+000 0.00000000e+000
 1.00000000e+000 2.21189738e+001 8.49927692e+000 1.07858437e+001 3.96922741e+000 9.10403428e+001 3.92722659e+001 1.01826432e+003 1.01498390e+003 3.72532931e+000 1.17609229e+000 1.84344125e+001 0.00000000e+000 0.00000000e+000 1.00000000e+000 0.00000000e+000
 1.00000000e+000 2.02751435e+001 9.00038078e+000 1.05947563e+001 6.11467332e+000 9.46865762e+001 4.46491949e+001 1.01737358e+003 1.01297793e+003 3.83428711e+000 2.87970666e-001 1.65692569e+001 0.00000000e+000 0.00000000e+000 1.00000000e+000 0.00000000e+000
 1.00000000e+000 1.64940395e+001 6.58525367e+000 1.04321432e+001 6.37500663e+000 9.94746172e+001 4.80604908e+001 1.01679322e+003 1.01313311e+003 3.39309706e+000 -4.29833854e-001 1.37071222e+001 0.00000000e+000 0.00000000e+000 1.00000000e+000 0.00000000e+000
 1.00000000e+000 1.70323965e+001 6.67180305e+000 1.11775971e+001 4.57261869e+000 9.84228207e+001 5.16655940e+001 1.01999386e+003 1.01782773e+003 3.41947474e+000 8.17390271e-001 1.58217500e+001 0.00000000e+000 0.00000000e+000 1.00000000e+000 0.00000000e+000
 1.00000000e+000 1.88566907e+001 7.58787595e+000 1.04787695e+001 5.35737729e+000 9.78167366e+001 4.59014300e+001 1.02132838e+003 1.01743196e+003 3.40012356e+000 -4.22483493e-001 1.49641479e+001 0.00000000e+000 0.00000000e+000 1.00000000e+000 0.00000000e+000
 1.00000000e+000 1.92527982e+001 8.03556815e+000 1.05900732e+001 6.97001199e+000 9.67667890e+001 4.26329138e+001 1.01868983e+003 1.01388234e+003 3.74321263e+000 -1.72266742e-001 1.43833798e+001 0.00000000e+000 0.00000000e+000 1.00000000e+000 0.00000000e+000
 1.00000000e+000 1.86109228e+001 7.51333217e+000 1.01579300e+001 6.34370431e+000 9.81746217e+001 4.50580859e+001 1.02010907e+003 1.01560167e+003 3.54037793e+000 -3.39130949e-001 1.46865475e+001 0.00000000e+000 0.00000000e+000 1.00000000e+000 0.00000000e+000
 1.00000000e+000 1.87708481e+001 7.92634836e+000 1.15151543e+001 5.65459156e+000 9.59856028e+001 4.49777527e+001 1.02042819e+003 1.01736212e+003 3.37487374e+000 -1.27503822e-001 1.45751153e+001 0.00000000e+000 0.00000000e+000 1.00000000e+000 0.00000000e+000
 1.00000000e+000 1.96380502e+001 7.39978381e+000 1.14226237e+001 3.43488501e+000 9.28808978e+001 4.28765588e+001 1.01813836e+003 1.01595518e+003 3.59481842e+000 6.39225457e-001 1.69275104e+001 0.00000000e+000 0.00000000e+000 1.00000000e+000 0.00000000e+000
 1.00000000e+000 1.99419609e+001 9.00709248e+000 1.18966363e+001 5.81609568e+000 9.47492525e+001 4.72224151e+001 1.01847405e+003 1.01612347e+003 3.38988758e+000 9.42323208e-001 1.75573145e+001 0.00000000e+000 0.00000000e+000 1.00000000e+000 0.00000000e+000
 1.00000000e+000 1.94601826e+001 6.84603861e+000 1.03936989e+001 3.48999180e+000 9.42186314e+001 4.06981179e+001 1.02047395e+003 1.01725720e+003 3.39833821e+000 -2.70705583e-001 1.51754065e+001 0.00000000e+000 0.00000000e+000 1.00000000e+000 0.00000000e+000
 1.00000000e+000 1.94964684e+001 9.64227441e+000 1.27707064e+001 8.52154982e+000 9.59744826e+001 4.46947257e+001 1.02012068e+003 1.01594763e+003 3.88785674e+000 -5.88237654e-003 1.39248575e+001 0.00000000e+000 0.00000000e+000 1.00000000e+000 0.00000000e+000
 1.00000000e+000 2.07142920e+001 9.86128146e+000 1.38795825e+001 6.92422197e+000 9.15402330e+001 4.12445653e+001 1.01923191e+003 1.01622519e+003 4.12921000e+000 7.57006632e-001 1.50199022e+001 0.00000000e+000 0.00000000e+000 1.00000000e+000 0.00000000e+000
 1.00000000e+000 2.11221217e+001 9.05415046e+000 1.17707859e+001 5.96113473e+000 9.37670747e+001 3.99677037e+001 1.01869622e+003 1.01402931e+003 4.19566720e+000 -2.00245454e-001 1.55317837e+001 0.00000000e+000 0.00000000e+000 1.00000000e+000 0.00000000e+000
 1.00000000e+000 1.98771265e+001 1.00887170e+001 1.28439688e+001 9.13380683e+000 9.51293204e+001 4.32519328e+001 1.01875849e+003 1.01462972e+003 3.70436444e+000 -6.53894017e-003 1.36851876e+001 0.00000000e+000 0.00000000e+000 1.00000000e+000 0.00000000e+000
 1.00000000e+000 2.02004487e+001 9.89348523e+000 1.22278882e+001 7.73348909e+000 9.61943329e+001 4.56153276e+001 1.02170932e+003 1.01794423e+003 3.59607142e+000 8.76071070e-002 1.55299876e+001 0.00000000e+000 0.00000000e+000 1.00000000e+000 0.00000000e+000
 1.00000000e+000 2.31304912e+001 1.19618628e+001 1.35277292e+001 7.46696651e+000 9.28024094e+001 4.76226501e+001 1.02353662e+003 1.02088089e+003 5.90827177e+000 7.35537081e-001 3.32815840e+001 0.00000000e+000 0.00000000e+000 1.00000000e+000 0.00000000e+000
 1.00000000e+000 1.94387892e+001 1.04417749e+001 1.33673859e+001 8.63420368e+000 9.82443689e+001 5.27312107e+001 1.02120040e+003 1.01775089e+003 4.07321939e+000 1.04259578e+000 1.67661819e+001 0.00000000e+000 0.00000000e+000 1.00000000e+000 0.00000000e+000
 1.00000000e+000 2.19512369e+001 1.31481332e+001 1.61204378e+001 1.14895655e+001 9.52335450e+001 4.83577016e+001 1.02053637e+003 1.01702662e+003 3.77659440e+000 5.22141366e-001 1.54075340e+001 0.00000000e+000 0.00000000e+000 1.00000000e+000 0.00000000e+000
 1.00000000e+000 2.01267407e+001 9.70616365e+000 1.25376944e+001 7.16448928e+000 9.62924078e+001 4.88420070e+001 1.02187301e+003 1.01849185e+003 3.85586511e+000 1.08847433e+000 1.67003307e+001 0.00000000e+000 0.00000000e+000 1.00000000e+000 0.00000000e+000
 1.00000000e+000 1.94915701e+001 9.47287591e+000 1.21137307e+001 8.09685217e+000 9.65583097e+001 4.55617345e+001 1.02137773e+003 1.01748374e+003 3.53084536e+000 -1.73505892e-001 1.46614203e+001 0.00000000e+000 0.00000000e+000 1.00000000e+000 0.00000000e+000
 1.00000000e+000 1.98018351e+001 1.07155604e+001 1.39230879e+001 8.62710672e+000 9.63809546e+001 5.03783673e+001 1.02147773e+003 1.01852329e+003 3.85244113e+000 1.03132664e+000 1.58257188e+001 0.00000000e+000 0.00000000e+000 1.00000000e+000 0.00000000e+000
 1.00000000e+000 2.00650813e+001 9.82240542e+000 1.26817068e+001 7.76645670e+000 9.59665210e+001 4.57978484e+001 1.02065086e+003 1.01672819e+003 4.00242587e+000 4.26463780e-001 1.54978274e+001 0.00000000e+000 0.00000000e+000 1.00000000e+000 0.00000000e+000
 1.00000000e+000 1.95213073e+001 8.20499479e+000 1.06917666e+001 7.12175769e+000 9.62629883e+001 4.37779875e+001 1.01950047e+003 1.01496113e+003 3.91399827e+000 7.13389999e-001 1.58844941e+001 0.00000000e+000 0.00000000e+000 1.00000000e+000 0.00000000e+000
 1.00000000e+000 1.90710665e+001 6.46509619e+000 9.48758171e+000 5.21983800e+000 9.52712177e+001 4.01818946e+001 1.02020079e+003 1.01561312e+003 3.88812654e+000 4.47599667e-001 1.56166394e+001 0.00000000e+000 0.00000000e+000 1.00000000e+000 0.00000000e+000
 1.00000000e+000 2.10742494e+001 7.54837861e+000 9.54677703e+000 4.72779971e+000 9.46032047e+001 3.90492509e+001 1.02206834e+003 1.01687828e+003 4.17819863e+000 4.06861229e-001 1.72468346e+001 0.00000000e+000 0.00000000e+000 1.00000000e+000 0.00000000e+000
 1.00000000e+000 2.14605188e+001 7.72515758e+000 1.05761539e+001 4.55596434e+000 9.28976482e+001 3.81884277e+001 1.01964376e+003 1.01613802e+003 3.06974383e+000 -2.18494684e-001 1.69478406e+001 0.00000000e+000 0.00000000e+000 1.00000000e+000 0.00000000e+000
