 2.25777508e-002 4.26559421e-002 4.94331788e-002 -5.71540620e-002 4.00460842e-001 -8.39140908e-001 -9.00940584e-001 6.41909564e-002 -3.95172197e-001 -3.77194264e-001 -7.28935357e-001 9.32543434e-002
 -5.58382856e-001 3.61161723e-001 -3.91820043e-001 1.01108597e-001 -4.18996571e-001 6.25566015e-001 7.02596413e-001 2.04082027e-001 -5.89959850e-001 5.66875519e-001 -8.30165004e-001 -4.86479910e-001
 5.24220633e-001 -4.67545963e-001 -5.52429630e-001 -1.11609591e-001 1.09511899e-003 9.86326393e-002 8.20108711e-002 -3.58764404e-001 -1.14042632e-001 -4.15129894e-001 5.18974774e-001 7.83071605e-002
 -2.47874655e-001 3.97111399e-001 -1.41702080e-001 -1.78384799e-001 -2.08525930e-001 1.05523131e-003 1.30298291e-001 3.51949488e-001 4.52787771e-002 2.42643212e-001 -4.95158469e-001 1.03540038e-001
 2.20477380e-001 -4.34269106e-001 -3.89131830e-001 1.90715404e-001 -1.33258492e-001 5.75428793e-001 5.09989146e-001 -4.24593576e-001 -8.71814961e-002 5.30781015e-002 5.29842719e-001 -2.49863842e-001
 3.56833284e-001 9.84087904e-001 4.60830908e-001 4.41275531e-002 -4.36528450e-001 5.84113470e-001 6.93442695e-001 6.64735086e-001 -2.87924825e-001 7.28157804e-001 -1.12286537e+000 -4.30113448e-001
 9.40279730e-002 -2.14067472e-002 -1.50475650e-002 -7.36743672e-002 1.02126253e-001 -3.43869697e-001 -3.36081669e-001 3.51406197e-001 3.33123046e-001 -1.26582025e-002 -7.02496790e-002 2.26483196e-001
 -9.61980268e-001 -5.55682497e-002 -8.72491096e-003 3.68293695e-001 3.12703134e-001 -2.46922938e-001 -4.95246966e-001 2.71393498e-001 -3.21745284e-001 1.71837379e-001 -1.02655011e-001 -2.24371595e-001
 3.39860759e-001 7.11630499e-001 -2.59285555e-001 -7.76670524e-001 -3.30460286e-001 -5.56077723e-001 -1.37324799e-001 -4.11974212e-001 -3.79379969e-002 -6.59890835e-001 -1.63350460e-001 6.99087566e-001
 5.40756729e-001 -3.57169445e-001 -4.98372826e-001 1.49522941e-002 -3.60156382e-001 7.55984449e-001 7.80952956e-001 -1.89242748e-001 5.54395615e-001 -7.55594814e-003 5.72147991e-001 -9.07508282e-002
 5.08545172e-001 7.21178876e-001 3.85380614e-001 5.01314561e-003 -1.99814833e-001 1.90583757e-001 2.97108210e-001 -6.12289324e-003 -5.31361323e-001 1.88791849e-001 -5.03006185e-001 -2.45786692e-001
