 9.87855928e-001 5.59132434e-001 1.92595640e-001 8.48054242e-001 2.41402140e-003 1.35433921e-001 3.72066840e-001 3.68475928e-002 7.38626164e-001 -4.34360779e-001 -5.21881809e-001 -4.30000159e-001
 2.31593593e-001 6.91790252e-001 -7.57917433e-001 -7.48058648e-001 2.38154743e-001 -1.54176938e-001 -1.91646558e-001 -6.39973129e-001 -4.50595995e-001 -6.09505838e-001 5.79243717e-001 -2.17526273e-001
 8.49677053e-001 -8.57689664e-002 1.97757538e-002 -5.83965659e-001 -4.10069359e-001 6.09292075e-001 1.88421984e-002 -6.45287433e-001 3.83282067e-001 -4.84537707e-004 -5.87785170e-001 9.16764190e-001
 8.79724594e-001 -1.79969604e-001 -4.26122095e-001 -2.04067682e-001 -6.01409090e-001 -4.19636835e-001 -1.99715619e-001 5.13632395e-001 -7.12218327e-001 1.26477191e-001 9.54903728e-001 -6.67309408e-002
 1.49685501e-001 -5.48660535e-001 -1.12264347e-001 2.36450269e-001 -4.54950136e-001 -2.62977048e-001 -1.34878023e-001 1.85927635e-001 1.63276922e-001 -8.62694116e-002 -4.54465295e-001 -8.47068586e-001
 9.60085534e-001 -3.80150111e-002 5.49285729e-001 -6.59744440e-001 -4.29397848e-001 4.60038091e-001 2.22486368e-001 2.34427172e-001 5.49854893e-001 -5.66149232e-002 -7.24278685e-001 -6.15080182e-001
 -5.30814433e-001 -2.20371374e-001 -5.94968537e-001 9.23812458e-001 5.55514182e-001 8.47499017e-001 4.53244547e-001 6.31019584e-001 6.40612201e-001 3.51824778e-001 -2.81810035e-001 -1.13307236e-001
 8.18760215e-001 6.81898064e-001 -5.08952339e-001 9.02327328e-001 3.17296474e-001 -8.32216107e-001 -1.04099290e-001 -4.15141590e-001 3.38641226e-002 8.47629253e-001 -5.01709819e-001 1.07649167e+000
 5.97149852e-001 7.96028903e-001 -3.08579541e-001 -6.64798235e-001 -6.41756832e-001 -3.11354200e-001 -2.75844121e-002 2.43328726e-001 -4.96930614e-001 3.84797173e-001 9.00419828e-001 -5.86097912e-001
 8.02454334e-001 1.08931555e-001 4.71661163e-001 -3.37652264e-001 2.26535219e-001 -3.01077713e-001 -5.36226009e-002 1.65248658e-001 -5.01965430e-001 -5.29439352e-001 8.58271696e-001 7.13911102e-001
 3.90297977e-002 2.47321403e-001 3.84192788e-001 -8.31644494e-003 -4.33190080e-001 -2.30384443e-003 3.32210943e-002 9.51957833e-002 -2.86124462e-001 1.75424829e-001 3.21995173e-001 3.61772965e-001
