 1.00000000e+000 2.02890451e+001 5.32980525e+000 5.87689688e+000 8.67134843e-001 8.69963464e+001 3.06381236e+001 1.01925231e+003 1.01503818e+003 2.72552053e+000 -9.40009066e-001 1.59466588e+001 0.00000000e+000 0.00000000e+000 1.00000000e+000 0.00000000e+000
 1.00000000e+000 1.94483455e+001 3.77663049e+000 6.60846286e+000 -5.85105402e-001 9.16565024e+001 3.17045324e+001 1.02107587e+003 1.01812403e+003 2.03344676e+000 -2.09171419e+000 1.50641941e+001 0.00000000e+000 0.00000000e+000 1.00000000e+000 0.00000000e+000
 1.00000000e+000 2.02235652e+001 5.77814491e+000 6.55430372e+000 4.25140008e-001 8.45321821e+001 2.96275931e+001 1.02203803e+003 1.01834471e+003 3.24929702e+000 -3.99278709e-001 1.59372210e+001 0.00000000e+000 0.00000000e+000 1.00000000e+000 0.00000000e+000
 1.00000000e+000 2.01907230e+001 5.95632835e+000 6.91237948e+000 1.93588893e+000 9.02021353e+001 3.36645143e+001 1.02186834e+003 1.01724628e+003 3.47436344e+000 -6.89494026e-001 1.67669625e+001 0.00000000e+000 0.00000000e+000 1.00000000e+000 0.00000000e+000
 1.00000000e+000 2.18883681e+001 8.24524404e+000 7.86544941e+000 2.13455688e+000 8.20143908e+001 2.80685949e+001 1.02019391e+003 1.01605714e+003 3.67554593e+000 -1.11649892e-001 1.60447972e+001 0.00000000e+000 0.00000000e+000 1.00000000e+000 0.00000000e+000
 1.00000000e+000 2.30890313e+001 1.06194327e+001 1.03047978e+001 5.45135107e+000 8.62708629e+001 3.42249049e+001 1.01957269e+003 1.01503907e+003 3.89487773e+000 4.58171562e-001 1.66398174e+001 0.00000000e+000 1.00000000e+000 0.00000000e+000 0.00000000e+000
 1.00000000e+000 2.37346797e+001 1.04367959e+001 1.12638687e+001 4.90498389e+000 8.75628095e+001 3.31430519e+001 1.02095740e+003 1.01739523e+003 3.33185731e+000 -7.05132585e-002 1.64475743e+001 0.00000000e+000 0.00000000e+000 1.00000000e+000 0.00000000e+000
 1.00000000e+000 2.53273924e+001 1.33963354e+001 1.28623821e+001 7.44647111e+000 8.29896628e+001 3.34334392e+001 1.01783999e+003 1.01318231e+003 4.35212370e+000 7.17874935e-001 1.72021184e+001 0.00000000e+000 0.00000000e+000 1.00000000e+000 0.00000000e+000
 1.00000000e+000 2.58002421e+001 1.54969949e+001 1.49923372e+001 1.11506909e+001 8.77792235e+001 4.19424499e+001 1.01762106e+003 1.01344364e+003 3.55814814e+000 7.17538704e-001 1.77568739e+001 0.00000000e+000 0.00000000e+000 0.00000000e+000 1.00000000e+000
 1.00000000e+000 2.52945359e+001 1.37915135e+001 1.36349573e+001 9.07303333e+000 8.93397341e+001 4.15324329e+001 1.01682651e+003 1.01185018e+003 4.58123426e+000 1.76082677e+000 1.89498929e+001 0.00000000e+000 0.00000000e+000 1.00000000e+000 0.00000000e+000
 1.00000000e+000 2.18488971e+001 1.08007424e+001 1.12828977e+001 7.71723064e+000 9.04446612e+001 4.07925039e+001 1.01858532e+003 1.01398675e+003 4.29534244e+000 1.42766313e+000 1.74733769e+001 0.00000000e+000 0.00000000e+000 1.00000000e+000 0.00000000e+000
 1.00000000e+000 2.07999624e+001 6.15245850e+000 8.36030463e+000 2.46312506e+000 9.38584073e+001 3.81943506e+001 1.02017338e+003 1.01565071e+003 3.91804102e+000 5.24796882e-001 1.83306637e+001 0.00000000e+000 0.00000000e+000 1.00000000e+000 0.00000000e+000
 1.00000000e+000 2.18244340e+001 6.86268688e+000 8.47742186e+000 2.98771287e+000 9.32579339e+001 3.75010049e+001 1.01929133e+003 1.01427316e+003 4.07480990e+000 9.05491743e-001 1.87029838e+001 0.00000000e+000 0.00000000e+000 1.00000000e+000 0.00000000e+000
 1.00000000e+000 2.14108358e+001 6.42835204e+000 8.33060576e+000 2.34242317e+000 9.06065676e+001 3.41306993e+001 1.01995900e+003 1.01620600e+003 2.93761379e+000 -6.40473245e-001 1.77054430e+001 0.00000000e+000 0.00000000e+000 1.00000000e+000 0.00000000e+000
 1.00000000e+000 2.30197517e+001 9.80703527e+000 9.35279597e+000 4.86374136e+000 8.48349735e+001 3.28103308e+001 1.01884285e+003 1.01439092e+003 3.40490515e+000 -4.88055497e-001 1.79454766e+001 0.00000000e+000 0.00000000e+000 1.00000000e+000 0.00000000e+000
 1.00000000e+000 2.42332214e+001 9.95946552e+000 1.13318904e+001 4.77686885e+000 9.13534615e+001 3.68495083e+001 1.02133568e+003 1.01763450e+003 3.14094604e+000 -2.87992998e-001 1.87669483e+001 0.00000000e+000 0.00000000e+000 1.00000000e+000 0.00000000e+000
 1.00000000e+000 2.48845583e+001 1.24916603e+001 1.25114500e+001 7.01271706e+000 8.45077371e+001 3.67002253e+001 1.01846390e+003 1.01484008e+003 4.09717288e+000 1.92181975e+000 1.94157366e+001 0.00000000e+000 0.00000000e+000 1.00000000e+000 0.00000000e+000
 1.00000000e+000 2.44708859e+001 1.39505044e+001 1.52671786e+001 9.16929722e+000 8.98356206e+001 4.40186404e+001 1.01305552e+003 1.00996956e+003 3.86036719e+000 1.04495814e+000 1.88499179e+001 0.00000000e+000 0.00000000e+000 1.00000000e+000 0.00000000e+000
 1.00000000e+000 2.01641368e+001 9.17853976e+000 1.07966229e+001 7.72973064e+000 9.57138845e+001 4.37069274e+001 1.01456804e+003 1.01010736e+003 3.25536017e+000 -6.91233933e-001 1.62986337e+001 1.00000000e+000 0.00000000e+000 0.00000000e+000 0.00000000e+000
 1.00000000e+000 1.92202188e+001 5.41934159e+000 8.57124265e+000 3.17866795e+000 9.56501618e+001 3.74614373e+001 1.01723089e+003 1.01357411e+003 2.75554569e+000 -1.28494326e+000 1.58095463e+001 0.00000000e+000 0.00000000e+000 1.00000000e+000 0.00000000e+000
 1.00000000e+000 1.83727688e+001 4.10695231e+000 6.69716978e+000 1.41388347e+000 9.12517910e+001 3.31728452e+001 1.01784470e+003 1.01425730e+003 2.85708016e+000 -1.03279546e+000 1.57697878e+001 0.00000000e+000 0.00000000e+000 1.00000000e+000 0.00000000e+000
 1.00000000e+000 1.74473268e+001 3.33847904e+000 6.05733074e+000 1.38814584e+000 9.58403790e+001 3.53929549e+001 1.01672412e+003 1.01266745e+003 2.38326402e+000 -2.39908639e+000 1.44433056e+001 0.00000000e+000 0.00000000e+000 1.00000000e+000 0.00000000e+000
 1.00000000e+000 1.90690794e+001 5.10050920e+000 5.42662893e+000 1.33994590e+000 8.66140123e+001 3.20489903e+001 1.01612014e+003 1.01201502e+003 2.79139500e+000 -1.13936801e+000 1.65268561e+001 0.00000000e+000 0.00000000e+000 1.00000000e+000 0.00000000e+000
 1.00000000e+000 2.12068027e+001 6.07495605e+000 6.16059275e+000 3.05651508e-001 8.29967655e+001 2.71260035e+001 1.01853763e+003 1.01528305e+003 2.02162545e+000 -1.70892511e+000 1.58917671e+001 0.00000000e+000 0.00000000e+000 1.00000000e+000 0.00000000e+000
 1.00000000e+000 2.09415059e+001 8.04013786e+000 7.94249573e+000 4.22118041e+000 8.53211857e+001 3.21656930e+001 1.01647630e+003 1.01239644e+003 2.44730066e+000 -1.42194362e+000 1.52406907e+001 0.00000000e+000 0.00000000e+000 1.00000000e+000 0.00000000e+000
 1.00000000e+000 1.97504881e+001 6.32510853e+000 7.37583130e+000 3.69044490e+000 9.32216639e+001 3.75774224e+001 1.01689615e+003 1.01215664e+003 2.95835016e+000 -1.16111106e+000 1.63993871e+001 0.00000000e+000 0.00000000e+000 1.00000000e+000 0.00000000e+000
 1.00000000e+000 1.82967915e+001 4.19759716e+000 5.88213372e+000 1.34607856e+000 8.95007992e+001 3.19306417e+001 1.01865398e+003 1.01517588e+003 2.48608742e+000 -1.35656951e+000 1.56103078e+001 0.00000000e+000 0.00000000e+000 1.00000000e+000 0.00000000e+000
 1.00000000e+000 1.78946748e+001 2.88660266e+000 5.23810073e+000 -1.34375823e-001 9.26263550e+001 3.38460563e+001 1.01749005e+003 1.01378292e+003 2.29249614e+000 -1.72849331e+000 1.50489474e+001 0.00000000e+000 0.00000000e+000 1.00000000e+000 0.00000000e+000
 1.00000000e+000 2.02706074e+001 6.64134418e+000 8.33384566e+000 2.85121255e+000 8.72901811e+001 3.40445431e+001 1.01342488e+003 1.01011571e+003 2.99900565e+000 -1.47789732e-001 1.66590715e+001 0.00000000e+000 0.00000000e+000 1.00000000e+000 0.00000000e+000
 1.00000000e+000 2.01663849e+001 5.77382513e+000 8.05877067e+000 2.54950734e+000 9.15720029e+001 3.49343428e+001 1.01391907e+003 1.01034154e+003 2.70107011e+000 -6.46808526e-001 1.61709139e+001 0.00000000e+000 0.00000000e+000 1.00000000e+000 0.00000000e+000
 1.00000000e+000 1.98493494e+001 5.23926858e+000 7.19853746e+000 1.37451215e+000 9.16199798e+001 3.50104025e+001 1.01693088e+003 1.01262696e+003 3.58314204e+000 -2.01027418e-001 1.70388116e+001 0.00000000e+000 0.00000000e+000 1.00000000e+000 0.00000000e+000
 1.00000000e+000 1.99182266e+001 5.38684577e+000 7.44984895e+000 2.04756473e+000 9.35808716e+001 3.47891645e+001 1.01680005e+003 1.01250689e+003 2.64830321e+000 -1.64399383e+000 1.50645792e+001 0.00000000e+000 0.00000000e+000 1.00000000e+000 0.00000000e+000
 1.00000000e+000 1.82808264e+001 5.99422657e+000 8.51984311e+000 3.64913323e+000 8.84799947e+001 3.25261951e+001 1.01470936e+003 1.01184779e+003 2.41690415e+000 -1.45702947e+000 1.30494015e+001 0.00000000e+000 0.00000000e+000 1.00000000e+000 0.00000000e+000
 1.00000000e+000 2.16716330e+001 9.86990682e+000 1.06231676e+001 6.43036241e+000 8.98936532e+001 3.89683175e+001 1.01366625e+003 1.01033103e+003 2.38059298e+000 -1.39116946e+000 1.69144886e+001 0.00000000e+000 0.00000000e+000 1.00000000e+000 0.00000000e+000
 1.00000000e+000 2.15696937e+001 9.18717324e+000 1.10861117e+001 6.34626489e+000 9.30263151e+001 3.99934126e+001 1.01353979e+003 1.00892473e+003 4.07406370e+000 5.88120988e-001 1.71104682e+001 0.00000000e+000 0.00000000e+000 1.00000000e+000 0.00000000e+000
 1.00000000e+000 2.00911705e+001 9.12955293e+000 1.30275457e+001 6.11410178e+000 9.51831005e+001 4.66118700e+001 1.01698353e+003 1.01478528e+003 3.13202246e+000 -7.79243974e-002 1.66772765e+001 0.00000000e+000 0.00000000e+000 1.00000000e+000 0.00000000e+000
 1.00000000e+000 2.02379648e+001 7.72708869e+000 1.03322137e+001 4.94290860e+000 9.32271435e+001 3.54171999e+001 1.01529238e+003 1.01137285e+003 3.43878498e+000 -3.83887397e-001 1.39775481e+001 0.00000000e+000 0.00000000e+000 0.00000000e+000 1.00000000e+000
 1.00000000e+000 2.22586510e+001 9.09777038e+000 9.99958932e+000 4.65928130e+000 8.90775129e+001 3.54553347e+001 1.01523710e+003 1.01139722e+003 3.10752808e+000 -3.69352278e-001 1.67466077e+001 0.00000000e+000 0.00000000e+000 1.00000000e+000 0.00000000e+000
 1.00000000e+000 2.08655659e+001 9.20418893e+000 9.18733414e+000 6.84657680e+000 9.18981703e+001 4.06811887e+001 1.01773883e+003 1.01269679e+003 3.37806416e+000 -3.01183738e-001 1.70849319e+001 0.00000000e+000 0.00000000e+000 1.00000000e+000 0.00000000e+000
 1.00000000e+000 1.97116629e+001 5.23408338e+000 7.93090573e+000 1.84544109e+000 9.38003034e+001 3.84932425e+001 1.01876735e+003 1.01494089e+003 3.67645778e+000 2.26221150e-001 1.87064475e+001 0.00000000e+000 0.00000000e+000 1.00000000e+000 0.00000000e+000
 1.00000000e+000 2.05728321e+001 5.61181419e+000 7.43864101e+000 1.67924994e+000 9.14459677e+001 3.54964467e+001 1.01719267e+003 1.01222733e+003 4.21372626e+000 6.19390882e-001 1.82011539e+001 0.00000000e+000 0.00000000e+000 1.00000000e+000 0.00000000e+000
 1.00000000e+000 2.12362096e+001 5.67397843e+000 7.35554964e+000 1.22014304e+000 8.92322622e+001 3.20155732e+001 1.01845543e+003 1.01400530e+003 3.46984201e+000 -1.63517062e-001 1.75487235e+001 1.00000000e+000 0.00000000e+000 0.00000000e+000 0.00000000e+000
 1.00000000e+000 2.13330413e+001 5.38134823e+000 6.52017519e+000 3.28910913e-001 8.64081820e+001 3.02682465e+001 1.02010876e+003 1.01597700e+003 3.52982521e+000 4.77422044e-002 1.92210602e+001 1.00000000e+000 0.00000000e+000 0.00000000e+000 0.00000000e+000
 1.00000000e+000 2.25103204e+001 5.93456225e+000 5.92399650e+000 -1.88483080e+000 8.06876059e+001 2.53494644e+001 1.01898027e+003 1.01573840e+003 2.65090208e+000 -1.74024971e+000 1.93722018e+001 0.00000000e+000 0.00000000e+000 1.00000000e+000 0.00000000e+000
 1.00000000e+000 2.24738088e+001 6.97370352e+000 7.09542884e+000 6.34030400e-001 8.12064863e+001 2.79503122e+001 1.01865096e+003 1.01454345e+003 3.40313671e+000 -1.74036899e-001 1.81157505e+001 0.00000000e+000 0.00000000e+000 1.00000000e+000 0.00000000e+000
 1.00000000e+000 2.50078645e+001 8.91707159e+000 9.49633283e+000 8.33970934e-001 8.19091964e+001 2.76986390e+001 1.02000635e+003 1.01651753e+003 3.69040526e+000 3.15238015e-001 1.96982920e+001 0.00000000e+000 0.00000000e+000 0.00000000e+000 1.00000000e+000
 1.00000000e+000 2.49338228e+001 1.06533610e+001 1.14371667e+001 4.39168245e+000 8.43672877e+001 3.11902141e+001 1.01656530e+003 1.01264933e+003 3.82739195e+000 -4.12869565e-002 1.92222751e+001 0.00000000e+000 0.00000000e+000 1.00000000e+000 0.00000000e+000
 1.00000000e+000 2.57581312e+001 1.22658338e+001 1.21279776e+001 6.10994115e+000 8.58035649e+001 3.33923168e+001 1.01607695e+003 1.01179659e+003 3.56577147e+000 -1.71219942e-001 1.84754060e+001 0.00000000e+000 0.00000000e+000 1.00000000e+000 0.00000000e+000
 1.00000000e+000 2.52492677e+001 1.15148757e+001 1.17092085e+001 5.73832558e+000 8.79045747e+001 3.51769201e+001 1.01505578e+003 1.00976602e+003 4.57590561e+000 1.04742834e+000 1.86257194e+001 0.00000000e+000 0.00000000e+000 1.00000000e+000 0.00000000e+000
 1.00000000e+000 2.63805057e+001 1.23329200e+001 1.26273916e+001 6.59189476e+000 8.79863446e+001 3.55988294e+001 1.01653423e+003 1.01154453e+003 4.23444472e+000 1.07640182e+000 1.95303367e+001 0.00000000e+000 0.00000000e+000 1.00000000e+000 0.00000000e+000
 1.00000000e+000 2.56519756e+001 1.12468653e+001 1.09928247e+001 4.30595467e+000 8.33055560e+001 3.04584900e+001 1.01797375e+003 1.01379324e+003 3.49219102e+000 5.67871054e-002 1.79403470e+001 0.00000000e+000 0.00000000e+000 1.00000000e+000 0.00000000e+000
 1.00000000e+000 2.65467578e+001 1.30272287e+001 1.22813524e+001 6.17674653e+000 8.28705814e+001 3.26324876e+001 1.01873627e+003 1.01476021e+003 3.58515855e+000 7.81558787e-001 1.87476016e+001 0.00000000e+000 0.00000000e+000 1.00000000e+000 0.00000000e+000
 1.00000000e+000 2.64315646e+001 1.47429460e+001 1.46521697e+001 9.29585490e+000 8.30805031e+001 3.51202778e+001 1.01533252e+003 1.01199449e+003 3.29466118e+000 -3.63387039e-001 1.95262619e+001 0.00000000e+000 0.00000000e+000 1.00000000e+000 0.00000000e+000
 1.00000000e+000 2.74079632e+001 1.70512908e+001 1.55709041e+001 1.19666031e+001 8.75185621e+001 4.08810661e+001 1.01443821e+003 1.00924822e+003 4.15471893e+000 5.07190355e-001 1.89827085e+001 0.00000000e+000 0.00000000e+000 1.00000000e+000 0.00000000e+000
 1.00000000e+000 2.63364372e+001 1.54984712e+001 1.41731049e+001 1.03647700e+001 8.54232648e+001 3.64098456e+001 1.01510387e+003 1.01020905e+003 4.08851611e+000 5.90831398e-001 1.79123482e+001 0.00000000e+000 0.00000000e+000 1.00000000e+000 0.00000000e+000
 1.00000000e+000 2.53439676e+001 1.25202120e+001 9.66939814e+000 5.90197201e+000 7.68772648e+001 2.90724930e+001 1.01527394e+003 1.01055248e+003 3.36821785e+000 -6.24219048e-001 1.92689582e+001 0.00000000e+000 0.00000000e+000 1.00000000e+000 0.00000000e+000
 1.00000000e+000 2.95710176e+001 1.24485444e+001 1.08018802e+001 -3.22951106e-001 7.34657803e+001 2.23885090e+001 1.01635115e+003 1.01320087e+003 3.84969719e+000 1.44432900e-001 2.22521151e+001 0.00000000e+000 0.00000000e+000 1.00000000e+000 0.00000000e+000
 1.00000000e+000 2.63481531e+001 1.18967429e+001 9.91034588e+000 3.64775341e+000 7.56075751e+001 2.62155924e+001 1.01666637e+003 1.01189399e+003 4.32419665e+000 5.99991489e-001 2.01681332e+001 0.00000000e+000 0.00000000e+000 0.00000000e+000 1.00000000e+000
 1.00000000e+000 2.83565623e+001 1.32435979e+001 1.13232425e+001 3.05194677e+000 7.36977714e+001 2.46630020e+001 1.01636890e+003 1.01285499e+003 3.94477010e+000 8.28057012e-001 2.10608741e+001 0.00000000e+000 0.00000000e+000 1.00000000e+000 0.00000000e+000
 1.00000000e+000 3.12001170e+001 1.75726916e+001 1.61122324e+001 7.42747019e+000 7.66595997e+001 2.83147607e+001 1.01156660e+003 1.00776690e+003 4.34484822e+000 1.34122559e+000 2.00094395e+001 0.00000000e+000 0.00000000e+000 1.00000000e+000 0.00000000e+000
 1.00000000e+000 3.14039478e+001 1.76852576e+001 1.78755465e+001 7.49224186e+000 8.29478511e+001 3.10562732e+001 1.01241682e+003 1.00912855e+003 4.16933105e+000 8.71541548e-001 1.90521968e+001 0.00000000e+000 0.00000000e+000 1.00000000e+000 0.00000000e+000
 1.00000000e+000 2.99589864e+001 1.82534970e+001 1.63436943e+001 1.08477281e+001 8.26130146e+001 3.57778624e+001 1.01376581e+003 1.00940155e+003 3.94931625e+000 7.59036812e-001 2.00649881e+001 0.00000000e+000 0.00000000e+000 0.00000000e+000 1.00000000e+000
 1.00000000e+000 2.98881619e+001 1.67029456e+001 1.55488264e+001 7.53777646e+000 7.91570634e+001 3.00664765e+001 1.01113811e+003 1.00674682e+003 4.97973415e+000 1.73007009e+000 2.00265520e+001 0.00000000e+000 0.00000000e+000 1.00000000e+000 0.00000000e+000
 1.00000000e+000 3.15364200e+001 1.77120434e+001 1.50348355e+001 7.16613286e+000 7.73053895e+001 2.94259896e+001 1.01204080e+003 1.00691501e+003 5.43877441e+000 2.38681219e+000 2.19510203e+001 0.00000000e+000 0.00000000e+000 0.00000000e+000 1.00000000e+000
 1.00000000e+000 3.19771916e+001 1.86014705e+001 1.66399458e+001 7.74905422e+000 7.40196531e+001 2.73522486e+001 1.01333318e+003 1.00964759e+003 4.66849158e+000 1.67804137e+000 2.11347601e+001 0.00000000e+000 0.00000000e+000 1.00000000e+000 0.00000000e+000
 1.00000000e+000 3.10034310e+001 2.04090390e+001 1.84062864e+001 1.28149676e+001 8.23509168e+001 3.77281026e+001 1.01480795e+003 1.01030008e+003 4.39768098e+000 1.22086908e+000 2.00353822e+001 0.00000000e+000 0.00000000e+000 1.00000000e+000 0.00000000e+000
 1.00000000e+000 2.99351359e+001 1.96581754e+001 1.86035738e+001 1.32195044e+001 8.52040447e+001 3.93001546e+001 1.01370070e+003 1.00927279e+003 4.18992175e+000 9.89794269e-001 1.86460118e+001 0.00000000e+000 0.00000000e+000 0.00000000e+000 1.00000000e+000
 1.00000000e+000 2.85229362e+001 1.66275184e+001 1.63772203e+001 9.79750019e+000 8.28517730e+001 3.45113907e+001 1.01459983e+003 1.01037497e+003 5.01443729e+000 2.49018593e+000 1.95191764e+001 0.00000000e+000 0.00000000e+000 0.00000000e+000 1.00000000e+000
 1.00000000e+000 2.97004842e+001 1.62666598e+001 1.39928340e+001 7.45717731e+000 7.79914977e+001 3.10660320e+001 1.01667830e+003 1.01249618e+003 4.31864897e+000 1.46481859e+000 2.20324490e+001 0.00000000e+000 0.00000000e+000 0.00000000e+000 1.00000000e+000
 1.00000000e+000 3.03372716e+001 1.66377805e+001 1.45612697e+001 7.50461106e+000 7.95098076e+001 3.10419149e+001 1.01518278e+003 1.01072380e+003 4.35900632e+000 1.24313941e+000 2.14412299e+001 0.00000000e+000 0.00000000e+000 0.00000000e+000 1.00000000e+000
 1.00000000e+000 3.07618926e+001 1.91898453e+001 1.50932951e+001 1.10341773e+001 7.60388203e+001 3.21198151e+001 1.01526724e+003 1.01050376e+003 3.86424433e+000 7.99348748e-001 2.10898285e+001 0.00000000e+000 0.00000000e+000 1.00000000e+000 0.00000000e+000
 1.00000000e+000 2.79976613e+001 1.63871120e+001 1.44708451e+001 1.02585892e+001 8.38654592e+001 3.78477983e+001 1.01515694e+003 1.01018965e+003 4.27359721e+000 1.49171031e+000 2.01618635e+001 0.00000000e+000 0.00000000e+000 0.00000000e+000 1.00000000e+000
 1.00000000e+000 2.93185687e+001 1.49535797e+001 1.37883878e+001 6.47502133e+000 7.89164973e+001 3.02583187e+001 1.01547249e+003 1.01130186e+003 4.27227988e+000 1.88986097e+000 2.07440111e+001 0.00000000e+000 0.00000000e+000 0.00000000e+000 1.00000000e+000
 1.00000000e+000 3.02656337e+001 1.58157480e+001 1.40375568e+001 6.18294479e+000 7.57222972e+001 2.85297109e+001 1.01242894e+003 1.00846555e+003 4.56266491e+000 2.23791839e+000 2.21662784e+001 0.00000000e+000 0.00000000e+000 0.00000000e+000 1.00000000e+000
 1.00000000e+000 3.22584091e+001 1.86013009e+001 1.47890370e+001 7.62246106e+000 7.26727046e+001 2.75635934e+001 1.01191190e+003 1.00723659e+003 4.54108562e+000 1.59509668e+000 2.18019708e+001 0.00000000e+000 0.00000000e+000 1.00000000e+000 0.00000000e+000
 1.00000000e+000 3.38614895e+001 1.92727460e+001 1.55309980e+001 6.01973933e+000 6.90804787e+001 2.45232623e+001 1.00972436e+003 1.00620997e+003 4.63945064e+000 2.18372175e+000 2.36648519e+001 0.00000000e+000 0.00000000e+000 0.00000000e+000 1.00000000e+000
 1.00000000e+000 3.54980345e+001 2.01158434e+001 1.59165768e+001 5.23345246e+000 6.35793116e+001 2.20634208e+001 1.00741350e+003 1.00399463e+003 5.33831096e+000 3.96213636e+000 2.52747665e+001 0.00000000e+000 0.00000000e+000 1.00000000e+000 0.00000000e+000
 1.00000000e+000 3.27291999e+001 2.14058079e+001 1.67707199e+001 1.00405895e+001 6.81441984e+001 2.79223083e+001 1.00630759e+003 1.00225181e+003 4.90050341e+000 2.27829528e+000 2.18195106e+001 0.00000000e+000 0.00000000e+000 0.00000000e+000 1.00000000e+000
 1.00000000e+000 3.22480813e+001 1.96901767e+001 1.47373391e+001 8.91583128e+000 7.05561293e+001 2.74816440e+001 1.00935128e+003 1.00504046e+003 3.73168383e+000 4.79592002e-001 2.15978894e+001 0.00000000e+000 0.00000000e+000 0.00000000e+000 1.00000000e+000
 1.00000000e+000 3.25504475e+001 1.82923494e+001 1.57974054e+001 7.01245201e+000 7.41032476e+001 2.81200023e+001 1.00998427e+003 1.00598511e+003 5.01949062e+000 2.78514896e+000 2.32433649e+001 0.00000000e+000 0.00000000e+000 0.00000000e+000 1.00000000e+000
 1.00000000e+000 3.18898920e+001 1.81073231e+001 1.61150428e+001 6.53696107e+000 7.09344414e+001 2.46973419e+001 1.00959243e+003 1.00678020e+003 3.89534548e+000 6.41996276e-001 2.11729910e+001 0.00000000e+000 0.00000000e+000 0.00000000e+000 1.00000000e+000
 1.00000000e+000 3.25284434e+001 1.86950292e+001 1.63078153e+001 7.06404548e+000 7.39529276e+001 2.71232417e+001 1.01169464e+003 1.00849584e+003 4.40749340e+000 2.10282943e+000 2.18166928e+001 0.00000000e+000 0.00000000e+000 1.00000000e+000 0.00000000e+000
 1.00000000e+000 3.13122414e+001 1.75861817e+001 1.42039885e+001 6.50709383e+000 7.31396400e+001 2.70078609e+001 1.01196936e+003 1.00779804e+003 4.32432554e+000 1.10606009e+000 2.15741721e+001 0.00000000e+000 0.00000000e+000 0.00000000e+000 1.00000000e+000
 1.00000000e+000 3.24116077e+001 1.81939492e+001 1.46501195e+001 5.60521208e+000 6.97324807e+001 2.44436043e+001 1.01086801e+003 1.00716679e+003 4.57645529e+000 1.89405183e+000 2.21365161e+001 0.00000000e+000 0.00000000e+000 0.00000000e+000 1.00000000e+000
 1.00000000e+000 3.28792434e+001 1.89520063e+001 1.42809817e+001 7.14213387e+000 6.67505992e+001 2.48032352e+001 1.01118228e+003 1.00672473e+003 5.02338572e+000 2.94823908e+000 2.37259127e+001 0.00000000e+000 0.00000000e+000 0.00000000e+000 1.00000000e+000
 1.00000000e+000 3.33039061e+001 1.96464830e+001 1.57041068e+001 7.89249124e+000 7.07721583e+001 2.60944053e+001 1.01029530e+003 1.00644304e+003 3.96110017e+000 8.54888329e-001 2.23989878e+001 0.00000000e+000 0.00000000e+000 1.00000000e+000 0.00000000e+000
 1.00000000e+000 3.37603932e+001 2.03492913e+001 1.47409942e+001 6.91283559e+000 6.56554638e+001 2.35337870e+001 1.00796331e+003 1.00384761e+003 4.96001860e+000 2.00937090e+000 2.44467244e+001 0.00000000e+000 0.00000000e+000 0.00000000e+000 1.00000000e+000
 1.00000000e+000 3.39659612e+001 2.09501422e+001 1.51428824e+001 7.78704515e+000 6.47484708e+001 2.38008425e+001 1.00872746e+003 1.00439167e+003 4.99312647e+000 2.54272385e+000 2.32953762e+001 1.00000000e+000 0.00000000e+000 0.00000000e+000 0.00000000e+000
 1.00000000e+000 3.38797130e+001 1.95682850e+001 1.48286210e+001 5.73018755e+000 6.52226144e+001 2.23308704e+001 1.00952079e+003 1.00594309e+003 4.48882820e+000 2.29878331e+000 2.24766877e+001 1.00000000e+000 0.00000000e+000 0.00000000e+000 0.00000000e+000
 1.00000000e+000 3.51994021e+001 2.28748242e+001 1.57149849e+001 9.24445500e+000 6.16818940e+001 2.37693734e+001 1.00852539e+003 1.00534683e+003 3.27540531e+000 7.19891423e-001 2.36504058e+001 0.00000000e+000 0.00000000e+000 1.00000000e+000 0.00000000e+000
 1.00000000e+000 3.09801888e+001 1.82995000e+001 1.53249401e+001 8.81658126e+000 7.40463094e+001 3.00420426e+001 1.01162753e+003 1.00843892e+003 3.48477002e+000 1.14894632e+000 2.15622926e+001 0.00000000e+000 0.00000000e+000 1.00000000e+000 0.00000000e+000
 1.00000000e+000 3.36493341e+001 2.04809523e+001 1.58964296e+001 8.42977064e+000 6.72078368e+001 2.58118135e+001 1.01048829e+003 1.00727915e+003 3.82346091e+000 1.55987093e+000 2.30902317e+001 0.00000000e+000 0.00000000e+000 0.00000000e+000 1.00000000e+000
 1.00000000e+000 2.76761994e+001 1.68961771e+001 1.53837165e+001 1.05051949e+001 8.16656225e+001 3.74102521e+001 1.01274218e+003 1.00977794e+003 2.96317834e+000 2.84314164e-001 1.95887535e+001 0.00000000e+000 0.00000000e+000 0.00000000e+000 1.00000000e+000
 1.00000000e+000 2.97331296e+001 1.76963100e+001 1.51865235e+001 9.95448686e+000 7.92479116e+001 3.52227918e+001 1.01166932e+003 1.00715669e+003 4.41504248e+000 1.90497282e+000 2.16539042e+001 0.00000000e+000 0.00000000e+000 0.00000000e+000 1.00000000e+000
 1.00000000e+000 2.80336314e+001 1.66036253e+001 1.65734048e+001 1.13624359e+001 8.54792082e+001 4.01462080e+001 1.01589198e+003 1.01348754e+003 2.19993424e+000 8.31519818e-003 1.94879505e+001 0.00000000e+000 0.00000000e+000 0.00000000e+000 1.00000000e+000
 1.00000000e+000 2.83439579e+001 1.61322956e+001 1.50142052e+001 1.02321818e+001 8.34066304e+001 3.57346167e+001 1.01904336e+003 1.01452258e+003 3.62270900e+000 4.27734063e-001 1.95316702e+001 0.00000000e+000 0.00000000e+000 0.00000000e+000 1.00000000e+000
 1.00000000e+000 3.08842886e+001 1.75597570e+001 1.46454664e+001 8.63881450e+000 7.87684614e+001 3.18035190e+001 1.01641306e+003 1.01104147e+003 4.71123054e+000 1.64875019e+000 2.13324629e+001 0.00000000e+000 1.00000000e+000 0.00000000e+000 0.00000000e+000
 1.00000000e+000 3.32803057e+001 2.00107187e+001 1.51281918e+001 9.24870614e+000 7.08702688e+001 2.92830277e+001 1.01359102e+003 1.00852305e+003 5.05292902e+000 2.58607777e+000 2.46795409e+001 0.00000000e+000 0.00000000e+000 0.00000000e+000 1.00000000e+000
 1.00000000e+000 3.35819224e+001 2.04487034e+001 1.62654801e+001 9.61199791e+000 7.39454381e+001 3.00436773e+001 1.01209448e+003 1.00707476e+003 4.90661432e+000 1.95922971e+000 2.34053627e+001 1.00000000e+000 0.00000000e+000 0.00000000e+000 0.00000000e+000
 1.00000000e+000 3.41189313e+001 2.08674712e+001 1.73734325e+001 9.71577065e+000 7.21403415e+001 2.79120208e+001 1.01234749e+003 1.00921033e+003 3.15272508e+000 9.00941737e-002 2.24721015e+001 1.00000000e+000 0.00000000e+000 0.00000000e+000 0.00000000e+000
 1.00000000e+000 3.47521408e+001 2.29871020e+001 1.88523150e+001 1.23861092e+001 7.32112435e+001 3.14079068e+001 1.00851380e+003 1.00510779e+003 3.10597644e+000 1.68217018e-001 2.19895931e+001 0.00000000e+000 0.00000000e+000 0.00000000e+000 0.00000000e+000
 1.00000000e+000 3.52048222e+001 2.42566611e+001 1.76744461e+001 1.31461290e+001 6.82136027e+001 2.95856619e+001 1.00916345e+003 1.00422472e+003 4.64342248e+000 1.43000504e+000 2.46270732e+001 0.00000000e+000 0.00000000e+000 0.00000000e+000 1.00000000e+000
 1.00000000e+000 3.57544623e+001 2.42808704e+001 2.06308569e+001 1.22925295e+001 7.13441546e+001 2.89596649e+001 1.00776067e+003 1.00485757e+003 4.06827039e+000 1.69761192e+000 2.18047984e+001 0.00000000e+000 0.00000000e+000 0.00000000e+000 1.00000000e+000
 1.00000000e+000 3.76178013e+001 2.40013578e+001 1.86676028e+001 9.85641341e+000 6.55244624e+001 2.56234652e+001 1.00730113e+003 1.00330324e+003 4.93885216e+000 2.85120995e+000 2.54134786e+001 0.00000000e+000 0.00000000e+000 0.00000000e+000 1.00000000e+000
 1.00000000e+000 3.77181791e+001 2.53773197e+001 1.72209655e+001 1.07300224e+001 5.99512204e+001 2.32138409e+001 1.00727869e+003 1.00265710e+003 4.58245768e+000 2.21658581e+000 2.42497018e+001 0.00000000e+000 0.00000000e+000 0.00000000e+000 1.00000000e+000
 1.00000000e+000 3.59004852e+001 2.40861787e+001 1.81468403e+001 1.10236515e+001 6.48486687e+001 2.60831272e+001 1.00857773e+003 1.00544562e+003 4.17794052e+000 2.04675820e+000 2.43053337e+001 0.00000000e+000 0.00000000e+000 0.00000000e+000 1.00000000e+000
 1.00000000e+000 3.35628575e+001 2.11595058e+001 1.58365225e+001 1.04373970e+001 7.01106269e+001 2.75194773e+001 1.01134545e+003 1.00783237e+003 2.36989558e+000 -8.82493524e-001 2.15098876e+001 0.00000000e+000 0.00000000e+000 0.00000000e+000 1.00000000e+000
 1.00000000e+000 3.54383720e+001 2.09714971e+001 1.60705866e+001 6.98599083e+000 6.53772260e+001 2.38935014e+001 1.00837767e+003 1.00471495e+003 4.66669285e+000 2.43073590e+000 2.52108471e+001 0.00000000e+000 0.00000000e+000 0.00000000e+000 1.00000000e+000
 1.00000000e+000 3.70266914e+001 2.27464201e+001 1.66192968e+001 7.44641255e+000 5.95394098e+001 2.13200495e+001 1.00894394e+003 1.00514961e+003 5.07435522e+000 3.30212785e+000 2.57822787e+001 0.00000000e+000 0.00000000e+000 0.00000000e+000 1.00000000e+000
 1.00000000e+000 3.74950362e+001 2.25500105e+001 1.50005992e+001 5.08920026e+000 5.63534821e+001 1.78767783e+001 1.00897334e+003 1.00487177e+003 5.28023031e+000 2.93206410e+000 2.59738548e+001 0.00000000e+000 0.00000000e+000 0.00000000e+000 1.00000000e+000
 1.00000000e+000 3.79595450e+001 2.38786838e+001 1.70614765e+001 7.23185639e+000 5.96284629e+001 2.04169663e+001 1.00770420e+003 1.00395589e+003 4.75410169e+000 1.99923762e+000 2.52872816e+001 0.00000000e+000 0.00000000e+000 0.00000000e+000 1.00000000e+000
 1.00000000e+000 3.92428862e+001 2.53320556e+001 1.74882655e+001 7.83413910e+000 5.73727922e+001 2.01080820e+001 1.00880787e+003 1.00487126e+003 4.96230878e+000 2.37904365e+000 2.62657594e+001 0.00000000e+000 0.00000000e+000 0.00000000e+000 1.00000000e+000
 1.00000000e+000 3.99782158e+001 2.48402791e+001 1.66320369e+001 6.30840278e+000 5.42100955e+001 1.83524181e+001 1.01058208e+003 1.00681818e+003 5.08011052e+000 3.44370618e+000 2.75085967e+001 0.00000000e+000 0.00000000e+000 0.00000000e+000 1.00000000e+000
 1.00000000e+000 3.84772714e+001 2.39313958e+001 1.59697159e+001 5.94393808e+000 5.40379651e+001 1.73080786e+001 1.00950893e+003 1.00586207e+003 5.51558365e+000 3.52171289e+000 2.75217779e+001 0.00000000e+000 0.00000000e+000 0.00000000e+000 1.00000000e+000
 1.00000000e+000 4.00798922e+001 2.58507266e+001 1.68435736e+001 7.01765263e+000 5.35764734e+001 1.82974807e+001 1.00976905e+003 1.00618120e+003 4.80554494e+000 2.87769172e+000 2.69628358e+001 0.00000000e+000 0.00000000e+000 0.00000000e+000 1.00000000e+000
 1.00000000e+000 4.01314336e+001 2.62689919e+001 1.69811985e+001 7.78847305e+000 5.28343213e+001 1.83582377e+001 1.00838424e+003 1.00493107e+003 4.73594274e+000 3.09208791e+000 2.72468486e+001 0.00000000e+000 0.00000000e+000 0.00000000e+000 1.00000000e+000
 1.00000000e+000 3.90219743e+001 2.47040668e+001 1.67765733e+001 6.40554429e+000 5.50905949e+001 1.84727908e+001 1.00407529e+003 1.00027023e+003 5.59071531e+000 3.63399690e+000 2.69281643e+001 0.00000000e+000 0.00000000e+000 0.00000000e+000 1.00000000e+000
 1.00000000e+000 3.88710334e+001 2.39534916e+001 1.56718493e+001 5.10506515e+000 5.33317527e+001 1.68361344e+001 1.00410841e+003 1.00025782e+003 5.53839782e+000 3.47568595e+000 2.72754591e+001 0.00000000e+000 0.00000000e+000 0.00000000e+000 1.00000000e+000
 1.00000000e+000 3.88812102e+001 2.45924725e+001 1.65093084e+001 6.24391660e+000 5.50366099e+001 1.76442740e+001 1.00464888e+003 1.00139862e+003 4.29021168e+000 1.99542949e+000 2.48425450e+001 0.00000000e+000 0.00000000e+000 0.00000000e+000 1.00000000e+000
 1.00000000e+000 3.99092694e+001 2.41476314e+001 1.61291831e+001 4.07119932e+000 5.18606408e+001 1.53815537e+001 1.00585663e+003 1.00263354e+003 5.28480162e+000 3.63198880e+000 2.72510434e+001 0.00000000e+000 0.00000000e+000 0.00000000e+000 1.00000000e+000
 1.00000000e+000 4.09579192e+001 2.61187707e+001 1.69600794e+001 5.98875000e+000 4.98782918e+001 1.56642775e+001 1.00433382e+003 1.00132921e+003 4.66017388e+000 3.07679784e+000 2.72509386e+001 0.00000000e+000 0.00000000e+000 0.00000000e+000 1.00000000e+000
 1.00000000e+000 3.88865621e+001 2.54201396e+001 1.57922876e+001 7.23315565e+000 5.27021614e+001 1.74744934e+001 1.00192623e+003 9.97939370e+002 5.09466469e+000 2.93016044e+000 2.64751615e+001 0.00000000e+000 0.00000000e+000 0.00000000e+000 1.00000000e+000
 1.00000000e+000 4.02989371e+001 2.54513472e+001 1.73175300e+001 5.04451013e+000 5.09351700e+001 1.49994740e+001 9.99937558e+002 9.96789860e+002 5.52549414e+000 3.39154014e+000 2.70868128e+001 0.00000000e+000 0.00000000e+000 0.00000000e+000 1.00000000e+000
 1.00000000e+000 4.28844184e+001 2.82781136e+001 1.67440142e+001 5.80848215e+000 4.71444430e+001 1.47034219e+001 1.00304950e+003 9.99231260e+002 5.62466237e+000 3.85597383e+000 2.94690441e+001 0.00000000e+000 0.00000000e+000 0.00000000e+000 1.00000000e+000
 1.00000000e+000 3.54360387e+001 2.32280278e+001 1.54292202e+001 9.05418042e+000 5.91026801e+001 2.22856893e+001 1.00515315e+003 1.00125431e+003 5.21136247e+000 3.13916235e+000 2.65833119e+001 0.00000000e+000 0.00000000e+000 0.00000000e+000 0.00000000e+000
 1.00000000e+000 3.80532618e+001 2.43311237e+001 1.59592820e+001 8.16612900e+000 5.72658441e+001 2.09001781e+001 1.00629523e+003 1.00232681e+003 4.61828408e+000 2.41242306e+000 2.69380782e+001 1.00000000e+000 0.00000000e+000 0.00000000e+000 0.00000000e+000
 1.00000000e+000 3.82342799e+001 2.54191240e+001 1.63199165e+001 1.00001302e+001 5.83952920e+001 2.21566825e+001 1.00820265e+003 1.00397927e+003 3.70976260e+000 1.33428606e+000 2.46780366e+001 0.00000000e+000 0.00000000e+000 0.00000000e+000 1.00000000e+000
 1.00000000e+000 3.92550994e+001 2.50774000e+001 1.58604801e+001 6.24499691e+000 5.33680149e+001 1.81463608e+001 1.00719693e+003 1.00356116e+003 5.45260990e+000 3.65542917e+000 2.84920867e+001 0.00000000e+000 0.00000000e+000 0.00000000e+000 1.00000000e+000
 1.00000000e+000 3.75242493e+001 2.47731612e+001 1.64180843e+001 9.69513991e+000 5.92627081e+001 2.22802631e+001 1.00876746e+003 1.00522269e+003 3.46403903e+000 9.25951683e-001 2.48709912e+001 0.00000000e+000 0.00000000e+000 0.00000000e+000 1.00000000e+000
 1.00000000e+000 3.69228371e+001 2.40554299e+001 1.56605275e+001 9.81115893e+000 6.15110741e+001 2.40474085e+001 1.00773141e+003 1.00279196e+003 4.52291066e+000 1.99637248e+000 2.52807817e+001 0.00000000e+000 0.00000000e+000 0.00000000e+000 1.00000000e+000
 1.00000000e+000 3.67616708e+001 2.32722606e+001 1.57509452e+001 8.53012417e+000 5.96715779e+001 2.20007101e+001 1.00683030e+003 1.00308122e+003 4.17082796e+000 2.16734415e+000 2.53207933e+001 1.00000000e+000 0.00000000e+000 0.00000000e+000 0.00000000e+000
 1.00000000e+000 3.82524104e+001 2.49920776e+001 1.75121773e+001 9.43293687e+000 5.85351148e+001 2.12533930e+001 1.00541538e+003 1.00216595e+003 3.69836449e+000 1.30864277e+000 2.50247112e+001 0.00000000e+000 0.00000000e+000 0.00000000e+000 1.00000000e+000
 1.00000000e+000 3.79027852e+001 2.55010006e+001 1.70430885e+001 1.06877404e+001 5.99660038e+001 2.30647272e+001 1.00794916e+003 1.00381148e+003 3.60185153e+000 7.21002042e-001 2.41178732e+001 0.00000000e+000 0.00000000e+000 0.00000000e+000 1.00000000e+000
 1.00000000e+000 3.28646248e+001 2.12122050e+001 1.71532526e+001 1.06170875e+001 6.78869197e+001 2.76342177e+001 1.00967812e+003 1.00704686e+003 4.24904744e+000 2.80601393e+000 2.32852512e+001 0.00000000e+000 0.00000000e+000 0.00000000e+000 1.00000000e+000
 1.00000000e+000 3.64403413e+001 2.48910998e+001 1.96793153e+001 1.32420055e+001 6.86641538e+001 2.90974857e+001 1.00564046e+003 1.00141509e+003 4.30194809e+000 1.90184469e+000 2.25986625e+001 0.00000000e+000 0.00000000e+000 0.00000000e+000 1.00000000e+000
 1.00000000e+000 3.91571714e+001 2.83855354e+001 1.95807371e+001 1.38266459e+001 6.03586010e+001 2.52179612e+001 1.00506550e+003 1.00072075e+003 4.44545848e+000 2.06458819e+000 2.44665415e+001 0.00000000e+000 0.00000000e+000 0.00000000e+000 1.00000000e+000
 1.00000000e+000 3.88508696e+001 2.60960142e+001 1.99313954e+001 1.04782293e+001 5.97393288e+001 2.25035661e+001 1.00125343e+003 9.98404449e+002 4.48665202e+000 2.21573492e+000 2.55102115e+001 0.00000000e+000 0.00000000e+000 0.00000000e+000 1.00000000e+000
 1.00000000e+000 3.60684676e+001 2.63950392e+001 1.99799029e+001 1.35231510e+001 6.18529939e+001 2.67122447e+001 1.00013807e+003 9.96944342e+002 4.43221134e+000 2.07099969e+000 2.27769783e+001 0.00000000e+000 0.00000000e+000 0.00000000e+000 1.00000000e+000
 1.00000000e+000 3.20823846e+001 2.15133141e+001 1.97176752e+001 1.34689167e+001 7.65667616e+001 3.56837112e+001 1.00629786e+003 1.00418702e+003 3.02645643e+000 1.07357904e+000 2.15964020e+001 0.00000000e+000 0.00000000e+000 0.00000000e+000 1.00000000e+000
 1.00000000e+000 3.04390606e+001 2.06877726e+001 1.91149031e+001 1.43517364e+001 8.08345163e+001 4.15316951e+001 1.00731822e+003 1.00388078e+003 3.89280169e+000 1.96164605e+000 2.14010332e+001 0.00000000e+000 0.00000000e+000 0.00000000e+000 1.00000000e+000
 1.00000000e+000 2.80542643e+001 1.82048335e+001 1.85015760e+001 1.36769504e+001 8.85620009e+001 4.62411611e+001 1.00569661e+003 1.00126680e+003 4.91474146e+000 2.26535078e+000 2.16247812e+001 0.00000000e+000 0.00000000e+000 0.00000000e+000 1.00000000e+000
 1.00000000e+000 3.13092335e+001 2.17437986e+001 2.07698640e+001 1.46627185e+001 8.15162072e+001 4.47320046e+001 1.00649949e+003 1.00363160e+003 4.11525383e+000 2.64714949e+000 2.24920921e+001 0.00000000e+000 0.00000000e+000 0.00000000e+000 1.00000000e+000
 1.00000000e+000 3.28904216e+001 2.21503274e+001 2.10390367e+001 1.42291611e+001 8.20761229e+001 4.14958399e+001 1.00691834e+003 1.00335784e+003 4.11680119e+000 1.87229960e+000 2.19810179e+001 0.00000000e+000 0.00000000e+000 0.00000000e+000 1.00000000e+000
 1.00000000e+000 3.37441043e+001 2.40971411e+001 2.07235985e+001 1.65571249e+001 7.84355090e+001 3.85463879e+001 1.00697754e+003 1.00323760e+003 2.73025014e+000 -2.71334526e-001 2.07505465e+001 1.00000000e+000 0.00000000e+000 0.00000000e+000 0.00000000e+000
 1.00000000e+000 3.57040175e+001 2.52489502e+001 2.11996987e+001 1.52117099e+001 7.60820779e+001 3.70618802e+001 1.00565660e+003 1.00087031e+003 4.73244558e+000 2.04352068e+000 2.28344056e+001 1.00000000e+000 0.00000000e+000 0.00000000e+000 0.00000000e+000
 1.00000000e+000 3.32309495e+001 2.05398435e+001 1.81933695e+001 1.08182251e+001 7.15354222e+001 3.31260803e+001 1.00887066e+003 1.00555304e+003 5.41082646e+000 4.47060274e+000 2.65246618e+001 1.00000000e+000 0.00000000e+000 0.00000000e+000 0.00000000e+000
 1.00000000e+000 3.59842526e+001 2.46465494e+001 2.09659663e+001 1.35360765e+001 7.35351133e+001 3.35843866e+001 1.00698139e+003 1.00341386e+003 4.39231436e+000 2.28757074e+000 2.33047893e+001 0.00000000e+000 0.00000000e+000 0.00000000e+000 1.00000000e+000
 1.00000000e+000 3.50666893e+001 2.43839934e+001 1.93544937e+001 1.43037025e+001 7.29597744e+001 3.20432033e+001 1.00475686e+003 1.00058661e+003 3.22851045e+000 1.89373184e-001 2.07722879e+001 0.00000000e+000 0.00000000e+000 0.00000000e+000 1.00000000e+000
 1.00000000e+000 3.77287790e+001 2.57740837e+001 1.98619215e+001 1.23966733e+001 6.55177393e+001 2.93067389e+001 1.00440672e+003 9.99832655e+002 5.39041379e+000 3.31887985e+000 2.55429197e+001 0.00000000e+000 0.00000000e+000 0.00000000e+000 1.00000000e+000
 1.00000000e+000 3.64843104e+001 2.50823929e+001 1.92581454e+001 1.42768722e+001 6.84680661e+001 3.11959877e+001 1.00538926e+003 1.00059477e+003 4.12548025e+000 1.71933687e+000 2.36124250e+001 1.00000000e+000 0.00000000e+000 0.00000000e+000 0.00000000e+000
 1.00000000e+000 3.74994156e+001 2.53264507e+001 2.03389853e+001 1.13410657e+001 6.55160181e+001 2.95246981e+001 1.00254628e+003 9.98472834e+002 6.00894312e+000 4.15647070e+000 2.63891711e+001 1.00000000e+000 0.00000000e+000 0.00000000e+000 0.00000000e+000
 1.00000000e+000 3.58654163e+001 2.48742251e+001 2.02021285e+001 1.46052403e+001 7.07715006e+001 3.22128333e+001 1.00501746e+003 1.00108295e+003 3.60301798e+000 1.38839069e+000 2.19399352e+001 1.00000000e+000 0.00000000e+000 0.00000000e+000 0.00000000e+000
 1.00000000e+000 3.67110786e+001 2.50696700e+001 2.20102274e+001 1.23120568e+001 7.19818159e+001 3.25542655e+001 1.00423114e+003 1.00131595e+003 4.46476095e+000 2.54547282e+000 2.24681334e+001 1.00000000e+000 0.00000000e+000 0.00000000e+000 0.00000000e+000
 1.00000000e+000 3.51441479e+001 2.62041430e+001 2.09712667e+001 1.77614915e+001 7.33874322e+001 3.91971211e+001 1.00660112e+003 1.00147747e+003 4.43965727e+000 2.30736200e+000 2.27452900e+001 0.00000000e+000 0.00000000e+000 0.00000000e+000 1.00000000e+000
 1.00000000e+000 3.76542717e+001 2.69961161e+001 2.19114871e+001 1.70053534e+001 7.15831751e+001 3.50611464e+001 1.00659410e+003 1.00255496e+003 3.24160401e+000 1.14131846e+000 2.30835033e+001 0.00000000e+000 0.00000000e+000 0.00000000e+000 1.00000000e+000
 1.00000000e+000 3.62047264e+001 2.62291837e+001 2.17875397e+001 1.76302336e+001 7.35209895e+001 3.69732540e+001 1.00506139e+003 1.00187844e+003 2.89732494e+000 1.56901850e+000 2.30790196e+001 0.00000000e+000 0.00000000e+000 0.00000000e+000 1.00000000e+000
 1.00000000e+000 3.80916083e+001 2.70344355e+001 2.24633646e+001 1.66024030e+001 7.15722622e+001 3.43253489e+001 1.00108928e+003 9.96770412e+002 4.22776330e+000 2.63335988e+000 2.35706023e+001 1.00000000e+000 0.00000000e+000 0.00000000e+000 0.00000000e+000
 1.00000000e+000 3.45223319e+001 2.48472054e+001 2.15578869e+001 1.70251514e+001 7.71809042e+001 4.19155556e+001 1.00304387e+003 9.99416128e+002 3.90192838e+000 2.66780173e+000 2.38065425e+001 0.00000000e+000 0.00000000e+000 1.00000000e+000 1.00000000e+000
 1.00000000e+000 3.54484049e+001 2.57874365e+001 2.28259553e+001 1.78999690e+001 7.71281909e+001 4.16705000e+001 1.00525602e+003 1.00211358e+003 3.04930288e+000 1.55782983e+000 2.26686640e+001 0.00000000e+000 0.00000000e+000 0.00000000e+000 1.00000000e+000
 1.00000000e+000 3.50800049e+001 2.59381081e+001 2.24719460e+001 1.82340456e+001 7.81516765e+001 4.34095685e+001 1.00450249e+003 9.99997580e+002 4.27981664e+000 2.45765358e+000 2.31583146e+001 0.00000000e+000 0.00000000e+000 0.00000000e+000 1.00000000e+000
 1.00000000e+000 3.51824392e+001 2.63226159e+001 2.32044087e+001 1.80575731e+001 7.60172848e+001 4.01068481e+001 1.00427215e+003 1.00129828e+003 2.98492628e+000 6.24496407e-001 2.16591800e+001 0.00000000e+000 0.00000000e+000 0.00000000e+000 1.00000000e+000
 1.00000000e+000 3.55838124e+001 2.71925802e+001 2.33106987e+001 1.86612373e+001 7.52734953e+001 4.06031281e+001 1.00296066e+003 9.99314062e+002 3.82361616e+000 1.95112869e+000 2.18840435e+001 0.00000000e+000 1.00000000e+000 0.00000000e+000 0.00000000e+000
 1.00000000e+000 3.63282793e+001 2.76024273e+001 2.30948133e+001 1.93225028e+001 7.55484127e+001 4.24879764e+001 1.00227240e+003 9.97905528e+002 4.29176584e+000 2.98903038e+000 2.37950481e+001 0.00000000e+000 0.00000000e+000 0.00000000e+000 1.00000000e+000
 1.00000000e+000 3.44692044e+001 2.55263011e+001 2.26654827e+001 1.77730518e+001 7.99472470e+001 4.62382574e+001 9.99777722e+002 9.94622263e+002 5.94042904e+000 4.82524804e+000 2.40978227e+001 0.00000000e+000 0.00000000e+000 0.00000000e+000 1.00000000e+000
 1.00000000e+000 3.53408846e+001 2.63132351e+001 2.31041264e+001 1.82994683e+001 7.91175479e+001 4.19033888e+001 9.97626209e+002 9.93458599e+002 3.85652798e+000 1.37364996e+000 2.20370180e+001 1.00000000e+000 0.00000000e+000 0.00000000e+000 0.00000000e+000
 1.00000000e+000 3.24190471e+001 2.52980363e+001 2.42873780e+001 1.94599537e+001 8.36078927e+001 4.93430430e+001 9.97513740e+002 9.94106834e+002 4.41326774e+000 3.19005954e+000 2.05587761e+001 0.00000000e+000 0.00000000e+000 0.00000000e+000 1.00000000e+000
 1.00000000e+000 3.16317051e+001 2.38698288e+001 2.30610381e+001 1.66757795e+001 8.32599384e+001 5.05755970e+001 9.98560588e+002 9.95426856e+002 5.02358306e+000 4.15985907e+000 2.18473242e+001 0.00000000e+000 1.00000000e+000 0.00000000e+000 0.00000000e+000
 1.00000000e+000 3.43225420e+001 2.59520785e+001 2.32682209e+001 1.78843828e+001 7.87894182e+001 4.46987057e+001 9.97015508e+002 9.92927280e+002 4.69106291e+000 2.93415614e+000 2.20130198e+001 1.00000000e+000 0.00000000e+000 0.00000000e+000 0.00000000e+000
 1.00000000e+000 3.67701805e+001 2.68059238e+001 2.40032650e+001 1.89823080e+001 8.02900015e+001 4.59821111e+001 9.99009480e+002 9.93810939e+002 4.97389033e+000 3.74506073e+000 2.43435599e+001 0.00000000e+000 0.00000000e+000 0.00000000e+000 1.00000000e+000
 1.00000000e+000 3.64158769e+001 2.74286269e+001 2.39272675e+001 2.05678085e+001 7.91417529e+001 4.60324867e+001 1.00115754e+003 9.96070723e+002 4.29880953e+000 2.78562764e+000 2.39116726e+001 0.00000000e+000 0.00000000e+000 0.00000000e+000 1.00000000e+000
 1.00000000e+000 3.46694430e+001 2.40963281e+001 2.19698704e+001 1.53175006e+001 7.58369850e+001 3.98697325e+001 1.00213905e+003 9.98597431e+002 4.74347213e+000 3.96061806e+000 2.33236944e+001 0.00000000e+000 0.00000000e+000 0.00000000e+000 1.00000000e+000
 1.00000000e+000 3.45986705e+001 2.58157200e+001 2.34764783e+001 1.83237170e+001 8.21877537e+001 4.48453783e+001 1.00379358e+003 1.00000193e+003 3.74225580e+000 1.57151892e+000 2.15202544e+001 0.00000000e+000 0.00000000e+000 0.00000000e+000 1.00000000e+000
 1.00000000e+000 3.53305290e+001 2.68899894e+001 2.27905257e+001 1.86642659e+001 7.49227278e+001 4.13251871e+001 1.00322521e+003 9.99023247e+002 4.40619168e+000 2.84824962e+000 2.28446399e+001 0.00000000e+000 0.00000000e+000 0.00000000e+000 1.00000000e+000
 1.00000000e+000 3.54278998e+001 2.69974104e+001 2.21298198e+001 1.85445850e+001 7.48394081e+001 3.87155068e+001 1.00162003e+003 9.96929836e+002 4.45579198e+000 2.15191908e+000 2.21647602e+001 0.00000000e+000 0.00000000e+000 0.00000000e+000 1.00000000e+000
 1.00000000e+000 3.24429602e+001 2.40068176e+001 2.07027511e+001 1.67262838e+001 7.75388243e+001 3.95139052e+001 1.00112751e+003 9.96191798e+002 5.27151988e+000 2.64273199e+000 2.15534612e+001 0.00000000e+000 0.00000000e+000 0.00000000e+000 1.00000000e+000
 1.00000000e+000 3.44000072e+001 2.65241215e+001 2.22269719e+001 1.83955769e+001 7.71364936e+001 4.25730135e+001 1.00331569e+003 9.98445171e+002 5.02404725e+000 2.33562981e+000 2.32790807e+001 0.00000000e+000 0.00000000e+000 0.00000000e+000 1.00000000e+000
 1.00000000e+000 3.60860975e+001 2.73638501e+001 2.28951312e+001 1.83843376e+001 7.63479791e+001 3.89584971e+001 1.00210309e+003 9.97311923e+002 4.41722571e+000 2.00299406e+000 2.10883952e+001 0.00000000e+000 0.00000000e+000 0.00000000e+000 1.00000000e+000
 1.00000000e+000 3.34684493e+001 2.59008089e+001 2.32284679e+001 1.88262008e+001 7.95612437e+001 4.47043751e+001 1.00224123e+003 9.98672491e+002 3.78894547e+000 1.37907185e+000 2.12082712e+001 0.00000000e+000 0.00000000e+000 0.00000000e+000 1.00000000e+000
 1.00000000e+000 3.30028455e+001 2.44567993e+001 2.19823751e+001 1.68716445e+001 7.93937965e+001 4.30784721e+001 1.00270151e+003 9.99071161e+002 4.18593614e+000 2.24195121e+000 2.12868053e+001 0.00000000e+000 0.00000000e+000 0.00000000e+000 1.00000000e+000
 1.00000000e+000 3.33111554e+001 2.34005723e+001 2.08124538e+001 1.42717495e+001 7.71337105e+001 3.94182681e+001 9.99961626e+002 9.95279326e+002 6.91258328e+000 4.03415449e+000 2.76170891e+001 0.00000000e+000 0.00000000e+000 0.00000000e+000 1.00000000e+000
 1.00000000e+000 3.54816762e+001 2.62681796e+001 2.30753801e+001 1.83584639e+001 7.89651820e+001 4.20024752e+001 1.00152555e+003 9.97155193e+002 3.88417724e+000 1.74466564e+000 2.14745391e+001 0.00000000e+000 0.00000000e+000 0.00000000e+000 1.00000000e+000
 1.00000000e+000 3.57195784e+001 2.71172663e+001 2.33971522e+001 1.94946049e+001 8.07243934e+001 4.34504586e+001 1.00208294e+003 9.97143169e+002 3.93808801e+000 1.25052527e+000 2.13302704e+001 1.00000000e+000 0.00000000e+000 0.00000000e+000 0.00000000e+000
 1.00000000e+000 3.67997657e+001 2.74382024e+001 2.42763343e+001 1.86751738e+001 7.89066198e+001 4.06877809e+001 1.00213989e+003 9.98603851e+002 2.97850509e+000 3.82170006e-001 2.12322978e+001 0.00000000e+000 0.00000000e+000 0.00000000e+000 1.00000000e+000
 1.00000000e+000 3.75460282e+001 2.81324739e+001 2.36956396e+001 1.77131429e+001 7.32365125e+001 3.81837640e+001 1.00049463e+003 9.96576935e+002 4.15664252e+000 1.86140559e+000 2.33054566e+001 1.00000000e+000 0.00000000e+000 0.00000000e+000 0.00000000e+000
 1.00000000e+000 3.58912889e+001 2.69662950e+001 2.26712801e+001 1.79017680e+001 7.57771575e+001 3.84588766e+001 9.99996257e+002 9.95323150e+002 4.64661925e+000 1.98133648e+000 2.24227970e+001 0.00000000e+000 0.00000000e+000 0.00000000e+000 1.00000000e+000
 1.00000000e+000 3.42176697e+001 2.73197844e+001 2.34006669e+001 2.10690299e+001 8.06085999e+001 4.39718974e+001 9.99674711e+002 9.94852190e+002 3.98700132e+000 1.00965493e+000 2.08239239e+001 0.00000000e+000 0.00000000e+000 0.00000000e+000 1.00000000e+000
 1.00000000e+000 3.24487370e+001 2.58525436e+001 2.33023002e+001 1.98234826e+001 8.14935295e+001 4.82753211e+001 1.00138406e+003 9.97849107e+002 3.79652143e+000 1.74304950e+000 2.10509530e+001 0.00000000e+000 0.00000000e+000 0.00000000e+000 1.00000000e+000
 1.00000000e+000 3.36275895e+001 2.53105609e+001 2.25957561e+001 1.81335309e+001 8.23744920e+001 4.53911628e+001 1.00043499e+003 9.96076229e+002 4.33464080e+000 2.14354819e+000 2.13835015e+001 0.00000000e+000 0.00000000e+000 0.00000000e+000 1.00000000e+000
 1.00000000e+000 3.45267508e+001 2.62961599e+001 2.32180454e+001 1.84589921e+001 7.94442741e+001 4.45359585e+001 1.00014151e+003 9.95788050e+002 4.61755238e+000 2.87446359e+000 2.16097080e+001 0.00000000e+000 0.00000000e+000 0.00000000e+000 1.00000000e+000
 1.00000000e+000 3.42367291e+001 2.55797540e+001 2.33513986e+001 1.76761251e+001 8.11742412e+001 4.49125092e+001 1.00239264e+003 9.98061904e+002 4.95055305e+000 2.62962069e+000 2.26263851e+001 0.00000000e+000 0.00000000e+000 0.00000000e+000 1.00000000e+000
 1.00000000e+000 3.43135515e+001 2.60096157e+001 2.39773528e+001 1.91627033e+001 8.45220400e+001 4.65567549e+001 1.00386589e+003 1.00005892e+003 3.59080820e+000 1.08735930e+000 2.11466867e+001 1.00000000e+000 0.00000000e+000 0.00000000e+000 0.00000000e+000
 1.00000000e+000 3.46900633e+001 2.64019862e+001 2.33381364e+001 1.89004995e+001 7.97723295e+001 4.29159759e+001 1.00128198e+003 9.97675825e+002 3.55019167e+000 1.25793854e+000 2.15525456e+001 0.00000000e+000 0.00000000e+000 0.00000000e+000 1.00000000e+000
 1.00000000e+000 3.34803874e+001 2.55601868e+001 2.44728830e+001 1.87666727e+001 8.40030157e+001 4.76546154e+001 9.99526727e+002 9.96396481e+002 3.67315907e+000 1.36385541e+000 2.09971473e+001 0.00000000e+000 0.00000000e+000 0.00000000e+000 1.00000000e+000
 1.00000000e+000 3.28866385e+001 2.48874308e+001 2.44113552e+001 1.87565348e+001 8.57365196e+001 4.81604880e+001 1.00296279e+003 1.00042686e+003 2.78098611e+000 1.48866474e-001 2.04003097e+001 1.00000000e+000 0.00000000e+000 0.00000000e+000 0.00000000e+000
 1.00000000e+000 3.28136939e+001 2.46087795e+001 2.36883112e+001 1.76768517e+001 8.32059457e+001 4.50109098e+001 1.00293650e+003 9.99065306e+002 4.63088429e+000 1.84293286e+000 2.07120398e+001 1.00000000e+000 0.00000000e+000 0.00000000e+000 0.00000000e+000
 1.00000000e+000 3.47743026e+001 2.55706562e+001 2.36262627e+001 1.79787798e+001 8.24345849e+001 4.33233760e+001 1.00340960e+003 1.00000239e+003 3.43288159e+000 9.11214186e-001 2.15739533e+001 0.00000000e+000 0.00000000e+000 0.00000000e+000 1.00000000e+000
 1.00000000e+000 3.50857792e+001 2.64621435e+001 2.27935452e+001 1.80991847e+001 7.84676012e+001 4.20868444e+001 1.00176741e+003 9.97846174e+002 3.72102924e+000 1.22119772e+000 2.19777961e+001 1.00000000e+000 0.00000000e+000 0.00000000e+000 0.00000000e+000
 1.00000000e+000 3.51909968e+001 2.72588022e+001 2.25893657e+001 1.88762815e+001 7.38114337e+001 4.05804014e+001 1.00116280e+003 9.96948897e+002 4.13232151e+000 1.91679374e+000 2.23831902e+001 0.00000000e+000 0.00000000e+000 0.00000000e+000 1.00000000e+000
 1.00000000e+000 3.50827900e+001 2.69798932e+001 2.27379317e+001 1.90343508e+001 7.74697929e+001 4.06825957e+001 1.00268209e+003 9.98034609e+002 3.86306919e+000 8.51939811e-001 2.08581299e+001 0.00000000e+000 0.00000000e+000 0.00000000e+000 1.00000000e+000
 1.00000000e+000 3.58232903e+001 2.76830970e+001 2.27135996e+001 1.91385753e+001 7.53740118e+001 3.88500598e+001 1.00166739e+003 9.96906097e+002 3.99627255e+000 9.37371673e-001 2.14561585e+001 1.00000000e+000 0.00000000e+000 0.00000000e+000 0.00000000e+000
 1.00000000e+000 3.39318871e+001 2.52402573e+001 2.22300169e+001 1.75789286e+001 7.98844478e+001 4.28085227e+001 1.00332211e+003 9.98549012e+002 4.82222062e+000 2.30964288e+000 2.20098005e+001 0.00000000e+000 0.00000000e+000 0.00000000e+000 1.00000000e+000
 1.00000000e+000 3.37806837e+001 2.49588836e+001 2.36611393e+001 1.76352324e+001 8.32013318e+001 4.42800379e+001 1.00435630e+003 1.00150066e+003 3.33937195e+000 1.13202158e+000 2.08311632e+001 1.00000000e+000 0.00000000e+000 0.00000000e+000 0.00000000e+000
 1.00000000e+000 3.48609472e+001 2.60174536e+001 2.19218423e+001 1.79847851e+001 7.63294487e+001 3.98746724e+001 1.00220072e+003 9.98202269e+002 3.67086284e+000 1.53625178e+000 2.19456649e+001 0.00000000e+000 0.00000000e+000 0.00000000e+000 1.00000000e+000
 1.00000000e+000 3.61104847e+001 2.74853525e+001 2.26157751e+001 1.86953101e+001 7.41460995e+001 3.84214341e+001 1.00132866e+003 9.96873603e+002 4.09301320e+000 1.57657446e+000 2.25837495e+001 0.00000000e+000 0.00000000e+000 0.00000000e+000 1.00000000e+000
 1.00000000e+000 3.61329346e+001 2.79206010e+001 2.27879290e+001 1.91349722e+001 7.47158737e+001 3.87003487e+001 1.00149237e+003 9.97085679e+002 3.84459847e+000 1.21390622e+000 2.17963946e+001 1.00000000e+000 0.00000000e+000 0.00000000e+000 0.00000000e+000
 1.00000000e+000 3.55898198e+001 2.70166229e+001 2.34422175e+001 1.72264030e+001 7.54841078e+001 3.98922214e+001 9.99085398e+002 9.95473115e+002 4.73658619e+000 2.71350877e+000 2.27100308e+001 0.00000000e+000 0.00000000e+000 0.00000000e+000 1.00000000e+000
 1.00000000e+000 3.42242181e+001 2.63353523e+001 2.52488999e+001 1.75577398e+001 7.93110778e+001 4.51288315e+001 9.99820430e+002 9.96749178e+002 4.92170993e+000 2.76504641e+000 2.15807943e+001 0.00000000e+000 0.00000000e+000 0.00000000e+000 1.00000000e+000
 1.00000000e+000 3.40623048e+001 2.62257978e+001 2.39095527e+001 1.97459607e+001 8.44811366e+001 4.89489389e+001 1.00159588e+003 9.96652338e+002 4.91606211e+000 2.66593223e+000 2.22654750e+001 0.00000000e+000 0.00000000e+000 0.00000000e+000 1.00000000e+000
 1.00000000e+000 3.48715809e+001 2.66958563e+001 2.43580584e+001 2.02361954e+001 8.45702270e+001 4.66161508e+001 1.00198007e+003 9.97314096e+002 3.95484096e+000 1.24005383e+000 2.10117664e+001 1.00000000e+000 0.00000000e+000 0.00000000e+000 0.00000000e+000
 1.00000000e+000 3.58330161e+001 2.74543132e+001 2.51069003e+001 2.07582830e+001 8.41584793e+001 4.59299937e+001 1.00222141e+003 9.98384950e+002 3.07026909e+000 4.12476473e-001 2.13502731e+001 0.00000000e+000 1.00000000e+000 0.00000000e+000 0.00000000e+000
 1.00000000e+000 3.51059348e+001 2.71683535e+001 2.46359364e+001 2.08583493e+001 8.31626704e+001 4.55364586e+001 1.00200219e+003 9.98169199e+002 3.06868953e+000 4.31636414e-001 2.09366177e+001 0.00000000e+000 0.00000000e+000 0.00000000e+000 1.00000000e+000
 1.00000000e+000 3.41142122e+001 2.64360902e+001 2.43391180e+001 1.89023001e+001 8.16944447e+001 4.93404634e+001 1.00319339e+003 9.99386522e+002 4.93764577e+000 3.50108261e+000 2.31332320e+001 0.00000000e+000 0.00000000e+000 0.00000000e+000 1.00000000e+000
 1.00000000e+000 3.43887139e+001 2.64230680e+001 2.41642725e+001 2.03800497e+001 8.53076244e+001 4.71657931e+001 1.00397778e+003 9.99325632e+002 4.00795389e+000 1.26363203e+000 2.12528961e+001 1.00000000e+000 0.00000000e+000 0.00000000e+000 0.00000000e+000
 1.00000000e+000 3.39225921e+001 2.65092028e+001 2.38144068e+001 1.99534886e+001 8.18654385e+001 4.55543508e+001 1.00359340e+003 9.99304505e+002 3.96374018e+000 1.03584194e+000 2.09539473e+001 0.00000000e+000 0.00000000e+000 0.00000000e+000 1.00000000e+000
 1.00000000e+000 3.52434147e+001 2.68696670e+001 2.39140636e+001 1.84316959e+001 8.12296794e+001 4.51930845e+001 1.00371890e+003 9.99282967e+002 4.80607685e+000 2.41228868e+000 2.25350226e+001 1.00000000e+000 0.00000000e+000 0.00000000e+000 0.00000000e+000
 1.00000000e+000 3.36957076e+001 2.56132577e+001 2.40466872e+001 1.89271007e+001 8.52449822e+001 4.75313229e+001 1.00403928e+003 1.00022230e+003 3.86206438e+000 1.06033660e+000 2.14052413e+001 0.00000000e+000 1.00000000e+000 0.00000000e+000 0.00000000e+000
 1.00000000e+000 3.41564912e+001 2.48637983e+001 2.41892898e+001 1.64930258e+001 8.12971799e+001 4.84084264e+001 1.00485355e+003 1.00191934e+003 4.80133189e+000 4.37138013e+000 2.29813488e+001 0.00000000e+000 0.00000000e+000 0.00000000e+000 1.00000000e+000
 1.00000000e+000 3.48102894e+001 2.50292856e+001 2.36686409e+001 1.58981897e+001 7.94994239e+001 4.37986919e+001 1.00163492e+003 9.98953355e+002 4.39415245e+000 3.18774537e+000 2.33828269e+001 0.00000000e+000 0.00000000e+000 0.00000000e+000 1.00000000e+000
 1.00000000e+000 3.27646411e+001 2.50639210e+001 2.41927860e+001 1.90217922e+001 8.48229427e+001 4.88166546e+001 9.99487898e+002 9.96301504e+002 3.90216374e+000 1.88792452e+000 2.15408790e+001 0.00000000e+000 0.00000000e+000 0.00000000e+000 1.00000000e+000
 1.00000000e+000 3.25134653e+001 2.52679542e+001 2.43932026e+001 1.82838386e+001 8.49051483e+001 5.34065539e+001 1.00046060e+003 9.97371332e+002 4.56242346e+000 3.32514813e+000 2.21551190e+001 0.00000000e+000 0.00000000e+000 0.00000000e+000 1.00000000e+000
 1.00000000e+000 3.51498453e+001 2.60642662e+001 2.36409465e+001 1.87380964e+001 8.23509930e+001 4.74000112e+001 9.99394791e+002 9.94526403e+002 4.96324134e+000 3.59816238e+000 2.30178996e+001 0.00000000e+000 0.00000000e+000 0.00000000e+000 1.00000000e+000
 1.00000000e+000 3.37607081e+001 2.60263766e+001 2.42676039e+001 1.92315683e+001 8.44061295e+001 4.85251662e+001 9.98747317e+002 9.94084543e+002 5.21633531e+000 3.37933856e+000 2.11359064e+001 0.00000000e+000 0.00000000e+000 0.00000000e+000 1.00000000e+000
 1.00000000e+000 3.50459272e+001 2.71482162e+001 2.42422952e+001 2.03608586e+001 8.33017080e+001 4.66102534e+001 9.98555987e+002 9.93336133e+002 4.98221131e+000 2.52862302e+000 2.23317433e+001 0.00000000e+000 0.00000000e+000 0.00000000e+000 1.00000000e+000
 1.00000000e+000 3.56919400e+001 2.76952100e+001 2.52342798e+001 2.13269162e+001 8.25671451e+001 5.27526567e+001 9.99955243e+002 9.94992443e+002 5.35365347e+000 4.68473334e+000 2.52927009e+001 1.00000000e+000 0.00000000e+000 0.00000000e+000 0.00000000e+000
 1.00000000e+000 3.31381348e+001 2.60225580e+001 2.42688336e+001 1.96989735e+001 8.54472050e+001 5.18611892e+001 1.00163256e+003 9.97304531e+002 4.84063664e+000 2.68725902e+000 2.22944583e+001 0.00000000e+000 0.00000000e+000 0.00000000e+000 1.00000000e+000
 1.00000000e+000 3.33317233e+001 2.53602731e+001 2.35399641e+001 1.81669768e+001 8.31869368e+001 4.95490849e+001 1.00003615e+003 9.95230293e+002 5.76378716e+000 3.99746505e+000 2.28741840e+001 1.00000000e+000 0.00000000e+000 0.00000000e+000 0.00000000e+000
 1.00000000e+000 3.31890497e+001 2.57606067e+001 2.50597392e+001 1.96957521e+001 8.74910724e+001 5.18477215e+001 1.00092132e+003 9.97802095e+002 3.63165683e+000 1.67119567e+000 2.10227628e+001 1.00000000e+000 0.00000000e+000 0.00000000e+000 0.00000000e+000
 1.00000000e+000 3.39411683e+001 2.62471761e+001 2.42258081e+001 2.00241034e+001 8.60029952e+001 4.91541362e+001 1.00219354e+003 9.97893762e+002 3.68197756e+000 1.05688686e+000 2.04025807e+001 1.00000000e+000 0.00000000e+000 0.00000000e+000 0.00000000e+000
 1.00000000e+000 3.40386536e+001 2.63577593e+001 2.40622186e+001 1.96137788e+001 8.38294031e+001 4.80784287e+001 1.00400622e+003 9.99907617e+002 3.99206762e+000 1.27287192e+000 2.18639064e+001 1.00000000e+000 0.00000000e+000 0.00000000e+000 0.00000000e+000
 1.00000000e+000 3.50387279e+001 2.70885743e+001 2.50172459e+001 1.99378293e+001 8.15588113e+001 4.72542090e+001 1.00436754e+003 1.00062989e+003 4.26989780e+000 2.52129602e+000 2.24556431e+001 0.00000000e+000 1.00000000e+000 0.00000000e+000 0.00000000e+000
 1.00000000e+000 3.47534109e+001 2.69930961e+001 2.36822504e+001 1.95789288e+001 7.95828646e+001 4.49282052e+001 1.00468443e+003 1.00032875e+003 4.23724420e+000 1.76670006e+000 2.20546970e+001 1.00000000e+000 0.00000000e+000 0.00000000e+000 0.00000000e+000
 1.00000000e+000 3.78686536e+001 2.81163498e+001 2.31240576e+001 1.90964414e+001 7.63443907e+001 4.48195364e+001 1.00768313e+003 1.00318533e+003 6.88685865e+000 2.56988726e+000 4.14937228e+001 0.00000000e+000 0.00000000e+000 0.00000000e+000 1.00000000e+000
 1.00000000e+000 3.31626102e+001 2.59262169e+001 2.20994827e+001 1.99247408e+001 8.10316271e+001 4.63844452e+001 1.00683664e+003 1.00192585e+003 3.91897815e+000 1.53305382e+000 2.06919902e+001 0.00000000e+000 0.00000000e+000 0.00000000e+000 1.00000000e+000
 1.00000000e+000 3.41456276e+001 2.69272665e+001 2.40255209e+001 2.04024205e+001 8.38010123e+001 4.93463354e+001 1.00663846e+003 1.00171412e+003 4.92324816e+000 3.01561099e+000 2.19024970e+001 0.00000000e+000 0.00000000e+000 0.00000000e+000 1.00000000e+000
 1.00000000e+000 3.43786162e+001 2.63112458e+001 2.23592449e+001 1.88795191e+001 8.23527383e+001 4.41609289e+001 1.00635835e+003 1.00059370e+003 5.26710387e+000 2.42210013e+000 2.17679697e+001 0.00000000e+000 0.00000000e+000 0.00000000e+000 1.00000000e+000
 1.00000000e+000 3.47877379e+001 2.68730878e+001 2.27543605e+001 1.87795566e+001 7.92653266e+001 4.25381205e+001 1.00675519e+003 1.00157518e+003 5.05744149e+000 2.75911466e+000 2.09768850e+001 0.00000000e+000 0.00000000e+000 0.00000000e+000 1.00000000e+000
 1.00000000e+000 3.49042303e+001 2.68769878e+001 2.26396618e+001 1.86197971e+001 7.86557682e+001 4.13082044e+001 1.00654996e+003 1.00177053e+003 4.79544574e+000 2.90201643e+000 2.06655007e+001 0.00000000e+000 0.00000000e+000 0.00000000e+000 1.00000000e+000
 1.00000000e+000 3.46124404e+001 2.69943167e+001 2.29281315e+001 1.92595635e+001 7.84141149e+001 4.10930884e+001 1.00593247e+003 1.00131917e+003 4.23838786e+000 1.63432675e+000 2.00571559e+001 1.00000000e+000 0.00000000e+000 0.00000000e+000 0.00000000e+000
 1.00000000e+000 3.53817981e+001 2.59154337e+001 2.27866679e+001 1.73726716e+001 7.71147335e+001 3.75467744e+001 1.00839207e+003 1.00597645e+003 2.80615113e+000 1.33560267e+000 2.09828120e+001 0.00000000e+000 0.00000000e+000 0.00000000e+000 1.00000000e+000
 1.00000000e+000 3.69288521e+001 2.78859996e+001 2.37061731e+001 1.93330783e+001 7.45182432e+001 3.98462198e+001 1.00406675e+003 9.99455610e+002 4.85770534e+000 3.09281636e+000 2.44149094e+001 1.00000000e+000 0.00000000e+000 0.00000000e+000 0.00000000e+000
 1.00000000e+000 3.81279568e+001 2.76710819e+001 2.31127099e+001 1.74157151e+001 7.09437854e+001 3.81273113e+001 1.00492855e+003 1.00059553e+003 4.68884064e+000 3.02241494e+000 2.63707388e+001 0.00000000e+000 0.00000000e+000 0.00000000e+000 1.00000000e+000
 1.00000000e+000 3.61896108e+001 2.64272709e+001 2.27679954e+001 1.78058013e+001 7.24999246e+001 3.85200350e+001 1.00565288e+003 1.00115097e+003 5.03556217e+000 3.79630345e+000 2.41827408e+001 0.00000000e+000 0.00000000e+000 0.00000000e+000 1.00000000e+000
 1.00000000e+000 3.51738487e+001 2.51415665e+001 2.14996507e+001 1.68094577e+001 7.77017685e+001 3.84424328e+001 1.00952768e+003 1.00508535e+003 3.89357465e+000 1.36516359e+000 2.21798815e+001 1.00000000e+000 0.00000000e+000 0.00000000e+000 0.00000000e+000
 1.00000000e+000 3.62086621e+001 2.68047812e+001 2.28976421e+001 1.91754325e+001 7.94686917e+001 3.98090388e+001 1.00935878e+003 1.00469788e+003 3.57197836e+000 8.31696415e-001 2.22429659e+001 1.00000000e+000 0.00000000e+000 0.00000000e+000 0.00000000e+000
 1.00000000e+000 3.66904883e+001 2.62976113e+001 2.29835674e+001 1.81995219e+001 7.89502278e+001 3.91284165e+001 1.00903386e+003 1.00476504e+003 3.52154602e+000 1.26091917e+000 2.28299419e+001 0.00000000e+000 1.00000000e+000 0.00000000e+000 0.00000000e+000
 1.00000000e+000 3.74717919e+001 2.71791044e+001 2.26653131e+001 1.82189517e+001 7.66985391e+001 3.84101848e+001 1.00694990e+003 1.00154018e+003 4.62704084e+000 2.34387334e+000 2.36967285e+001 0.00000000e+000 0.00000000e+000 0.00000000e+000 1.00000000e+000
 1.00000000e+000 3.74284583e+001 2.76794013e+001 2.27861856e+001 1.83419754e+001 7.39225990e+001 3.68527676e+001 1.00721836e+003 1.00282845e+003 4.21678957e+000 2.50248566e+000 2.35570475e+001 1.00000000e+000 0.00000000e+000 0.00000000e+000 0.00000000e+000
 1.00000000e+000 3.72158285e+001 2.73328676e+001 2.26603869e+001 1.70931596e+001 7.14671205e+001 3.43547611e+001 1.00592342e+003 1.00215659e+003 4.08162682e+000 2.06711941e+000 2.31668081e+001 1.00000000e+000 0.00000000e+000 0.00000000e+000 0.00000000e+000
 1.00000000e+000 3.35576770e+001 2.23212168e+001 2.09718008e+001 1.44670119e+001 8.03867443e+001 3.98158968e+001 1.00826115e+003 1.00492286e+003 3.84070966e+000 2.23428687e+000 2.26299089e+001 0.00000000e+000 0.00000000e+000 0.00000000e+000 1.00000000e+000
 1.00000000e+000 3.31246489e+001 2.30725203e+001 2.05558223e+001 1.55571725e+001 7.93790201e+001 3.87093335e+001 1.00954888e+003 1.00518497e+003 3.72702321e+000 8.54595259e-001 2.02783632e+001 0.00000000e+000 0.00000000e+000 0.00000000e+000 1.00000000e+000
 1.00000000e+000 3.35561734e+001 2.39326102e+001 2.06866709e+001 1.61908555e+001 7.68973452e+001 3.74462758e+001 1.00889228e+003 1.00507898e+003 3.27661734e+000 8.32462262e-001 2.00871516e+001 0.00000000e+000 0.00000000e+000 0.00000000e+000 1.00000000e+000
 1.00000000e+000 3.48869847e+001 2.51090056e+001 2.15411217e+001 1.69102986e+001 7.76950835e+001 3.74320904e+001 1.00895283e+003 1.00520854e+003 2.69348547e+000 -2.35383109e-001 2.02432225e+001 0.00000000e+000 1.00000000e+000 0.00000000e+000 0.00000000e+000
 1.00000000e+000 3.41548386e+001 2.45175103e+001 1.96463032e+001 1.56168376e+001 7.31157357e+001 3.52820144e+001 1.00763865e+003 1.00313017e+003 4.26228574e+000 2.18408915e+000 2.16302599e+001 1.00000000e+000 0.00000000e+000 0.00000000e+000 0.00000000e+000
 1.00000000e+000 3.48887153e+001 2.51980554e+001 2.14211221e+001 1.47757870e+001 7.53705046e+001 3.74782011e+001 1.00761565e+003 1.00375434e+003 4.67287793e+000 2.17553487e+000 2.26580896e+001 1.00000000e+000 0.00000000e+000 0.00000000e+000 0.00000000e+000
 1.00000000e+000 3.45751440e+001 2.41914684e+001 1.95369131e+001 1.47906103e+001 7.34824257e+001 3.51634547e+001 1.00681806e+003 1.00227839e+003 4.11713927e+000 1.99429324e+000 2.15423384e+001 1.00000000e+000 0.00000000e+000 0.00000000e+000 0.00000000e+000
 1.00000000e+000 3.39391616e+001 2.47802945e+001 2.09651308e+001 1.66373101e+001 7.55030227e+001 3.73170160e+001 1.00714207e+003 1.00304688e+003 3.54686260e+000 9.90627915e-001 2.01085433e+001 0.00000000e+000 1.00000000e+000 0.00000000e+000 0.00000000e+000
 1.00000000e+000 3.61967755e+001 2.60651538e+001 2.24687424e+001 1.75208125e+001 7.61386172e+001 3.87688827e+001 1.00783126e+003 1.00383114e+003 3.47474764e+000 1.52460734e+000 2.23481327e+001 0.00000000e+000 0.00000000e+000 0.00000000e+000 1.00000000e+000
 1.00000000e+000 3.41817040e+001 2.51013683e+001 2.12760310e+001 1.57410108e+001 7.27005293e+001 3.56627272e+001 1.00689205e+003 1.00403502e+003 3.59551719e+000 1.79191722e+000 2.12015000e+001 0.00000000e+000 0.00000000e+000 0.00000000e+000 1.00000000e+000
 1.00000000e+000 3.40021492e+001 2.42641465e+001 1.97054020e+001 1.47733667e+001 7.19219393e+001 3.41096870e+001 1.00448100e+003 1.00040323e+003 4.02387420e+000 1.69132299e+000 2.08574098e+001 0.00000000e+000 0.00000000e+000 0.00000000e+000 1.00000000e+000
 1.00000000e+000 3.34535664e+001 2.35030298e+001 2.01449012e+001 1.45552341e+001 7.50407646e+001 3.54258092e+001 1.00633280e+003 1.00288301e+003 3.49303772e+000 9.83929800e-001 2.06474743e+001 0.00000000e+000 0.00000000e+000 0.00000000e+000 1.00000000e+000
 1.00000000e+000 3.19929634e+001 2.25787619e+001 2.15047003e+001 1.56409214e+001 8.34593920e+001 4.19600520e+001 1.00763741e+003 1.00464231e+003 3.46813036e+000 1.05998262e+000 2.06033548e+001 0.00000000e+000 0.00000000e+000 0.00000000e+000 1.00000000e+000
 1.00000000e+000 2.90581125e+001 2.07327186e+001 2.16179524e+001 1.57833148e+001 8.75695220e+001 4.61377405e+001 1.00454235e+003 1.00201651e+003 3.83423276e+000 1.74887730e+000 1.94046453e+001 0.00000000e+000 0.00000000e+000 0.00000000e+000 1.00000000e+000
 1.00000000e+000 2.82719965e+001 1.90686087e+001 1.96675580e+001 1.51658118e+001 8.79811020e+001 4.54216852e+001 1.00512761e+003 1.00235949e+003 3.34982577e+000 1.78997803e+000 1.93592481e+001 0.00000000e+000 0.00000000e+000 0.00000000e+000 1.00000000e+000
 1.00000000e+000 3.05907654e+001 2.19672633e+001 2.11444202e+001 1.70802793e+001 9.02815594e+001 4.88279657e+001 1.00895036e+003 1.00432970e+003 3.94288899e+000 1.22294887e+000 1.92833304e+001 0.00000000e+000 0.00000000e+000 0.00000000e+000 1.00000000e+000
 1.00000000e+000 3.29283048e+001 2.25204873e+001 2.19090059e+001 1.58799788e+001 8.33186900e+001 4.39115402e+001 1.00808246e+003 1.00461975e+003 3.71483417e+000 1.76456048e+000 2.19835806e+001 0.00000000e+000 0.00000000e+000 0.00000000e+000 1.00000000e+000
 1.00000000e+000 3.26130999e+001 2.28182027e+001 2.05848374e+001 1.70178915e+001 8.22063161e+001 4.16101728e+001 1.00953383e+003 1.00451149e+003 4.18525913e+000 1.65285099e+000 2.13999551e+001 0.00000000e+000 0.00000000e+000 0.00000000e+000 1.00000000e+000
 1.00000000e+000 3.26978061e+001 2.33649850e+001 2.18486139e+001 1.75309562e+001 8.62086492e+001 4.43517219e+001 1.00993617e+003 1.00541589e+003 3.73033129e+000 4.35735761e-001 2.10066748e+001 0.00000000e+000 0.00000000e+000 0.00000000e+000 1.00000000e+000
 1.00000000e+000 3.27093732e+001 2.36259601e+001 2.17194778e+001 1.68978660e+001 8.24940141e+001 4.38432991e+001 1.00895586e+003 1.00458364e+003 4.48287745e+000 2.05268658e+000 2.15610379e+001 0.00000000e+000 0.00000000e+000 0.00000000e+000 1.00000000e+000
 1.00000000e+000 3.43075551e+001 2.45871274e+001 2.33728730e+001 1.74751814e+001 8.24108612e+001 4.42207173e+001 1.00713927e+003 1.00370684e+003 3.98941502e+000 2.29683037e+000 2.26828732e+001 0.00000000e+000 0.00000000e+000 0.00000000e+000 1.00000000e+000
 1.00000000e+000 3.49048622e+001 2.61380803e+001 2.41409847e+001 1.94520982e+001 8.40771062e+001 4.56516003e+001 1.00779964e+003 1.00324517e+003 4.29768528e+000 1.62229998e+000 2.23305090e+001 0.00000000e+000 0.00000000e+000 0.00000000e+000 1.00000000e+000
 1.00000000e+000 3.39888577e+001 2.56134964e+001 2.33154205e+001 1.91511356e+001 8.36734171e+001 4.49550355e+001 1.00878553e+003 1.00431422e+003 3.95968075e+000 1.10039346e+000 2.10995808e+001 0.00000000e+000 0.00000000e+000 0.00000000e+000 1.00000000e+000
 1.00000000e+000 3.38638936e+001 2.54406547e+001 2.25738056e+001 1.85279520e+001 7.93193477e+001 4.15121712e+001 1.00902484e+003 1.00484009e+003 3.66331484e+000 1.08646994e+000 1.99857139e+001 0.00000000e+000 0.00000000e+000 0.00000000e+000 1.00000000e+000
 1.00000000e+000 3.43038510e+001 2.64502923e+001 2.29879644e+001 1.96302291e+001 8.39404621e+001 4.47946023e+001 1.01071810e+003 1.00545060e+003 4.18458970e+000 1.23731882e+000 1.96369684e+001 0.00000000e+000 0.00000000e+000 0.00000000e+000 1.00000000e+000
 1.00000000e+000 3.34942781e+001 2.57532970e+001 2.27321182e+001 1.93379968e+001 8.43694235e+001 4.54192697e+001 1.01057760e+003 1.00547579e+003 4.20752092e+000 1.20960216e+000 1.96830404e+001 0.00000000e+000 0.00000000e+000 0.00000000e+000 1.00000000e+000
 1.00000000e+000 3.45738104e+001 2.60063509e+001 2.27541067e+001 1.76378786e+001 8.13479739e+001 4.33701110e+001 1.01016628e+003 1.00497870e+003 5.09911293e+000 2.45992347e+000 2.07782350e+001 0.00000000e+000 0.00000000e+000 0.00000000e+000 1.00000000e+000
 1.00000000e+000 3.51491079e+001 2.60300529e+001 2.20905043e+001 1.70473537e+001 7.87257450e+001 4.13514784e+001 1.01193490e+003 1.00688493e+003 5.17649345e+000 3.11348140e+000 2.19703193e+001 0.00000000e+000 0.00000000e+000 0.00000000e+000 1.00000000e+000
 1.00000000e+000 3.50757743e+001 2.67949755e+001 2.28894911e+001 1.87426220e+001 7.76476284e+001 4.04288752e+001 1.00976284e+003 1.00500273e+003 4.43171473e+000 1.92184369e+000 2.05930832e+001 0.00000000e+000 0.00000000e+000 0.00000000e+000 1.00000000e+000
 1.00000000e+000 3.40338275e+001 2.51859397e+001 2.26521154e+001 1.80370568e+001 8.38253374e+001 4.25541220e+001 1.00930959e+003 1.00473602e+003 3.93894270e+000 9.82419370e-001 1.97856036e+001 0.00000000e+000 1.00000000e+000 0.00000000e+000 0.00000000e+000
 1.00000000e+000 3.36675674e+001 2.49870587e+001 2.26799475e+001 1.79292365e+001 8.41443773e+001 4.32963710e+001 1.01030729e+003 1.00596335e+003 4.03625870e+000 1.15375482e+000 2.02646018e+001 0.00000000e+000 0.00000000e+000 0.00000000e+000 1.00000000e+000
 1.00000000e+000 3.44140524e+001 2.42642777e+001 2.15282678e+001 1.58219258e+001 8.14686140e+001 3.91889456e+001 1.00989245e+003 1.00490688e+003 4.88412112e+000 2.25268625e+000 2.09817105e+001 0.00000000e+000 0.00000000e+000 0.00000000e+000 1.00000000e+000
 1.00000000e+000 3.50886905e+001 2.40958323e+001 1.96991779e+001 1.42787387e+001 7.45202929e+001 3.35976998e+001 1.00999225e+003 1.00559683e+003 4.06152072e+000 1.80908136e+000 2.16031897e+001 0.00000000e+000 0.00000000e+000 1.00000000e+000 0.00000000e+000
 1.00000000e+000 3.35651265e+001 2.35229151e+001 1.99952585e+001 1.52582703e+001 7.74185958e+001 3.53858955e+001 1.01265989e+003 1.00838859e+003 3.82517262e+000 1.15699708e+000 2.00792719e+001 0.00000000e+000 0.00000000e+000 0.00000000e+000 1.00000000e+000
 1.00000000e+000 3.34428620e+001 2.38683755e+001 2.01092192e+001 1.58512440e+001 7.87462314e+001 3.63620767e+001 1.01502864e+003 1.01034709e+003 3.89410523e+000 5.81845753e-001 1.99328857e+001 0.00000000e+000 0.00000000e+000 0.00000000e+000 1.00000000e+000
 1.00000000e+000 3.28697030e+001 2.28146909e+001 1.99484312e+001 1.48502764e+001 8.20028263e+001 3.85473647e+001 1.01692488e+003 1.01202372e+003 4.59165796e+000 1.58298419e+000 2.04354221e+001 0.00000000e+000 0.00000000e+000 0.00000000e+000 1.00000000e+000
 1.00000000e+000 3.40183920e+001 2.28896149e+001 1.90946391e+001 1.32506377e+001 7.82249807e+001 3.41238660e+001 1.01505666e+003 1.01013660e+003 4.64535363e+000 1.45965608e+000 2.14778628e+001 0.00000000e+000 0.00000000e+000 0.00000000e+000 1.00000000e+000
 1.00000000e+000 3.40401773e+001 2.29959932e+001 1.97317970e+001 1.35599143e+001 7.75343027e+001 3.58403281e+001 1.01179666e+003 1.00696047e+003 5.04375166e+000 2.65175168e+000 2.19026515e+001 0.00000000e+000 0.00000000e+000 0.00000000e+000 1.00000000e+000
 1.00000000e+000 3.34718368e+001 2.32402314e+001 2.03661070e+001 1.52525359e+001 8.37038761e+001 3.87348507e+001 1.01345181e+003 1.00802647e+003 4.65334861e+000 1.27956303e+000 1.99978998e+001 0.00000000e+000 0.00000000e+000 0.00000000e+000 1.00000000e+000
 1.00000000e+000 3.18812097e+001 2.18052744e+001 1.91283941e+001 1.51062113e+001 8.09800760e+001 3.92389016e+001 1.01658116e+003 1.01252649e+003 3.85263356e+000 1.73254726e+000 2.13628231e+001 0.00000000e+000 0.00000000e+000 0.00000000e+000 1.00000000e+000
 1.00000000e+000 3.04863465e+001 2.02397584e+001 1.87673108e+001 1.40635031e+001 8.41464762e+001 4.05092230e+001 1.01795448e+003 1.01408151e+003 3.77510462e+000 1.42623482e+000 2.03131602e+001 0.00000000e+000 0.00000000e+000 0.00000000e+000 1.00000000e+000
 1.00000000e+000 3.22393157e+001 2.05980230e+001 1.74507775e+001 1.26075337e+001 8.01552240e+001 3.61364585e+001 1.01502249e+003 1.00959703e+003 4.84969536e+000 2.43717663e+000 2.14251916e+001 0.00000000e+000 0.00000000e+000 0.00000000e+000 1.00000000e+000
 1.00000000e+000 3.04159854e+001 1.87650492e+001 1.75277795e+001 1.16502153e+001 8.44498338e+001 3.60213939e+001 1.01586815e+003 1.01121155e+003 4.13954660e+000 9.50033105e-001 1.87546847e+001 0.00000000e+000 0.00000000e+000 0.00000000e+000 1.00000000e+000
 1.00000000e+000 3.01774533e+001 1.81620138e+001 1.63760318e+001 1.03407257e+001 8.21549451e+001 3.38773590e+001 1.01570474e+003 1.01149210e+003 3.68088348e+000 5.72187662e-001 1.85380997e+001 0.00000000e+000 0.00000000e+000 0.00000000e+000 1.00000000e+000
 1.00000000e+000 3.10660310e+001 1.86205870e+001 1.68736559e+001 9.97814339e+000 8.11632994e+001 3.28873991e+001 1.01396761e+003 1.00956967e+003 4.03131216e+000 9.76998686e-001 1.87483806e+001 0.00000000e+000 0.00000000e+000 0.00000000e+000 1.00000000e+000
 1.00000000e+000 3.07507475e+001 1.96501759e+001 1.69626352e+001 1.20116709e+001 8.08439293e+001 3.54876767e+001 1.01463708e+003 1.01003926e+003 3.88201971e+000 9.70538886e-001 1.89345220e+001 0.00000000e+000 0.00000000e+000 0.00000000e+000 1.00000000e+000
 1.00000000e+000 3.09571309e+001 2.02056532e+001 1.78633320e+001 1.29026323e+001 8.30185331e+001 3.76977160e+001 1.01399359e+003 1.00907743e+003 4.16175800e+000 9.62807649e-001 1.91886929e+001 0.00000000e+000 0.00000000e+000 0.00000000e+000 1.00000000e+000
 1.00000000e+000 3.12014045e+001 2.04503222e+001 1.81243617e+001 1.30233595e+001 8.22793032e+001 3.62820315e+001 1.01379906e+003 1.00893288e+003 4.23265526e+000 8.86548699e-001 1.91731037e+001 0.00000000e+000 0.00000000e+000 0.00000000e+000 1.00000000e+000
 1.00000000e+000 3.21684765e+001 2.07799762e+001 1.85707590e+001 1.24555236e+001 8.27081130e+001 3.66528740e+001 1.01415440e+003 1.00966588e+003 5.12989643e+000 1.34030819e+000 2.48102748e+001 0.00000000e+000 0.00000000e+000 0.00000000e+000 1.00000000e+000
 1.00000000e+000 3.15118286e+001 2.01086763e+001 1.66363001e+001 1.18501452e+001 7.86402324e+001 3.45905880e+001 1.01374088e+003 1.00890158e+003 4.17337774e+000 1.60403457e+000 2.01614849e+001 0.00000000e+000 0.00000000e+000 0.00000000e+000 1.00000000e+000
 1.00000000e+000 3.03373942e+001 1.94229682e+001 1.82717240e+001 1.21382291e+001 8.48803021e+001 3.91619496e+001 1.01206441e+003 1.00776959e+003 4.00875204e+000 1.04829400e+000 1.85601402e+001 0.00000000e+000 0.00000000e+000 0.00000000e+000 1.00000000e+000
 1.00000000e+000 3.00236646e+001 1.78913100e+001 1.62975259e+001 1.01636038e+001 8.27184883e+001 3.50897523e+001 1.01036355e+003 1.00566796e+003 4.93502333e+000 2.24989722e+000 2.08457783e+001 0.00000000e+000 0.00000000e+000 0.00000000e+000 1.00000000e+000
 1.00000000e+000 3.03097312e+001 1.87039247e+001 1.57106358e+001 9.24819886e+000 7.50585745e+001 3.17298968e+001 1.01183330e+003 1.00750301e+003 4.80525058e+000 2.26292073e+000 1.98648825e+001 0.00000000e+000 0.00000000e+000 0.00000000e+000 1.00000000e+000
 1.00000000e+000 3.27022964e+001 1.96217054e+001 1.71622448e+001 9.94428666e+000 7.92760351e+001 3.47456932e+001 1.01297864e+003 1.00730348e+003 5.89212828e+000 3.75159928e+000 2.22462070e+001 0.00000000e+000 0.00000000e+000 0.00000000e+000 1.00000000e+000
 1.00000000e+000 3.23318426e+001 2.04632734e+001 1.66875603e+001 1.15917266e+001 7.63888576e+001 3.30020561e+001 1.01396923e+003 1.00827504e+003 5.08541426e+000 2.21411011e+000 2.14600063e+001 0.00000000e+000 0.00000000e+000 0.00000000e+000 1.00000000e+000
 1.00000000e+000 3.02012285e+001 1.85871194e+001 1.54318492e+001 1.07047859e+001 8.07614768e+001 3.44878487e+001 1.01537384e+003 1.00998772e+003 4.35066951e+000 4.79298642e-001 2.03158316e+001 0.00000000e+000 0.00000000e+000 0.00000000e+000 1.00000000e+000
 1.00000000e+000 2.98754477e+001 1.74639516e+001 1.49703306e+001 9.53321084e+000 7.91538387e+001 3.27196814e+001 1.01295702e+003 1.00764389e+003 4.62656320e+000 1.10423586e+000 2.05109210e+001 0.00000000e+000 0.00000000e+000 0.00000000e+000 1.00000000e+000
 1.00000000e+000 3.13127690e+001 1.90225158e+001 1.57874050e+001 8.84082717e+000 7.41909627e+001 3.02076367e+001 1.01286934e+003 1.00827551e+003 4.57391694e+000 1.29705193e+000 2.03342235e+001 0.00000000e+000 0.00000000e+000 0.00000000e+000 1.00000000e+000
 1.00000000e+000 3.11709773e+001 1.96036898e+001 1.63631974e+001 1.07427535e+001 7.67704131e+001 3.12942998e+001 1.01283967e+003 1.00778711e+003 4.51654968e+000 1.10745855e+000 1.93965481e+001 0.00000000e+000 0.00000000e+000 0.00000000e+000 1.00000000e+000
 1.00000000e+000 2.96202410e+001 1.74650598e+001 1.48037939e+001 8.74482821e+000 7.78839424e+001 3.06397477e+001 1.01224618e+003 1.00728746e+003 4.74688144e+000 1.43443930e+000 1.91503820e+001 0.00000000e+000 0.00000000e+000 0.00000000e+000 1.00000000e+000
 1.00000000e+000 2.96064613e+001 1.69426828e+001 1.40639009e+001 8.28279593e+000 7.77772912e+001 3.04966177e+001 1.01311072e+003 1.00804971e+003 4.17795706e+000 5.55974604e-001 1.91768157e+001 0.00000000e+000 0.00000000e+000 0.00000000e+000 1.00000000e+000
 1.00000000e+000 2.89553962e+001 1.64854028e+001 1.40115272e+001 8.14353012e+000 7.99198392e+001 3.08074120e+001 1.01404773e+003 1.00957454e+003 3.43796179e+000 -3.78430080e-001 1.77153891e+001 0.00000000e+000 0.00000000e+000 0.00000000e+000 1.00000000e+000
 1.00000000e+000 2.88063605e+001 1.77755286e+001 1.46790094e+001 9.89820080e+000 8.05080117e+001 3.28521370e+001 1.01632968e+003 1.01152066e+003 3.58205703e+000 -5.16664512e-001 1.71775294e+001 0.00000000e+000 0.00000000e+000 1.00000000e+000 0.00000000e+000
 1.00000000e+000 2.76765273e+001 1.68022166e+001 1.46920098e+001 9.78294986e+000 8.27015004e+001 3.50894640e+001 1.01646997e+003 1.01164032e+003 4.21829832e+000 5.89002500e-001 1.74393086e+001 0.00000000e+000 0.00000000e+000 1.00000000e+000 0.00000000e+000
 1.00000000e+000 2.86929498e+001 1.66220147e+001 1.50445121e+001 9.40517022e+000 8.64387903e+001 3.61684157e+001 1.01630915e+003 1.01087141e+003 4.43098679e+000 5.79181244e-001 1.81838361e+001 0.00000000e+000 0.00000000e+000 1.00000000e+000 0.00000000e+000
 1.00000000e+000 2.77912912e+001 1.61531548e+001 1.46579145e+001 8.25990957e+000 8.10327376e+001 3.29571134e+001 1.01602935e+003 1.01205619e+003 4.02975211e+000 6.62447142e-001 1.76382875e+001 1.00000000e+000 0.00000000e+000 0.00000000e+000 0.00000000e+000
 1.00000000e+000 2.86262012e+001 1.68314993e+001 1.51409412e+001 9.24533218e+000 8.28512006e+001 3.51957125e+001 1.01537558e+003 1.01087329e+003 4.18552211e+000 1.16454343e+000 1.82764054e+001 0.00000000e+000 0.00000000e+000 0.00000000e+000 1.00000000e+000
 1.00000000e+000 2.82939724e+001 1.66317885e+001 1.54249448e+001 9.39336268e+000 8.57292341e+001 3.66592755e+001 1.01384903e+003 1.00913661e+003 4.16415336e+000 4.55004337e-001 1.79844746e+001 0.00000000e+000 0.00000000e+000 1.00000000e+000 0.00000000e+000
 1.00000000e+000 2.79956617e+001 1.69513915e+001 1.50211360e+001 1.02720234e+001 8.34721221e+001 3.65652153e+001 1.01407164e+003 1.00960747e+003 3.77393297e+000 1.44060779e-001 1.88342847e+001 0.00000000e+000 1.00000000e+000 0.00000000e+000 0.00000000e+000
 1.00000000e+000 2.78974811e+001 1.64574611e+001 1.50612971e+001 9.62429035e+000 8.29407710e+001 3.65183464e+001 1.01487057e+003 1.01055043e+003 3.82161403e+000 5.38862165e-001 1.84203449e+001 0.00000000e+000 1.00000000e+000 0.00000000e+000 0.00000000e+000
 1.00000000e+000 2.79980406e+001 1.61972027e+001 1.47023369e+001 9.15810660e+000 8.24027439e+001 3.32782015e+001 1.01481802e+003 1.01051719e+003 3.64392242e+000 1.94842615e-001 1.74448472e+001 0.00000000e+000 0.00000000e+000 1.00000000e+000 0.00000000e+000
 1.00000000e+000 2.81131221e+001 1.65310223e+001 1.43942284e+001 9.96651473e+000 8.36909207e+001 3.53155671e+001 1.01518866e+003 1.01036526e+003 3.66873253e+000 2.72680384e-001 1.80759629e+001 0.00000000e+000 0.00000000e+000 1.00000000e+000 0.00000000e+000
 1.00000000e+000 2.81716268e+001 1.59525818e+001 1.39815368e+001 8.97486624e+000 8.34957310e+001 3.43413626e+001 1.01442467e+003 1.00926178e+003 3.80142264e+000 -1.56614037e-001 1.81825447e+001 1.00000000e+000 0.00000000e+000 0.00000000e+000 0.00000000e+000
 1.00000000e+000 2.77119303e+001 1.59925385e+001 1.46608932e+001 9.07506502e+000 8.35643646e+001 3.60350792e+001 1.01521997e+003 1.01056904e+003 3.87731439e+000 2.05983417e-001 1.80095411e+001 1.00000000e+000 0.00000000e+000 0.00000000e+000 0.00000000e+000
 1.00000000e+000 2.81130019e+001 1.60236913e+001 1.45840051e+001 8.65049106e+000 8.28346124e+001 3.40163642e+001 1.01620422e+003 1.01161217e+003 3.89262185e+000 8.11902581e-002 1.81609563e+001 0.00000000e+000 0.00000000e+000 1.00000000e+000 0.00000000e+000
 1.00000000e+000 2.56497191e+001 1.48888128e+001 1.52992558e+001 9.70529780e+000 8.63869949e+001 4.19645731e+001 1.01743649e+003 1.01410353e+003 4.02729074e+000 1.58500413e+000 1.96800009e+001 0.00000000e+000 0.00000000e+000 0.00000000e+000 1.00000000e+000
 1.00000000e+000 2.44622200e+001 1.34458974e+001 1.39533302e+001 1.01768996e+001 9.27184642e+001 4.17108260e+001 1.01984169e+003 1.01435896e+003 4.64434588e+000 1.15788693e+000 1.75175346e+001 0.00000000e+000 0.00000000e+000 0.00000000e+000 1.00000000e+000
 1.00000000e+000 2.42922865e+001 1.11510708e+001 1.12753074e+001 6.53072445e+000 8.87346759e+001 3.59755334e+001 1.01939052e+003 1.01440743e+003 3.72890891e+000 -5.33884951e-002 1.78549684e+001 0.00000000e+000 0.00000000e+000 0.00000000e+000 1.00000000e+000
 1.00000000e+000 2.40380203e+001 1.10483829e+001 1.11721457e+001 5.31227287e+000 8.55525249e+001 3.34397954e+001 1.01986138e+003 1.01598316e+003 3.20108830e+000 -6.44600818e-001 1.69113327e+001 0.00000000e+000 0.00000000e+000 1.00000000e+000 0.00000000e+000
 1.00000000e+000 2.49913356e+001 1.20280134e+001 1.08359963e+001 5.76838752e+000 8.12348024e+001 3.15603820e+001 1.01760804e+003 1.01319155e+003 3.68003167e+000 -4.92725977e-002 1.85073781e+001 0.00000000e+000 0.00000000e+000 1.00000000e+000 0.00000000e+000
 1.00000000e+000 2.62852017e+001 1.29752743e+001 1.19211989e+001 5.50367831e+000 8.18523328e+001 3.16064186e+001 1.01896298e+003 1.01491243e+003 3.33964499e+000 -3.28357150e-001 1.76159234e+001 0.00000000e+000 0.00000000e+000 1.00000000e+000 0.00000000e+000
 1.00000000e+000 2.67903096e+001 1.36598950e+001 1.28155792e+001 6.48446321e+000 8.26080002e+001 3.19508290e+001 1.01962177e+003 1.01580655e+003 3.20819706e+000 -1.86508807e-001 1.75002490e+001 0.00000000e+000 0.00000000e+000 1.00000000e+000 0.00000000e+000
 1.00000000e+000 2.60509870e+001 1.33754904e+001 1.23189768e+001 6.92526025e+000 8.59801855e+001 3.41383619e+001 1.01982815e+003 1.01490168e+003 3.90951319e+000 1.35817568e-001 1.71964367e+001 0.00000000e+000 0.00000000e+000 0.00000000e+000 1.00000000e+000
 1.00000000e+000 2.51500970e+001 1.22289867e+001 1.25952626e+001 6.40431367e+000 8.77784016e+001 3.53375659e+001 1.02055136e+003 1.01600225e+003 4.07291156e+000 4.67950391e-001 1.72766660e+001 0.00000000e+000 0.00000000e+000 0.00000000e+000 1.00000000e+000
 1.00000000e+000 2.54828099e+001 1.13794284e+001 1.09554936e+001 4.75763022e+000 8.52263552e+001 3.28369160e+001 1.01972698e+003 1.01481385e+003 4.33752871e+000 7.00384650e-001 1.92758724e+001 0.00000000e+000 0.00000000e+000 0.00000000e+000 1.00000000e+000
 1.00000000e+000 2.39287665e+001 1.19342797e+001 1.20346172e+001 6.05346673e+000 8.38339440e+001 3.30950259e+001 1.01862558e+003 1.01477283e+003 3.34813713e+000 -1.00638270e+000 1.59212955e+001 0.00000000e+000 0.00000000e+000 1.00000000e+000 0.00000000e+000
 1.00000000e+000 2.58500892e+001 1.46609051e+001 1.38937023e+001 8.33716680e+000 8.62406064e+001 3.86304831e+001 1.01857405e+003 1.01453114e+003 3.49099421e+000 1.87652903e-002 1.70668460e+001 0.00000000e+000 0.00000000e+000 0.00000000e+000 1.00000000e+000
 1.00000000e+000 2.69276928e+001 1.27069407e+001 1.31786476e+001 6.41784935e+000 8.49113009e+001 3.73326131e+001 1.01620415e+003 1.01138871e+003 5.11886924e+000 3.77725185e+000 2.06132038e+001 0.00000000e+000 0.00000000e+000 1.00000000e+000 0.00000000e+000
 1.00000000e+000 2.44255646e+001 1.21242890e+001 1.16474367e+001 6.77067854e+000 8.57779866e+001 3.43913107e+001 1.01589736e+003 1.01160749e+003 3.07983612e+000 -1.07739445e+000 1.64950972e+001 0.00000000e+000 0.00000000e+000 1.00000000e+000 0.00000000e+000
 1.00000000e+000 2.58135619e+001 1.32330606e+001 1.21791827e+001 7.23021209e+000 8.52361645e+001 3.41942046e+001 1.01634734e+003 1.01147021e+003 3.64903350e+000 -5.77600991e-001 1.80337692e+001 0.00000000e+000 0.00000000e+000 1.00000000e+000 0.00000000e+000
 1.00000000e+000 2.62531217e+001 1.29867282e+001 1.24797607e+001 6.61946862e+000 8.63496278e+001 3.37646436e+001 1.02023577e+003 1.01583391e+003 3.20467855e+000 -6.18027314e-001 1.71051744e+001 0.00000000e+000 0.00000000e+000 1.00000000e+000 0.00000000e+000
 1.00000000e+000 2.54171917e+001 1.17033954e+001 1.21105344e+001 5.18377793e+000 8.53729543e+001 3.19406787e+001 1.01891507e+003 1.01524867e+003 3.83428852e+000 6.10286885e-001 1.83826078e+001 0.00000000e+000 0.00000000e+000 1.00000000e+000 0.00000000e+000
 1.00000000e+000 2.54368301e+001 1.28847023e+001 1.19533100e+001 7.08752950e+000 8.48775677e+001 3.44540044e+001 1.01783169e+003 1.01370358e+003 3.18316903e+000 -2.04642517e-001 1.76816508e+001 0.00000000e+000 0.00000000e+000 0.00000000e+000 1.00000000e+000
 1.00000000e+000 2.54454690e+001 1.45908193e+001 1.43293619e+001 8.65880311e+000 8.50486473e+001 3.62135248e+001 1.01763076e+003 1.01411248e+003 3.27813586e+000 -6.09405299e-001 1.64133666e+001 0.00000000e+000 0.00000000e+000 1.00000000e+000 0.00000000e+000
 1.00000000e+000 2.64123441e+001 1.56827556e+001 1.47798634e+001 9.78150862e+000 8.54222809e+001 3.68563319e+001 1.01724211e+003 1.01258468e+003 4.14189304e+000 3.37872807e-001 1.68051692e+001 0.00000000e+000 0.00000000e+000 0.00000000e+000 1.00000000e+000
 1.00000000e+000 2.56583860e+001 1.47961360e+001 1.43568349e+001 1.00259948e+001 8.92233921e+001 3.92838219e+001 1.01582245e+003 1.01050802e+003 4.33462280e+000 4.15047963e-001 1.68323408e+001 0.00000000e+000 0.00000000e+000 1.00000000e+000 0.00000000e+000
 1.00000000e+000 2.42441270e+001 1.29009721e+001 1.36399930e+001 8.92121237e+000 9.18820480e+001 4.04506261e+001 1.01771488e+003 1.01307851e+003 4.14137265e+000 8.88995662e-001 1.69102654e+001 0.00000000e+000 0.00000000e+000 1.00000000e+000 0.00000000e+000
 1.00000000e+000 2.38703990e+001 1.20944129e+001 1.17752239e+001 8.30136580e+000 8.70612659e+001 3.73982827e+001 1.01673711e+003 1.01192090e+003 3.61336105e+000 4.55143655e-001 1.69695652e+001 0.00000000e+000 0.00000000e+000 1.00000000e+000 0.00000000e+000
 1.00000000e+000 2.23359316e+001 8.33317943e+000 9.43750202e+000 3.78824863e+000 8.80213914e+001 3.37125210e+001 1.01965479e+003 1.01584945e+003 2.82261003e+000 -7.73869556e-001 1.64541685e+001 0.00000000e+000 0.00000000e+000 1.00000000e+000 0.00000000e+000
 1.00000000e+000 2.18601805e+001 8.67642953e+000 9.16127770e+000 4.45945243e+000 8.75127816e+001 3.41231795e+001 1.02064220e+003 1.01679719e+003 2.82004429e+000 -1.01191986e+000 1.67146562e+001 0.00000000e+000 0.00000000e+000 1.00000000e+000 0.00000000e+000
 1.00000000e+000 2.35450273e+001 9.94572129e+000 1.10386842e+001 3.82328421e+000 8.50517052e+001 3.34573899e+001 1.01714955e+003 1.01319255e+003 4.20020187e+000 8.06180006e-001 1.76662750e+001 0.00000000e+000 0.00000000e+000 1.00000000e+000 0.00000000e+000
 1.00000000e+000 2.41209043e+001 1.12236786e+001 1.14785586e+001 5.98864241e+000 8.77258417e+001 3.61274868e+001 1.01796847e+003 1.01424463e+003 3.05698298e+000 -3.47908181e-001 1.76555790e+001 1.00000000e+000 0.00000000e+000 0.00000000e+000 0.00000000e+000
 1.00000000e+000 2.40301658e+001 1.19426330e+001 1.27141067e+001 7.45105514e+000 8.82372759e+001 3.62531514e+001 1.01985062e+003 1.01554824e+003 3.86326064e+000 5.23066081e-001 1.62259553e+001 0.00000000e+000 0.00000000e+000 1.00000000e+000 0.00000000e+000
 1.00000000e+000 2.62267553e+001 1.28782839e+001 1.33475323e+001 6.95549315e+000 8.82780216e+001 3.58357090e+001 1.01942135e+003 1.01495167e+003 4.12465559e+000 1.09053779e+000 1.81451004e+001 0.00000000e+000 0.00000000e+000 1.00000000e+000 0.00000000e+000
 1.00000000e+000 2.52714913e+001 1.47968121e+001 1.42394028e+001 1.10438570e+001 8.80178310e+001 3.97658521e+001 1.01755632e+003 1.01323762e+003 3.77073306e+000 9.01832198e-001 1.82838298e+001 0.00000000e+000 0.00000000e+000 1.00000000e+000 0.00000000e+000
 1.00000000e+000 2.43840548e+001 1.47919493e+001 1.68678265e+001 9.00226164e+000 9.20450798e+001 4.93473697e+001 1.01721625e+003 1.01443133e+003 4.53689391e+000 2.00388430e+000 1.84246363e+001 0.00000000e+000 0.00000000e+000 1.00000000e+000 0.00000000e+000
 1.00000000e+000 2.36013384e+001 1.34937238e+001 1.57382657e+001 8.55643395e+000 9.20691305e+001 4.69870248e+001 1.01690179e+003 1.01370208e+003 4.69225477e+000 1.80515303e+000 1.87027382e+001 0.00000000e+000 0.00000000e+000 1.00000000e+000 0.00000000e+000
 1.00000000e+000 2.20946385e+001 9.62863469e+000 1.14805124e+001 6.83682710e+000 9.31346072e+001 3.90130662e+001 1.01860532e+003 1.01345329e+003 4.40815880e+000 7.48339042e-001 1.67583020e+001 0.00000000e+000 0.00000000e+000 1.00000000e+000 0.00000000e+000
 1.00000000e+000 2.26301422e+001 9.05035890e+000 1.15313771e+001 4.15612396e+000 8.93612116e+001 3.79001666e+001 1.01880838e+003 1.01555311e+003 3.45643968e+000 3.23755972e-001 1.75270560e+001 0.00000000e+000 0.00000000e+000 1.00000000e+000 0.00000000e+000
 1.00000000e+000 2.29787761e+001 1.03815374e+001 1.11489748e+001 6.55094775e+000 8.95799944e+001 3.85422857e+001 1.01820096e+003 1.01342061e+003 3.60490372e+000 5.15277206e-002 1.68985482e+001 0.00000000e+000 0.00000000e+000 1.00000000e+000 0.00000000e+000
 1.00000000e+000 2.26600051e+001 9.08429824e+000 1.04313914e+001 4.55964447e+000 8.87685212e+001 3.43030459e+001 1.01809958e+003 1.01390231e+003 3.64742081e+000 3.88764347e-001 1.61134551e+001 0.00000000e+000 0.00000000e+000 1.00000000e+000 0.00000000e+000
 1.00000000e+000 2.23147077e+001 9.51391438e+000 1.08334143e+001 5.58916849e+000 9.36032107e+001 3.85339271e+001 1.01627882e+003 1.01135967e+003 3.59990499e+000 -6.73004394e-001 1.55613494e+001 0.00000000e+000 0.00000000e+000 1.00000000e+000 0.00000000e+000
 1.00000000e+000 2.33575681e+001 1.07666402e+001 1.13350005e+001 5.93465550e+000 8.63778931e+001 3.33739255e+001 1.01499722e+003 1.01040270e+003 3.88358424e+000 9.64905419e-003 1.56976202e+001 0.00000000e+000 0.00000000e+000 1.00000000e+000 0.00000000e+000
 1.00000000e+000 2.45816406e+001 1.23135590e+001 1.25121773e+001 7.44971860e+000 8.93544703e+001 3.70415116e+001 1.01587839e+003 1.01064844e+003 4.11613477e+000 2.47104212e-001 1.62756411e+001 0.00000000e+000 0.00000000e+000 1.00000000e+000 0.00000000e+000
 1.00000000e+000 2.16979995e+001 1.09514680e+001 1.34869663e+001 6.87341834e+000 9.39435443e+001 4.53649913e+001 1.01603574e+003 1.01259855e+003 3.90958317e+000 4.30848301e-001 1.62129567e+001 0.00000000e+000 0.00000000e+000 1.00000000e+000 0.00000000e+000
 1.00000000e+000 1.97895096e+001 7.72973225e+000 9.97878858e+000 5.55367957e+000 9.56881906e+001 4.10327026e+001 1.01779094e+003 1.01344575e+003 3.29752838e+000 -5.56354750e-001 1.47138101e+001 0.00000000e+000 0.00000000e+000 1.00000000e+000 0.00000000e+000
 1.00000000e+000 1.85291711e+001 7.40060715e+000 1.16341349e+001 3.46465041e+000 9.29985087e+001 4.67618632e+001 1.01850760e+003 1.01672086e+003 3.85651121e+000 1.37869831e+000 1.69813879e+001 0.00000000e+000 0.00000000e+000 1.00000000e+000 0.00000000e+000
