 1.00000000e+000 1.90057529e+001 7.00545929e+000 1.00011688e+001 4.99376610e+000 1.00005911e+002 3.99965299e+001 1.02198801e+003 1.01698438e+003 2.99929883e+000 -1.93175346e-003 9.99446209e+000 0.00000000e+000 0.00000000e+000 1.00000000e+000 0.00000000e+000
 1.00000000e+000 2.10127554e+001 5.00062485e+000 1.00038113e+001 5.00090480e+000 1.00007674e+002 3.50061090e+001 1.01899034e+003 1.01598517e+003 2.98940546e+000 9.95637726e-001 9.98158799e+000 0.00000000e+000 0.00000000e+000 1.00000000e+000 0.00000000e+000
 1.00000000e+000 1.90139832e+001 8.99559251e+000 8.99530304e+000 5.99448822e+000 9.99945497e+001 4.30009410e+001 1.01798778e+003 1.01499808e+003 1.99743353e+000 1.01576811e+000 1.10031046e+001 0.00000000e+000 0.00000000e+000 1.00000000e+000 0.00000000e+000
 1.00000000e+000 1.99947280e+001 7.99656688e+000 9.01069542e+000 7.99572826e+000 1.00002274e+002 4.60235269e+001 1.01700455e+003 1.01399763e+003 2.98130860e+000 -1.36491822e-002 1.39936107e+001 0.00000000e+000 0.00000000e+000 1.00000000e+000 0.00000000e+000
 1.00000000e+000 1.80018864e+001 7.99012131e+000 1.00185581e+001 4.01750305e+000 8.70190591e+001 4.00140532e+001 1.01499333e+003 1.01099764e+003 3.01019388e+000 9.92931408e-001 2.39728232e+001 0.00000000e+000 0.00000000e+000 1.00000000e+000 0.00000000e+000
 1.00000000e+000 1.50166028e+001 1.19934282e+001 1.30093310e+001 8.00020672e+000 9.39993081e+001 7.20001760e+001 1.01200201e+003 1.00898986e+003 3.00613179e+000 9.97129372e-001 2.29878579e+001 0.00000000e+000 0.00000000e+000 0.00000000e+000 1.00000000e+000
 1.00000000e+000 1.29914744e+001 1.10194069e+001 1.20061554e+001 1.00000031e+001 9.39898209e+001 9.39866964e+001 1.01698971e+003 1.00898752e+003 1.00732003e+000 -2.03265792e-003 1.40079322e+001 0.00000000e+000 0.00000000e+000 0.00000000e+000 0.00000000e+000
 1.00000000e+000 1.50135831e+001 7.06072452e+000 9.98541917e+000 6.99672991e+000 1.00045415e+002 6.70274106e+001 1.01996422e+003 1.01499122e+003 2.00929493e+000 9.95391839e-001 1.29738513e+001 1.00000000e+000 0.00000000e+000 0.00000000e+000 0.00000000e+000
 1.00000000e+000 1.10152118e+001 7.97446816e+000 9.01328232e+000 7.02325395e+000 1.00001003e+002 7.60089298e+001 1.01702174e+003 1.01299485e+003 2.00068996e+000 -1.16073260e-002 1.40023405e+001 0.00000000e+000 0.00000000e+000 1.00000000e+000 0.00000000e+000
 1.00000000e+000 1.29856097e+001 9.04741260e+000 8.99162230e+000 6.99021884e+000 8.69979154e+001 7.69918034e+001 1.01894819e+003 1.01797871e+003 2.98862708e+000 7.36844153e-004 7.99809328e+000 0.00000000e+000 0.00000000e+000 1.00000000e+000 0.00000000e+000
 1.00000000e+000 1.49920583e+001 8.03111592e+000 8.99768138e+000 6.99948459e+000 9.30112217e+001 6.29935974e+001 1.01997091e+003 1.01699006e+003 2.99731908e+000 -3.58666097e-003 8.00596394e+000 0.00000000e+000 0.00000000e+000 1.00000000e+000 0.00000000e+000
 1.00000000e+000 1.30106816e+001 8.01868923e+000 7.99157773e+000 5.98480178e+000 9.30216427e+001 6.30009600e+001 1.01896920e+003 1.01600910e+003 9.89591733e-001 6.58820756e-004 1.30032564e+001 0.00000000e+000 0.00000000e+000 1.00000000e+000 0.00000000e+000
 1.00000000e+000 1.30097124e+001 7.99804387e+000 9.00679949e+000 7.00805707e+000 9.99944067e+001 7.60008776e+001 1.02101263e+003 1.01899352e+003 1.00247244e+000 9.90086618e-001 1.09922582e+001 0.00000000e+000 0.00000000e+000 1.00000000e+000 0.00000000e+000
 1.00000000e+000 1.10084143e+001 7.02731280e+000 8.03453369e+000 7.01538770e+000 9.99872714e+001 8.20167294e+001 1.02198677e+003 1.01900249e+003 1.00082989e+000 -1.85416556e-002 1.29915227e+001 0.00000000e+000 0.00000000e+000 1.00000000e+000 0.00000000e+000
 1.00000000e+000 1.30004390e+001 1.00079077e+001 8.99445843e+000 6.99244199e+000 8.70124511e+001 6.69935420e+001 1.02198118e+003 1.01998959e+003 1.99344675e+000 1.00311063e+000 1.39967684e+001 0.00000000e+000 0.00000000e+000 1.00000000e+000 0.00000000e+000
 1.00000000e+000 1.60140486e+001 1.00004334e+001 9.00761398e+000 6.99779949e+000 8.79928856e+001 5.89965460e+001 1.02199774e+003 1.01898977e+003 3.00365365e+000 1.01024982e+000 7.98641757e+000 0.00000000e+000 0.00000000e+000 0.00000000e+000 1.00000000e+000
 1.00000000e+000 1.30102266e+001 9.98729989e+000 7.98033711e+000 5.02747685e+000 8.70110946e+001 6.30235448e+001 1.01991596e+003 1.01995934e+003 2.01204139e+000 1.02699790e+000 9.96309201e+000 0.00000000e+000 0.00000000e+000 0.00000000e+000 1.00000000e+000
 1.00000000e+000 1.39986394e+001 8.00493858e+000 8.98770924e+000 5.00166470e+000 9.40007743e+001 6.69990798e+001 1.01997558e+003 1.01698028e+003 1.99808618e+000 -8.90730574e-004 1.10035094e+001 0.00000000e+000 0.00000000e+000 1.00000000e+000 0.00000000e+000
 1.00000000e+000 1.30096791e+001 9.00072308e+000 1.00029467e+001 7.99947469e+000 1.00001035e+002 8.19940270e+001 1.01699709e+003 1.01597971e+003 2.00208238e+000 2.61617755e-004 1.89843276e+001 0.00000000e+000 0.00000000e+000 1.00000000e+000 0.00000000e+000
 1.00000000e+000 1.60278598e+001 8.01742334e+000 1.10140447e+001 6.02655564e+000 1.00026206e+002 6.80292697e+001 1.01999282e+003 1.01597566e+003 1.03604770e+000 -2.31569463e-002 1.89996994e+001 0.00000000e+000 0.00000000e+000 1.00000000e+000 0.00000000e+000
 1.00000000e+000 2.00198115e+001 1.10162353e+001 1.09944165e+001 5.99137803e+000 1.00011882e+002 3.99939436e+001 1.01796254e+003 1.01598138e+003 3.02080680e+000 1.21320189e-002 1.39907240e+001 0.00000000e+000 0.00000000e+000 1.00000000e+000 0.00000000e+000
 1.00000000e+000 2.30071281e+001 1.20048823e+001 1.20024539e+001 8.99458044e+000 9.40039816e+001 4.09993311e+001 1.01599179e+003 1.01198889e+003 3.00029127e+000 -8.28314546e-004 7.99207278e+000 0.00000000e+000 0.00000000e+000 1.00000000e+000 0.00000000e+000
 1.00000000e+000 2.30134591e+001 1.39953200e+001 1.40035814e+001 8.01033063e+000 8.19998529e+001 3.80040038e+001 1.01500182e+003 1.01199683e+003 3.99686564e+000 9.99340409e-001 1.39917159e+001 0.00000000e+000 0.00000000e+000 1.00000000e+000 0.00000000e+000
 1.00000000e+000 1.69563309e+001 1.20774449e+001 1.19619655e+001 9.95075734e+000 9.39864789e+001 7.19468970e+001 1.01694185e+003 1.01295339e+003 1.97287229e+000 9.88873080e-001 1.40050161e+001 0.00000000e+000 0.00000000e+000 1.00000000e+000 0.00000000e+000
 1.00000000e+000 1.69993083e+001 1.30207236e+001 8.97972433e+000 7.99138909e+000 7.20027095e+001 5.90171104e+001 1.02000267e+003 1.01998676e+003 2.99832212e+000 1.99039284e+000 1.89986762e+001 0.00000000e+000 0.00000000e+000 1.00000000e+000 0.00000000e+000
 1.00000000e+000 1.09859876e+001 9.98830524e+000 7.96752931e+000 6.98371324e+000 8.20328973e+001 8.19732864e+001 1.01696990e+003 1.01598139e+003 9.78477207e-001 1.01820329e+000 1.90105604e+001 0.00000000e+000 0.00000000e+000 0.00000000e+000 1.00000000e+000
 1.00000000e+000 2.29967810e+001 8.00839763e+000 8.98257153e+000 4.98359099e+000 8.70120832e+001 3.09925235e+001 1.01497336e+003 1.00997681e+003 7.99424858e+000 2.00953211e+000 1.00023621e+001 0.00000000e+000 0.00000000e+000 1.00000000e+000 0.00000000e+000
 1.00000000e+000 1.70382571e+001 9.84117677e+000 1.10387221e+001 7.93664920e+000 9.39662845e+001 5.89995090e+001 1.01594169e+003 1.00985048e+003 3.00985802e+000 1.05531977e+000 1.60398090e+001 0.00000000e+000 0.00000000e+000 1.00000000e+000 0.00000000e+000
 1.00000000e+000 1.49727867e+001 9.05395328e+000 8.95802323e+000 7.97231187e+000 9.40453663e+001 6.29842895e+001 1.01892353e+003 1.01498377e+003 3.94346120e+000 1.00570032e+000 1.60128424e+001 0.00000000e+000 1.00000000e+000 0.00000000e+000 0.00000000e+000
 1.00000000e+000 1.70116583e+001 6.99778090e+000 1.00076247e+001 6.99774485e+000 1.00000654e+002 5.89981022e+001 1.01499863e+003 1.01198915e+003 3.00356303e+000 -2.45754405e-003 1.39896196e+001 0.00000000e+000 0.00000000e+000 0.00000000e+000 1.00000000e+000
 1.00000000e+000 1.80064994e+001 7.00308096e+000 1.00005708e+001 6.99481932e+000 1.00003202e+002 5.59981455e+001 1.01499148e+003 1.01298688e+003 3.99844103e+000 -4.78622595e-004 7.99428386e+000 1.00000000e+000 0.00000000e+000 1.00000000e+000 0.00000000e+000
 1.00000000e+000 2.00022996e+001 8.00499769e+000 1.09952632e+001 3.99364438e+000 1.00005060e+002 4.19963819e+001 1.01798388e+003 1.01498532e+003 2.99714163e+000 2.20297297e-003 9.99635770e+000 0.00000000e+000 0.00000000e+000 1.00000000e+000 0.00000000e+000
 1.00000000e+000 2.09659870e+001 7.01499598e+000 7.97841425e+000 3.99879908e+000 9.99968111e+001 3.49916120e+001 1.02096040e+003 1.01692026e+003 6.00488742e+000 9.95682219e-001 1.30261914e+001 0.00000000e+000 0.00000000e+000 1.00000000e+000 0.00000000e+000
 1.00000000e+000 2.09972011e+001 6.01380515e+000 9.00334616e+000 1.01675978e+000 9.30099821e+001 2.70089955e+001 1.02298772e+003 1.01900687e+003 3.01456753e+000 7.09092665e-003 2.09846341e+001 0.00000000e+000 0.00000000e+000 1.00000000e+000 0.00000000e+000
 1.00000000e+000 1.69814597e+001 8.04148526e+000 6.99168093e+000 2.02225382e+000 8.69980757e+001 3.69849111e+001 1.02197371e+003 1.01802682e+003 7.00792609e+000 1.01232249e+000 1.40101653e+001 0.00000000e+000 0.00000000e+000 1.00000000e+000 0.00000000e+000
 1.00000000e+000 1.49993310e+001 5.99939997e+000 5.99559024e+000 2.01868243e+000 9.30152343e+001 4.20152066e+001 1.02296304e+003 1.01898870e+003 4.00127995e+000 9.97465054e-001 8.01348527e+000 0.00000000e+000 0.00000000e+000 0.00000000e+000 1.00000000e+000
 1.00000000e+000 1.49893414e+001 8.00788827e+000 9.98449297e+000 6.00411137e+000 8.80138554e+001 5.89889162e+001 1.02195285e+003 1.01898298e+003 9.85985717e-001 1.00312194e+000 1.00161517e+001 0.00000000e+000 0.00000000e+000 1.00000000e+000 0.00000000e+000
 1.00000000e+000 1.70037680e+001 8.00652791e+000 1.30009856e+001 7.97745308e+000 9.99915417e+001 7.19915108e+001 1.02101359e+003 1.01700044e+003 2.00149832e+000 -4.89948763e-003 8.00064039e+000 0.00000000e+000 0.00000000e+000 1.00000000e+000 0.00000000e+000
 1.00000000e+000 1.40164530e+001 1.09931029e+001 1.20099770e+001 8.99658166e+000 9.99970487e+001 7.20000663e+001 1.02100338e+003 1.01599172e+003 2.00453522e+000 -2.65908796e-003 9.98548757e+000 0.00000000e+000 1.00000000e+000 0.00000000e+000 0.00000000e+000
 1.00000000e+000 2.19775775e+001 8.97882073e+000 1.39859108e+001 8.99095241e+000 9.99988756e+001 5.30419552e+001 1.01896506e+003 1.01495829e+003 3.99341117e+000 3.72503957e-003 1.40047719e+001 0.00000000e+000 1.00000000e+000 0.00000000e+000 0.00000000e+000
 1.00000000e+000 2.30051724e+001 1.09948755e+001 1.49938293e+001 1.10039556e+001 1.00010583e+002 4.70056761e+001 1.01798361e+003 1.01496838e+003 4.03164392e+000 9.97693681e-001 1.10217999e+001 0.00000000e+000 0.00000000e+000 1.00000000e+000 0.00000000e+000
 1.00000000e+000 2.40072355e+001 1.20017001e+001 1.49949055e+001 1.20001125e+001 1.00011296e+002 4.99966067e+001 1.01999829e+003 1.01699210e+003 3.00339441e+000 1.82316891e-003 7.99464777e+000 0.00000000e+000 0.00000000e+000 1.00000000e+000 0.00000000e+000
 1.00000000e+000 2.39985029e+001 1.40086948e+001 1.49935558e+001 1.39955704e+001 1.00011324e+002 5.69946590e+001 1.02098991e+003 1.01898003e+003 1.00609612e+000 -2.30099392e-003 7.99888789e+000 0.00000000e+000 0.00000000e+000 1.00000000e+000 0.00000000e+000
 1.00000000e+000 2.50096941e+001 1.29914795e+001 1.39932150e+001 8.00607643e+000 1.00016201e+002 3.40106784e+001 1.02098291e+003 1.01699089e+003 5.00245887e+000 9.99350569e-001 2.30018491e+001 0.00000000e+000 0.00000000e+000 1.00000000e+000 0.00000000e+000
 1.00000000e+000 2.20045962e+001 1.20035682e+001 1.39989841e+001 9.99437393e+000 9.40039693e+001 4.99965531e+001 1.01898955e+003 1.01498716e+003 2.99862447e+000 5.39897283e-007 1.89943783e+001 0.00000000e+000 0.00000000e+000 1.00000000e+000 0.00000000e+000
 1.00000000e+000 2.30124809e+001 1.09855874e+001 1.20108296e+001 9.00144031e+000 9.39932907e+001 4.09978270e+001 1.01901177e+003 1.01499808e+003 4.00031803e+000 -1.57243084e-003 1.09905029e+001 0.00000000e+000 0.00000000e+000 1.00000000e+000 0.00000000e+000
 1.00000000e+000 2.39917852e+001 1.19879118e+001 1.29941118e+001 8.02092107e+000 9.40028182e+001 3.60209752e+001 1.02096599e+003 1.01795407e+003 3.00414106e+000 -2.55365211e-003 1.00167825e+001 0.00000000e+000 0.00000000e+000 1.00000000e+000 0.00000000e+000
 1.00000000e+000 2.60054020e+001 1.29995046e+001 1.30009548e+001 1.19978054e+001 9.40036341e+001 4.19976148e+001 1.01899282e+003 1.01598828e+003 6.00275086e+000 -7.78703499e-004 1.39951332e+001 0.00000000e+000 0.00000000e+000 1.00000000e+000 0.00000000e+000
 1.00000000e+000 2.59997576e+001 1.40143466e+001 1.49811071e+001 1.19846842e+001 1.00010386e+002 4.19988736e+001 1.01797010e+003 1.01397726e+003 5.99748487e+000 9.99571645e-001 1.40002988e+001 0.00000000e+000 0.00000000e+000 1.00000000e+000 0.00000000e+000
 1.00000000e+000 2.59958146e+001 1.40098530e+001 1.49931531e+001 9.99889203e+000 9.40036515e+001 3.89919592e+001 1.01898765e+003 1.01498539e+003 8.99924609e+000 2.42216540e-003 1.09976623e+001 0.00000000e+000 0.00000000e+000 1.00000000e+000 0.00000000e+000
 1.00000000e+000 2.30079273e+001 1.20183348e+001 1.19972387e+001 7.00351386e+000 8.79964252e+001 3.59866193e+001 1.01898944e+003 1.01500181e+003 5.00678006e+000 1.00795170e+000 1.89952988e+001 0.00000000e+000 0.00000000e+000 1.00000000e+000 0.00000000e+000
 1.00000000e+000 2.39889220e+001 1.10127061e+001 1.19860677e+001 7.00085273e+000 8.80078848e+001 3.39814480e+001 1.01797958e+003 1.01498511e+003 5.98529292e+000 1.00537721e+000 2.40114932e+001 0.00000000e+000 0.00000000e+000 1.00000000e+000 0.00000000e+000
 1.00000000e+000 2.30206276e+001 1.20021607e+001 1.19917100e+001 6.97464388e+000 9.40136164e+001 3.60137855e+001 1.01798458e+003 1.01497637e+003 4.99172324e+000 -4.12025481e-003 1.59970473e+001 0.00000000e+000 0.00000000e+000 0.00000000e+000 1.00000000e+000
 1.00000000e+000 2.40173906e+001 1.29934062e+001 1.30129712e+001 8.99672772e+000 8.79937717e+001 3.79978358e+001 1.01801275e+003 1.01398847e+003 2.00564651e+000 -1.28547888e-003 7.97757177e+000 0.00000000e+000 0.00000000e+000 1.00000000e+000 0.00000000e+000
 1.00000000e+000 2.50302518e+001 1.39847977e+001 1.30446427e+001 1.00093888e+001 8.79651086e+001 4.10111259e+001 1.01503800e+003 1.01199356e+003 3.04588089e+000 9.90045970e-001 1.89842479e+001 0.00000000e+000 0.00000000e+000 1.00000000e+000 0.00000000e+000
 1.00000000e+000 2.29926787e+001 1.19757260e+001 1.19913223e+001 8.04081087e+000 9.99962871e+001 3.80057798e+001 1.01693406e+003 1.01395793e+003 3.96506475e+000 1.00217607e+000 1.30070259e+001 0.00000000e+000 0.00000000e+000 1.00000000e+000 0.00000000e+000
 1.00000000e+000 2.30031688e+001 1.10038832e+001 9.99897756e+000 4.99429882e+000 8.80041782e+001 3.09978139e+001 1.01798872e+003 1.01398687e+003 5.99709479e+000 1.11402308e-004 2.39942948e+001 0.00000000e+000 0.00000000e+000 1.00000000e+000 0.00000000e+000
 1.00000000e+000 2.20089846e+001 1.10010760e+001 8.01102929e+000 1.00123923e+000 7.59914617e+001 2.49913084e+001 1.01901746e+003 1.01499575e+003 5.01676012e+000 1.00115731e+000 2.69902325e+001 0.00000000e+000 0.00000000e+000 1.00000000e+000 0.00000000e+000
 1.00000000e+000 2.50181115e+001 1.20023371e+001 8.00472100e+000 5.98751720e+000 7.20096234e+001 2.89906495e+001 1.01597825e+003 1.01497922e+003 5.99951677e+000 1.00274338e+000 9.99123972e+000 0.00000000e+000 0.00000000e+000 1.00000000e+000 0.00000000e+000
 1.00000000e+000 2.50451187e+001 9.98056539e+000 8.03011610e+000 2.98213375e+000 7.69927048e+001 2.50247999e+001 1.01800342e+003 1.01394618e+003 8.03079315e+000 9.89615770e-001 1.59543051e+001 0.00000000e+000 0.00000000e+000 1.00000000e+000 0.00000000e+000
 1.00000000e+000 2.50107361e+001 1.20092019e+001 1.00022605e+001 5.99717775e+000 6.70022986e+001 3.20020151e+001 1.01398951e+003 1.01200466e+003 6.01771054e+000 3.00354706e+000 3.49941186e+001 0.00000000e+000 0.00000000e+000 0.00000000e+000 1.00000000e+000
 1.00000000e+000 2.80304031e+001 1.49685991e+001 1.29979397e+001 8.99265115e+000 7.70186883e+001 2.99857291e+001 1.01605908e+003 1.01200401e+003 7.02744139e+000 1.00390471e+000 1.39850132e+001 0.00000000e+000 0.00000000e+000 0.00000000e+000 1.00000000e+000
 1.00000000e+000 2.69974290e+001 1.50072243e+001 1.29942344e+001 9.99618289e+000 7.70066608e+001 3.59941823e+001 1.01298472e+003 1.00898435e+003 3.00165874e+000 1.00104416e+000 2.69986244e+001 0.00000000e+000 0.00000000e+000 0.00000000e+000 1.00000000e+000
 1.00000000e+000 3.00088484e+001 1.49941067e+001 1.50130900e+001 9.99067569e+000 8.19846540e+001 3.29846404e+001 1.01000730e+003 1.00699106e+003 2.99495277e+000 1.60453531e-003 9.97977020e+000 0.00000000e+000 0.00000000e+000 0.00000000e+000 0.00000000e+000
 1.00000000e+000 3.09658093e+001 1.90319313e+001 1.49549414e+001 2.94116490e+000 7.80388023e+001 2.10119709e+001 1.00991280e+003 1.00595946e+003 7.92069536e+000 9.67044402e-001 1.40653384e+001 0.00000000e+000 0.00000000e+000 0.00000000e+000 1.00000000e+000
 1.00000000e+000 3.10099288e+001 1.50021509e+001 1.40068599e+001 9.99703952e+000 8.20003042e+001 2.70054510e+001 1.00800282e+003 1.00699160e+003 5.00057047e+000 9.96594270e-001 9.98715740e+000 0.00000000e+000 0.00000000e+000 0.00000000e+000 1.00000000e+000
 1.00000000e+000 3.20084643e+001 1.79917713e+001 1.60274880e+001 8.99341331e+000 6.09691049e+001 2.89910658e+001 1.00802243e+003 1.00296832e+003 5.01316884e+000 9.95791988e-001 1.89755504e+001 0.00000000e+000 0.00000000e+000 1.00000000e+000 0.00000000e+000
 1.00000000e+000 2.80169415e+001 1.69888930e+001 1.50119320e+001 5.99375511e+000 7.69934072e+001 2.49912792e+001 1.00900838e+003 1.00500347e+003 6.01241326e+000 1.00051191e+000 1.29967412e+001 0.00000000e+000 0.00000000e+000 0.00000000e+000 1.00000000e+000
 1.00000000e+000 2.70044891e+001 1.59970824e+001 1.10037905e+001 5.98793324e+000 6.79914348e+001 2.59800829e+001 1.01099568e+003 1.00098431e+003 5.98999387e+000 2.00319141e+000 1.39887178e+001 0.00000000e+000 0.00000000e+000 0.00000000e+000 1.00000000e+000
 1.00000000e+000 2.70029083e+001 1.70041345e+001 7.99944246e+000 3.99437098e+000 5.50058588e+001 2.29983392e+001 1.01098883e+003 1.00698644e+003 5.99794472e+000 1.99983882e+000 2.09944583e+001 0.00000000e+000 0.00000000e+000 0.00000000e+000 1.00000000e+000
 1.00000000e+000 2.60051747e+001 1.30051540e+001 7.99741800e+000 3.99480709e+000 7.20038440e+001 2.39995443e+001 1.01098973e+003 1.00898589e+003 7.99933012e+000 1.00025682e+000 2.09947177e+001 0.00000000e+000 0.00000000e+000 0.00000000e+000 1.00000000e+000
 1.00000000e+000 2.50003842e+001 1.29977050e+001 8.00425482e+000 3.00175023e+000 6.30019428e+001 2.39970407e+001 1.01399833e+003 1.00998325e+003 7.00283307e+000 9.99118146e-001 2.29953435e+001 0.00000000e+000 0.00000000e+000 0.00000000e+000 1.00000000e+000
 1.00000000e+000 2.60615261e+001 1.19526758e+001 7.02224409e+000 1.99840298e+000 6.30094680e+001 2.40265748e+001 1.01303285e+003 1.00998181e+003 6.99311133e+000 9.90642918e-001 2.59397996e+001 0.00000000e+000 0.00000000e+000 0.00000000e+000 1.00000000e+000
 1.00000000e+000 3.10003618e+001 1.20065665e+001 8.00391694e+000 5.97628721e+000 6.69887574e+001 2.19751242e+001 1.01301627e+003 1.00897269e+003 7.00496033e+000 1.00423654e+000 1.59812333e+001 0.00000000e+000 0.00000000e+000 0.00000000e+000 1.00000000e+000
 1.00000000e+000 3.10082267e+001 1.30194830e+001 9.00776805e+000 1.98450902e+000 6.70084219e+001 1.60050607e+001 1.00998984e+003 1.00498617e+003 7.01258924e+000 9.93077552e-001 1.39915783e+001 0.00000000e+000 0.00000000e+000 0.00000000e+000 1.00000000e+000
 1.00000000e+000 3.10229421e+001 1.79909993e+001 1.10201575e+001 4.98620317e+000 4.99916535e+001 1.99993826e+001 1.01501692e+003 1.00301679e+003 6.01106458e+000 9.96462417e-001 1.59920833e+001 0.00000000e+000 0.00000000e+000 0.00000000e+000 1.00000000e+000
 1.00000000e+000 2.90108631e+001 1.59996901e+001 1.30080709e+001 -1.00046596e+000 7.69992319e+001 1.39995505e+001 1.00900332e+003 1.00598774e+003 8.01154921e+000 9.99335424e-001 2.29884841e+001 0.00000000e+000 0.00000000e+000 0.00000000e+000 1.00000000e+000
 1.00000000e+000 2.89962298e+001 1.50070572e+001 9.99146494e+000 9.90971223e-001 6.70097251e+001 1.59941537e+001 1.01098166e+003 1.00798448e+003 5.99189176e+000 2.00163671e+000 1.40012076e+001 0.00000000e+000 0.00000000e+000 0.00000000e+000 1.00000000e+000
 1.00000000e+000 2.99997229e+001 1.60075288e+001 7.99562680e+000 1.99181332e+000 5.50084345e+001 1.69967511e+001 1.01098513e+003 1.00698887e+003 7.99575410e+000 1.00065565e+000 1.09998029e+001 0.00000000e+000 0.00000000e+000 0.00000000e+000 1.00000000e+000
 1.00000000e+000 2.29994404e+001 1.30209322e+001 1.10000540e+001 6.99465659e+000 7.70114406e+001 3.59906342e+001 1.01096562e+003 1.00997201e+003 5.01434750e+000 1.00740228e+000 2.09983834e+001 0.00000000e+000 0.00000000e+000 0.00000000e+000 1.00000000e+000
 1.00000000e+000 2.70040582e+001 1.10078338e+001 6.99760781e+000 4.99087852e+000 7.60089006e+001 2.39966113e+001 1.01198149e+003 1.00998332e+003 7.99762348e+000 1.00413677e+000 1.59948863e+001 0.00000000e+000 0.00000000e+000 0.00000000e+000 1.00000000e+000
 1.00000000e+000 2.60085448e+001 1.29979743e+001 1.00179578e+001 6.99553308e+000 6.70028585e+001 3.00003193e+001 1.01301197e+003 1.00899707e+003 4.00186458e+000 9.89681096e-001 9.99060435e+000 0.00000000e+000 0.00000000e+000 0.00000000e+000 1.00000000e+000
 1.00000000e+000 3.20057801e+001 2.10007446e+001 1.10018602e+001 2.99620175e+000 5.30047056e+001 1.60003633e+001 1.01099313e+003 1.00598863e+003 6.00053981e+000 1.99925164e+000 9.99387573e+000 0.00000000e+000 0.00000000e+000 0.00000000e+000 1.00000000e+000
 1.00000000e+000 3.10067044e+001 2.09999842e+001 9.98647029e+000 8.00126557e+000 4.90157272e+001 2.49948142e+001 1.00798190e+003 1.00597310e+003 4.99896566e+000 2.00717111e+000 1.29890971e+001 0.00000000e+000 0.00000000e+000 0.00000000e+000 1.00000000e+000
 1.00000000e+000 3.00103754e+001 1.70059875e+001 1.19985307e+001 5.98250824e+000 6.80003502e+001 2.19864268e+001 1.01097469e+003 1.00798130e+003 6.00515603e+000 1.00483860e+000 1.59928934e+001 0.00000000e+000 0.00000000e+000 0.00000000e+000 1.00000000e+000
 1.00000000e+000 3.00144889e+001 1.49870934e+001 8.01374336e+000 3.99670250e+000 5.90023124e+001 1.89992432e+001 1.01001701e+003 1.00699192e+003 5.00919339e+000 2.99673198e+000 2.69807927e+001 0.00000000e+000 0.00000000e+000 0.00000000e+000 1.00000000e+000
 1.00000000e+000 3.20158664e+001 1.69974573e+001 8.98728010e+000 5.99041477e+000 5.90196286e+001 2.09996522e+001 1.00998695e+003 1.00597877e+003 6.98393710e+000 3.00511679e+000 2.69987774e+001 0.00000000e+000 0.00000000e+000 0.00000000e+000 1.00000000e+000
 1.00000000e+000 3.50100631e+001 1.60034848e+001 1.20124473e+001 6.99060148e+000 6.29959161e+001 1.80136741e+001 1.01200925e+003 1.00798896e+003 6.00340399e+000 9.92916487e-001 1.39863375e+001 0.00000000e+000 0.00000000e+000 0.00000000e+000 1.00000000e+000
 1.00000000e+000 3.10204808e+001 2.09874649e+001 1.20159022e+001 1.10111360e+001 5.30000087e+001 2.90165036e+001 1.01000225e+003 1.00698350e+003 3.00922413e+000 9.93686235e-001 2.98109927e+000 0.00000000e+000 0.00000000e+000 0.00000000e+000 1.00000000e+000
 1.00000000e+000 3.70065436e+001 1.89965740e+001 1.20043008e+001 5.00050403e+000 6.00007304e+001 1.59984914e+001 1.00900344e+003 1.00498486e+003 7.00228703e+000 9.99663775e-001 1.29878350e+001 0.00000000e+000 0.00000000e+000 0.00000000e+000 1.00000000e+000
 1.00000000e+000 2.90055759e+001 2.10007412e+001 8.00226368e+000 5.99438124e+000 4.30045345e+001 2.29986041e+001 1.00699328e+003 1.00498794e+003 1.99800933e+000 1.99935887e+000 2.99270199e+000 0.00000000e+000 0.00000000e+000 0.00000000e+000 1.00000000e+000
 1.00000000e+000 3.40051313e+001 2.60051258e+001 9.99966738e+000 4.99489608e+000 2.70066773e+001 2.09940035e+001 1.00898414e+003 1.00498688e+003 4.00126378e+000 2.00214032e+000 7.99400776e+000 0.00000000e+000 0.00000000e+000 0.00000000e+000 1.00000000e+000
 1.00000000e+000 3.39985110e+001 2.20075287e+001 1.09921139e+001 6.99516410e+000 5.00050727e+001 1.89988333e+001 1.01198191e+003 1.00898598e+003 4.99630969e+000 1.00191352e+000 1.89958029e+001 0.00000000e+000 0.00000000e+000 0.00000000e+000 1.00000000e+000
 1.00000000e+000 3.20271589e+001 1.69828246e+001 4.03409750e+000 5.07945254e-003 4.20057500e+001 1.39769397e+001 1.01300367e+003 1.00998968e+003 5.02576145e+000 2.01272436e+000 2.39739526e+001 0.00000000e+000 0.00000000e+000 0.00000000e+000 1.00000000e+000
 1.00000000e+000 3.29989041e+001 1.90068278e+001 7.99874353e+000 2.99315648e+000 3.70081347e+001 1.69968143e+001 1.01098541e+003 1.00898392e+003 4.99665631e+000 1.00013387e+000 1.89981950e+001 0.00000000e+000 0.00000000e+000 0.00000000e+000 1.00000000e+000
 1.00000000e+000 2.79785162e+001 2.10221087e+001 7.97394355e+000 5.99601192e+000 3.80257888e+001 2.79950393e+001 1.00895508e+003 1.00598266e+003 1.99076643e+000 1.00419530e+000 3.02325477e+000 0.00000000e+000 0.00000000e+000 0.00000000e+000 1.00000000e+000
 1.00000000e+000 3.69942040e+001 2.20063760e+001 7.99150418e+000 5.99588719e+000 4.10103753e+001 1.59922633e+001 1.00497420e+003 1.00298914e+003 6.99927820e+000 2.00493989e+000 2.59959366e+001 0.00000000e+000 0.00000000e+000 0.00000000e+000 1.00000000e+000
 1.00000000e+000 3.60038096e+001 2.40020027e+001 1.10075746e+001 8.00227973e+000 3.79971607e+001 1.79873416e+001 1.00798248e+003 1.00399771e+003 3.98950726e+000 1.00267442e+000 7.98767614e+000 0.00000000e+000 0.00000000e+000 0.00000000e+000 1.00000000e+000
 1.00000000e+000 3.71240895e+001 2.59744819e+001 1.20278392e+001 6.01195001e+000 4.20895634e+001 1.50974659e+001 1.00899468e+003 1.00600460e+003 5.10382133e+000 9.73412921e-001 1.29890573e+001 0.00000000e+000 0.00000000e+000 0.00000000e+000 1.00000000e+000
 1.00000000e+000 4.00202682e+001 2.30108411e+001 1.00353951e+001 5.96074943e+000 4.10026581e+001 1.19767181e+001 1.00797007e+003 1.00299555e+003 2.01138388e+000 1.01845974e+000 9.96026483e+000 0.00000000e+000 0.00000000e+000 0.00000000e+000 1.00000000e+000
 1.00000000e+000 4.00142767e+001 2.69975629e+001 1.20104115e+001 4.99175002e+000 3.10014685e+001 1.70026895e+001 1.00400013e+003 1.00299764e+003 6.99618752e+000 1.99731101e+000 1.09831143e+001 0.00000000e+000 0.00000000e+000 0.00000000e+000 1.00000000e+000
 1.00000000e+000 3.79069654e+001 2.71963205e+001 1.09191741e+001 7.89212119e+000 3.71501031e+001 1.60270931e+001 1.00685022e+003 1.00394993e+003 5.83854069e+000 1.98377274e+000 7.92123201e+000 0.00000000e+000 0.00000000e+000 0.00000000e+000 1.00000000e+000
 1.00000000e+000 3.59934113e+001 2.40096665e+001 6.98845046e+000 2.99775610e+000 2.90159070e+001 1.29994192e+001 1.00697396e+003 1.00398241e+003 5.99304540e+000 2.00123158e+000 1.30042876e+001 0.00000000e+000 0.00000000e+000 0.00000000e+000 1.00000000e+000
 1.00000000e+000 3.40087518e+001 2.00232667e+001 2.01401890e+000 -9.93231270e-001 3.00002350e+001 1.20154747e+001 1.00997767e+003 1.00699422e+003 7.01921852e+000 9.93575219e-001 1.89963966e+001 0.00000000e+000 0.00000000e+000 0.00000000e+000 1.00000000e+000
 1.00000000e+000 3.40072775e+001 1.89974462e+001 1.00082660e+000 -9.93808264e-001 2.80052721e+001 1.19957065e+001 1.00898953e+003 1.00698385e+003 6.99896793e+000 3.00359106e+000 2.69902219e+001 0.00000000e+000 0.00000000e+000 0.00000000e+000 1.00000000e+000
 1.00000000e+000 3.30281523e+001 2.09653634e+001 2.02420559e+000 1.04995348e+000 2.69978014e+001 1.40250657e+001 1.01001003e+003 1.00898219e+003 7.03117950e+000 2.99730159e+000 2.29636044e+001 0.00000000e+000 0.00000000e+000 0.00000000e+000 1.00000000e+000
 1.00000000e+000 3.70074095e+001 2.19993573e+001 4.00465790e+000 2.99494215e+000 2.90028618e+001 1.19988431e+001 1.00799877e+003 1.00498998e+003 7.00095998e+000 2.99898803e+000 2.69902749e+001 0.00000000e+000 0.00000000e+000 0.00000000e+000 1.00000000e+000
 1.00000000e+000 3.90076153e+001 3.90063683e+001 3.99115741e+000 4.00548568e+000 1.09959087e+001 1.09994221e+001 1.00498528e+003 1.00500455e+003 6.98583898e+000 7.00637787e+000 1.39870628e+001 0.00000000e+000 0.00000000e+000 0.00000000e+000 1.00000000e+000
 1.00000000e+000 3.29957354e+001 2.89999027e+001 6.98730337e+000 4.98696783e+000 2.50110451e+001 1.69960955e+001 1.00598851e+003 1.00497560e+003 3.99262369e+000 2.99996159e+000 6.00814873e+000 0.00000000e+000 0.00000000e+000 0.00000000e+000 1.00000000e+000
 1.00000000e+000 3.80408745e+001 2.29732417e+001 7.04344839e+000 4.01838097e+000 3.39914804e+001 1.30047240e+001 1.00805978e+003 1.00503451e+003 8.00049822e+000 1.99087001e+000 1.59675071e+001 0.00000000e+000 0.00000000e+000 0.00000000e+000 1.00000000e+000
 1.00000000e+000 3.80100222e+001 2.50004833e+001 9.01045320e+000 4.99071960e+000 2.89953024e+001 1.49961555e+001 1.00998799e+003 1.00798817e+003 6.01338688e+000 1.99878168e+000 2.10008892e+001 0.00000000e+000 0.00000000e+000 0.00000000e+000 1.00000000e+000
 1.00000000e+000 3.79925376e+001 2.60232874e+001 7.99260237e+000 3.98722301e+000 3.00136546e+001 1.20101705e+001 1.00998077e+003 1.00498327e+003 6.99360685e+000 1.99604608e+000 1.30010704e+001 0.00000000e+000 0.00000000e+000 0.00000000e+000 1.00000000e+000
 1.00000000e+000 4.10097717e+001 2.60014430e+001 7.02163581e+000 5.00672782e+000 2.99827677e+001 1.09993993e+001 1.00500823e+003 9.99983530e+002 8.00889922e+000 1.99780848e+000 2.39744990e+001 0.00000000e+000 0.00000000e+000 0.00000000e+000 1.00000000e+000
 1.00000000e+000 4.09503119e+001 2.60425278e+001 6.94678264e+000 5.96917195e+000 2.80392900e+001 1.19991211e+001 1.00298470e+003 1.00001677e+003 7.98900858e+000 2.00044431e+000 1.90530939e+001 0.00000000e+000 0.00000000e+000 0.00000000e+000 1.00000000e+000
 1.00000000e+000 4.10034507e+001 2.79981523e+001 6.99465123e+000 3.00638844e+000 2.30177456e+001 1.10090723e+001 1.00398336e+003 9.99992362e+002 8.00009846e+000 9.98318403e-001 2.30042754e+001 0.00000000e+000 0.00000000e+000 0.00000000e+000 1.00000000e+000
 1.00000000e+000 4.00190820e+001 2.70129626e+001 6.01460704e+000 3.98447622e+000 2.30035884e+001 1.20093733e+001 1.00400356e+003 1.00198077e+003 5.01992602e+000 1.99235123e+000 9.99954805e+000 0.00000000e+000 0.00000000e+000 0.00000000e+000 1.00000000e+000
 1.00000000e+000 4.10015432e+001 2.70031789e+001 5.00480657e+000 1.98926390e+000 2.39983865e+001 1.09945855e+001 1.00399672e+003 1.00098717e+003 4.99629240e+000 1.99950208e+000 1.39882389e+001 0.00000000e+000 0.00000000e+000 0.00000000e+000 1.00000000e+000
 1.00000000e+000 4.20229756e+001 2.69865085e+001 6.00782653e+000 2.98546493e+000 2.30083920e+001 9.99850082e+000 1.00600108e+003 1.00298476e+003 7.02425793e+000 2.99721370e+000 2.29898338e+001 0.00000000e+000 0.00000000e+000 0.00000000e+000 1.00000000e+000
 1.00000000e+000 4.29822526e+001 2.70111772e+001 5.99043487e+000 1.96110335e+000 2.30132762e+001 1.00208629e+001 1.00400931e+003 9.99987650e+002 8.00777227e+000 1.98985433e+000 2.90038346e+001 0.00000000e+000 0.00000000e+000 0.00000000e+000 1.00000000e+000
 1.00000000e+000 4.50216120e+001 2.80044190e+001 7.03292459e+000 4.00110974e+000 2.29880395e+001 1.00200385e+001 1.00403431e+003 9.99023716e+002 1.00243964e+001 1.99915702e+000 2.59762384e+001 0.00000000e+000 0.00000000e+000 0.00000000e+000 1.00000000e+000
 1.00000000e+000 4.30069586e+001 3.30035565e+001 1.10083997e+001 5.99685496e+000 2.10007331e+001 1.10029121e+001 1.00099396e+003 9.98993184e+002 4.99695089e+000 2.99769727e+000 1.39861581e+001 0.00000000e+000 0.00000000e+000 0.00000000e+000 1.00000000e+000
 1.00000000e+000 4.49906062e+001 3.20174551e+001 1.09934013e+001 5.98378890e+000 2.70057798e+001 9.99006117e+000 1.00298187e+003 9.99991272e+002 6.99248819e+000 3.00163332e+000 1.40038051e+001 0.00000000e+000 0.00000000e+000 0.00000000e+000 1.00000000e+000
 1.00000000e+000 4.50015761e+001 3.10034569e+001 8.99029523e+000 6.98639818e+000 2.50134221e+001 1.00134545e+001 1.00397025e+003 9.98987180e+002 7.99022909e+000 9.90125174e-001 1.90166035e+001 0.00000000e+000 0.00000000e+000 0.00000000e+000 1.00000000e+000
 1.00000000e+000 4.20029913e+001 3.30048823e+001 1.20056055e+001 7.99845558e+000 2.60009022e+001 1.70031254e+001 1.00600712e+003 1.00199151e+003 6.00037056e+000 3.99734378e+000 1.89873451e+001 0.00000000e+000 0.00000000e+000 0.00000000e+000 1.00000000e+000
 1.00000000e+000 4.39915863e+001 3.10150249e+001 6.99158326e+000 4.99599101e+000 2.20124551e+001 9.99913753e+000 1.00297814e+003 1.00098920e+003 4.98805497e+000 3.00053722e+000 3.39977132e+001 0.00000000e+000 0.00000000e+000 0.00000000e+000 1.00000000e+000
 1.00000000e+000 4.28780697e+001 3.01037357e+001 8.93935746e+000 4.93527041e+000 2.40094278e+001 1.09589180e+001 1.00494741e+003 9.98957994e+002 7.92903208e+000 3.00246205e+000 2.60564442e+001 0.00000000e+000 0.00000000e+000 0.00000000e+000 1.00000000e+000
 1.00000000e+000 4.29893114e+001 3.00417900e+001 1.09834273e+001 7.00909556e+000 2.90033282e+001 1.39688633e+001 1.00198673e+003 9.97980047e+002 7.01147064e+000 3.01424737e+000 1.89901108e+001 0.00000000e+000 0.00000000e+000 0.00000000e+000 1.00000000e+000
 1.00000000e+000 4.10077135e+001 2.89987144e+001 1.30070611e+001 7.99542670e+000 3.49989102e+001 1.40002758e+001 1.01400148e+003 9.99990199e+002 6.00207040e+000 1.99773357e+000 3.69875335e+001 0.00000000e+000 0.00000000e+000 0.00000000e+000 1.00000000e+000
 1.00000000e+000 4.00107313e+001 2.79937334e+001 1.50119567e+001 1.09976636e+001 3.69951569e+001 2.00023408e+001 1.00600959e+003 1.00099269e+003 5.00325863e+000 2.99647283e+000 1.39838289e+001 1.00000000e+000 0.00000000e+000 0.00000000e+000 0.00000000e+000
 1.00000000e+000 3.79890063e+001 2.80162048e+001 1.59863635e+001 1.19912334e+001 4.50128979e+001 2.29942447e+001 1.00597245e+003 1.00198237e+003 4.99043632e+000 1.00165869e+000 3.70046151e+001 0.00000000e+000 0.00000000e+000 0.00000000e+000 1.00000000e+000
 1.00000000e+000 3.70298157e+001 2.70490760e+001 1.70060094e+001 1.19262936e+001 4.80066463e+001 2.50176949e+001 1.00798574e+003 1.00192923e+003 6.02880890e+000 2.98262396e+000 2.69706454e+001 1.00000000e+000 0.00000000e+000 0.00000000e+000 0.00000000e+000
 1.00000000e+000 3.79946523e+001 2.50125222e+001 1.79896542e+001 1.49844200e+001 6.10094554e+001 2.89944393e+001 1.00798071e+003 1.00198893e+003 3.99086454e+000 4.50438206e-004 1.23991831e+002 1.00000000e+000 0.00000000e+000 0.00000000e+000 0.00000000e+000
 1.00000000e+000 3.69690025e+001 2.40082250e+001 1.89811791e+001 1.60168717e+001 7.29971816e+001 2.89748986e+001 1.00801808e+003 9.99956868e+002 5.04014919e+000 1.00718274e+000 1.90298625e+001 1.00000000e+000 0.00000000e+000 0.00000000e+000 0.00000000e+000
 1.00000000e+000 3.80085404e+001 2.60065286e+001 1.69986563e+001 9.98556496e+000 5.70045911e+001 1.90053199e+001 1.00399601e+003 9.98990865e+002 4.99589956e+000 1.99577128e+000 2.09898171e+001 1.00000000e+000 0.00000000e+000 0.00000000e+000 0.00000000e+000
 1.00000000e+000 3.70156132e+001 2.49938892e+001 1.70164675e+001 1.29910875e+001 5.10041625e+001 2.89964687e+001 1.00600967e+003 1.00099387e+003 6.00807951e+000 1.99038241e+000 2.09952746e+001 0.00000000e+000 0.00000000e+000 0.00000000e+000 1.00000000e+000
 1.00000000e+000 3.99954138e+001 2.80124123e+001 1.89972529e+001 1.59937206e+001 5.40010943e+001 2.40083367e+001 1.00597357e+003 1.00098458e+003 3.99430648e+000 1.99795896e+000 1.40003443e+001 0.00000000e+000 0.00000000e+000 0.00000000e+000 1.00000000e+000
 1.00000000e+000 4.29982218e+001 3.10126223e+001 1.89946642e+001 1.09891499e+001 4.60073887e+001 1.70005778e+001 1.00498778e+003 9.98983643e+002 2.99713741e+000 1.99826469e+000 2.29969639e+001 0.00000000e+000 0.00000000e+000 0.00000000e+000 1.00000000e+000
 1.00000000e+000 4.30131836e+001 3.09881698e+001 1.90015016e+001 8.97970208e+000 4.90028921e+001 1.30046853e+001 1.00499583e+003 9.99979523e+002 4.99925635e+000 1.99591968e+000 2.69911039e+001 0.00000000e+000 0.00000000e+000 0.00000000e+000 1.00000000e+000
 1.00000000e+000 4.29860326e+001 3.00029388e+001 2.00134654e+001 1.19850921e+001 4.79930064e+001 1.70062826e+001 1.00403969e+003 9.98988907e+002 5.00743445e+000 1.96751373e+000 2.89800818e+001 0.00000000e+000 0.00000000e+000 0.00000000e+000 1.00000000e+000
 1.00000000e+000 4.09871887e+001 2.79940107e+001 1.99934729e+001 1.69913922e+001 5.10020079e+001 2.80004080e+001 1.00497817e+003 9.98983509e+002 4.97226718e+000 2.00719325e+000 2.89908878e+001 0.00000000e+000 0.00000000e+000 0.00000000e+000 1.00000000e+000
 1.00000000e+000 3.69959124e+001 2.89849945e+001 2.19873888e+001 1.60271326e+001 5.50343207e+001 3.40292220e+001 1.00598462e+003 1.00000213e+003 5.01650006e+000 1.99513350e+000 1.60210698e+001 0.00000000e+000 0.00000000e+000 0.00000000e+000 1.00000000e+000
 1.00000000e+000 3.90049792e+001 2.90098801e+001 2.20045187e+001 1.69870061e+001 5.79968286e+001 2.89950676e+001 1.00300080e+003 9.96980383e+002 4.01137577e+000 1.99803679e+000 2.59925357e+001 0.00000000e+000 0.00000000e+000 0.00000000e+000 1.00000000e+000
 1.00000000e+000 3.70133252e+001 2.99974929e+001 2.00085490e+001 1.69760819e+001 5.49999083e+001 3.00097451e+001 1.00099982e+003 9.96987056e+002 5.00713097e+000 2.99144271e+000 2.59963419e+001 0.00000000e+000 0.00000000e+000 0.00000000e+000 1.00000000e+000
 1.00000000e+000 3.50051088e+001 2.60013763e+001 2.09968993e+001 1.79779774e+001 6.90115981e+001 3.79920885e+001 1.00098300e+003 9.97987457e+002 3.99435728e+000 1.00050845e+000 2.89957217e+001 0.00000000e+000 0.00000000e+000 0.00000000e+000 1.00000000e+000
 1.00000000e+000 4.00098396e+001 2.80015206e+001 2.10150880e+001 1.40084113e+001 6.59814393e+001 2.10265125e+001 9.99997256e+002 9.94971115e+002 8.02630670e+000 9.68319542e-001 2.70057316e+001 0.00000000e+000 0.00000000e+000 0.00000000e+000 1.00000000e+000
 1.00000000e+000 4.29789873e+001 2.70391861e+001 1.69529818e+001 7.98836865e+000 5.40030291e+001 1.39578947e+001 1.00101391e+003 9.98009171e+002 4.97092332e+000 2.01716520e+000 2.69847651e+001 0.00000000e+000 0.00000000e+000 0.00000000e+000 1.00000000e+000
 1.00000000e+000 4.40071050e+001 2.70161802e+001 1.20125858e+001 4.96637175e+000 3.69851397e+001 9.99576168e+000 1.00399796e+003 9.99975844e+002 8.00712086e+000 1.99549929e+000 2.29817493e+001 0.00000000e+000 0.00000000e+000 0.00000000e+000 1.00000000e+000
 1.00000000e+000 4.39942615e+001 2.70108579e+001 8.99734640e+000 5.01036113e+000 3.00075095e+001 1.00074482e+001 1.00197469e+003 9.96956621e+002 7.98445975e+000 9.99208374e-001 2.69727324e+001 0.00000000e+000 0.00000000e+000 0.00000000e+000 1.00000000e+000
 1.00000000e+000 4.29987518e+001 3.00118808e+001 1.49843270e+001 4.97818971e+000 2.70251682e+001 3.99739351e+000 9.99979257e+002 9.93981363e+002 6.99246317e+000 3.00123542e+000 3.70039003e+001 0.00000000e+000 0.00000000e+000 0.00000000e+000 1.00000000e+000
 1.00000000e+000 4.20065417e+001 3.19933476e+001 1.50139935e+001 1.09815620e+001 3.59897280e+001 1.69981226e+001 9.99988475e+002 9.95991459e+002 4.99663719e+000 2.99724244e+000 2.59926784e+001 0.00000000e+000 0.00000000e+000 0.00000000e+000 1.00000000e+000
 1.00000000e+000 4.10286645e+001 2.79769731e+001 1.80068654e+001 1.09979800e+001 5.10101476e+001 1.69980007e+001 1.00298073e+003 9.97995878e+002 5.00064951e+000 2.00252777e+000 2.69825184e+001 0.00000000e+000 0.00000000e+000 0.00000000e+000 1.00000000e+000
 1.00000000e+000 3.80074348e+001 2.90022744e+001 1.80016240e+001 9.99011032e+000 5.10005530e+001 1.79899303e+001 1.00700611e+003 1.00199265e+003 5.00654684e+000 2.00196306e+000 1.89897953e+001 0.00000000e+000 0.00000000e+000 0.00000000e+000 1.00000000e+000
 1.00000000e+000 3.90423192e+001 2.39722677e+001 1.70198955e+001 1.20062284e+001 6.09985110e+001 2.19964161e+001 1.00700463e+003 9.98995450e+002 5.01916173e+000 1.81172433e-003 1.05979051e+002 0.00000000e+000 0.00000000e+000 0.00000000e+000 1.00000000e+000
 1.00000000e+000 3.60219468e+001 2.39982152e+001 1.59917390e+001 1.19954239e+001 6.10288874e+001 2.70186020e+001 1.00596540e+003 1.00098580e+003 3.00216617e+000 9.96677679e-001 1.10026822e+001 1.00000000e+000 0.00000000e+000 0.00000000e+000 0.00000000e+000
 1.00000000e+000 3.60111398e+001 2.90069250e+001 1.49995427e+001 1.19963259e+001 4.20094061e+001 2.49935331e+001 1.00701632e+003 1.00400042e+003 4.01066095e+000 3.00268106e+000 1.39847867e+001 0.00000000e+000 0.00000000e+000 0.00000000e+000 0.00000000e+000
 1.00000000e+000 3.90251576e+001 2.49919095e+001 1.70091814e+001 1.10064269e+001 5.40077246e+001 1.80193676e+001 1.00701242e+003 1.00199187e+003 8.01313343e+000 9.94875283e-001 1.89774914e+001 0.00000000e+000 0.00000000e+000 0.00000000e+000 1.00000000e+000
 1.00000000e+000 3.99910482e+001 3.20100535e+001 1.59954546e+001 1.29945551e+001 3.80056743e+001 1.99995031e+001 1.00497936e+003 9.99985215e+002 4.99158395e+000 9.98913500e-001 2.30020728e+001 0.00000000e+000 0.00000000e+000 0.00000000e+000 1.00000000e+000
 1.00000000e+000 4.19624694e+001 3.00298891e+001 1.79741201e+001 1.39879457e+001 4.30097092e+001 1.90018291e+001 1.00391015e+003 9.97980960e+002 4.95435135e+000 1.99876083e+000 1.40371545e+001 0.00000000e+000 0.00000000e+000 0.00000000e+000 1.00000000e+000
 1.00000000e+000 4.20080466e+001 3.20012970e+001 1.90041967e+001 1.39931361e+001 3.90014914e+001 1.89998061e+001 1.00299923e+003 9.96986566e+002 5.00454476e+000 1.99855626e+000 2.29884944e+001 0.00000000e+000 0.00000000e+000 0.00000000e+000 1.00000000e+000
 1.00000000e+000 4.30021282e+001 3.30070397e+001 1.99979475e+001 1.59903996e+001 4.10056766e+001 2.09984274e+001 1.00098937e+003 9.95985521e+002 3.99965152e+000 9.99591027e-001 1.89937404e+001 0.00000000e+000 0.00000000e+000 0.00000000e+000 1.00000000e+000
 1.00000000e+000 4.09976540e+001 3.30160505e+001 1.89974686e+001 1.49787124e+001 3.90009283e+001 2.39909698e+001 1.00099212e+003 9.96978024e+002 2.99638341e+000 1.00076549e+000 4.69873924e+001 0.00000000e+000 0.00000000e+000 0.00000000e+000 1.00000000e+000
 1.00000000e+000 3.89993420e+001 3.10042845e+001 2.09958339e+001 1.69839087e+001 5.20073476e+001 3.29768285e+001 1.00196142e+003 9.96986211e+002 4.99695299e+000 3.00932650e+000 2.69905886e+001 0.00000000e+000 0.00000000e+000 0.00000000e+000 1.00000000e+000
 1.00000000e+000 3.60118103e+001 2.69849878e+001 2.19930215e+001 1.89929909e+001 6.19937608e+001 3.89964037e+001 1.00399679e+003 9.96951401e+002 5.00496958e+000 1.99714054e+000 2.29973409e+001 0.00000000e+000 0.00000000e+000 0.00000000e+000 1.00000000e+000
 1.00000000e+000 3.89960760e+001 2.90129933e+001 2.19891273e+001 1.39855986e+001 6.20099063e+001 2.19956561e+001 1.00198020e+003 9.98984757e+002 7.99486813e+000 1.00116826e+000 1.10026033e+001 1.00000000e+000 0.00000000e+000 0.00000000e+000 0.00000000e+000
 1.00000000e+000 4.00000526e+001 3.00091553e+001 2.29925747e+001 1.49868547e+001 6.60091135e+001 2.49996737e+001 1.00398498e+003 9.98985329e+002 6.99481964e+000 1.99943939e+000 2.29986504e+001 0.00000000e+000 0.00000000e+000 0.00000000e+000 1.00000000e+000
 1.00000000e+000 4.19976001e+001 3.20077485e+001 2.19939334e+001 1.39804338e+001 4.90071277e+001 1.89864892e+001 1.00099053e+003 9.96992645e+002 8.00271161e+000 2.00310316e+000 2.30059216e+001 0.00000000e+000 0.00000000e+000 0.00000000e+000 1.00000000e+000
 1.00000000e+000 4.09724207e+001 3.40165083e+001 2.09988650e+001 1.59703928e+001 4.09812202e+001 2.39546590e+001 1.00096248e+003 9.95999828e+002 4.97019856e+000 2.00811139e+000 2.60117343e+001 0.00000000e+000 0.00000000e+000 0.00000000e+000 1.00000000e+000
 1.00000000e+000 3.60115237e+001 2.99986463e+001 2.19948385e+001 1.89962171e+001 5.80149168e+001 4.10151080e+001 1.00200067e+003 9.98985859e+002 3.00705130e+000 1.99309896e+000 2.29973259e+001 0.00000000e+000 0.00000000e+000 0.00000000e+000 1.00000000e+000
 1.00000000e+000 3.79761276e+001 2.90220745e+001 2.19840325e+001 2.09392441e+001 6.60329902e+001 3.70001435e+001 1.00298303e+003 9.97976500e+002 4.99502689e+000 2.98708446e+000 1.40161098e+001 0.00000000e+000 0.00000000e+000 0.00000000e+000 1.00000000e+000
 1.00000000e+000 3.90089750e+001 3.19990049e+001 2.20067884e+001 1.99963582e+001 5.20008282e+001 3.30030414e+001 1.00199773e+003 9.96989782e+002 9.00694084e+000 2.99705880e+000 2.69902898e+001 0.00000000e+000 0.00000000e+000 0.00000000e+000 1.00000000e+000
 1.00000000e+000 3.89948765e+001 3.10399710e+001 2.40018648e+001 2.00123742e+001 5.59814861e+001 3.69916621e+001 1.00100654e+003 9.97001265e+002 5.01473098e+000 2.99960612e+000 2.29872289e+001 0.00000000e+000 0.00000000e+000 0.00000000e+000 1.00000000e+000
 1.00000000e+000 3.80040267e+001 2.70081847e+001 2.39987072e+001 1.89912345e+001 7.00053037e+001 3.69976037e+001 9.98989975e+002 9.94986150e+002 4.00019656e+000 9.99403858e-001 6.09937287e+001 0.00000000e+000 0.00000000e+000 0.00000000e+000 1.00000000e+000
 1.00000000e+000 4.10014331e+001 2.80050248e+001 2.29968464e+001 1.89874404e+001 7.00050964e+001 2.80058485e+001 9.98014017e+002 9.92980539e+002 4.00326921e+000 9.95672271e-001 1.89889824e+001 1.00000000e+000 0.00000000e+000 0.00000000e+000 0.00000000e+000
 1.00000000e+000 4.00613950e+001 2.89904380e+001 2.00389786e+001 1.59767670e+001 5.49611493e+001 2.40085536e+001 9.98054300e+002 9.93980605e+002 5.03710490e+000 2.99406487e+000 3.69481833e+001 0.00000000e+000 0.00000000e+000 0.00000000e+000 1.00000000e+000
 1.00000000e+000 4.00034158e+001 3.00067205e+001 2.09980279e+001 1.69907437e+001 5.50049392e+001 2.59993217e+001 9.98990617e+002 9.93986883e+002 4.00089876e+000 2.99916775e+000 2.69937169e+001 0.00000000e+000 0.00000000e+000 0.00000000e+000 1.00000000e+000
 1.00000000e+000 3.90225651e+001 3.30094704e+001 2.09988416e+001 1.59891164e+001 4.39961662e+001 2.89948361e+001 9.98972209e+002 9.94991960e+002 2.99884365e+000 2.00421011e+000 2.69740931e+001 0.00000000e+000 0.00000000e+000 0.00000000e+000 1.00000000e+000
 1.00000000e+000 4.10099411e+001 3.19951983e+001 2.00103829e+001 1.79922769e+001 4.59916056e+001 2.80018290e+001 9.99021578e+002 9.93982553e+002 3.99883071e+000 1.98406349e+000 2.70013354e+001 0.00000000e+000 0.00000000e+000 0.00000000e+000 1.00000000e+000
 1.00000000e+000 3.90020518e+001 3.19880710e+001 2.20086987e+001 1.80065884e+001 4.89922143e+001 3.29841202e+001 1.00001227e+003 9.95998992e+002 3.99845886e+000 3.00742615e+000 2.69859392e+001 0.00000000e+000 0.00000000e+000 0.00000000e+000 1.00000000e+000
 1.00000000e+000 3.20012454e+001 2.50219283e+001 2.30106191e+001 1.80133033e+001 7.39989579e+001 5.09820998e+001 1.00297489e+003 9.99999201e+002 4.01256714e+000 1.01040225e+000 4.69894278e+001 0.00000000e+000 0.00000000e+000 0.00000000e+000 1.00000000e+000
 1.00000000e+000 3.69891194e+001 2.80210129e+001 2.39808451e+001 1.99924919e+001 7.00170933e+001 4.19965543e+001 1.00397149e+003 9.98982233e+002 4.99741173e+000 2.00187141e+000 2.30079618e+001 1.00000000e+000 0.00000000e+000 0.00000000e+000 0.00000000e+000
 1.00000000e+000 3.90516613e+001 2.89462106e+001 2.40529757e+001 1.70188717e+001 7.39777366e+001 3.10424317e+001 1.00101929e+003 9.96999258e+002 4.01408870e+000 2.97704036e+000 2.89827872e+001 0.00000000e+000 0.00000000e+000 0.00000000e+000 1.00000000e+000
 1.00000000e+000 3.79915729e+001 3.20059590e+001 2.39881396e+001 1.69898249e+001 6.20057640e+001 3.09855418e+001 9.98985741e+002 9.95981883e+002 4.99775931e+000 3.00376734e+000 2.70057341e+001 0.00000000e+000 0.00000000e+000 0.00000000e+000 1.00000000e+000
 1.00000000e+000 3.79866864e+001 3.20214806e+001 1.99827185e+001 1.69715022e+001 4.30116609e+001 3.29835746e+001 9.96976956e+002 9.92980590e+002 4.99413877e+000 3.00336852e+000 2.70085504e+001 0.00000000e+000 0.00000000e+000 0.00000000e+000 1.00000000e+000
 1.00000000e+000 3.70138058e+001 3.20008115e+001 2.20108012e+001 1.79909136e+001 5.19962380e+001 3.50007631e+001 9.99005054e+002 9.94994420e+002 5.00566429e+000 2.99725831e+000 2.59835125e+001 0.00000000e+000 0.00000000e+000 0.00000000e+000 1.00000000e+000
 1.00000000e+000 3.90063558e+001 2.99939106e+001 2.19888502e+001 1.80088568e+001 5.50156487e+001 2.89988854e+001 1.00202848e+003 9.99017450e+002 5.01222749e+000 3.00536236e+000 1.90119634e+001 0.00000000e+000 0.00000000e+000 0.00000000e+000 1.00000000e+000
 1.00000000e+000 3.80094754e+001 2.80009062e+001 2.40070595e+001 1.49881597e+001 7.39904647e+001 3.29978358e+001 1.00301867e+003 9.98988177e+002 4.00856535e+000 9.97488737e-001 5.49760729e+001 0.00000000e+000 0.00000000e+000 0.00000000e+000 1.00000000e+000
 1.00000000e+000 3.80253871e+001 2.80269280e+001 2.20054968e+001 1.79901447e+001 6.60177812e+001 3.10234738e+001 1.00200877e+003 9.98969211e+002 4.05205918e+000 9.93663996e-001 1.89866410e+001 1.00000000e+000 0.00000000e+000 0.00000000e+000 0.00000000e+000
 1.00000000e+000 3.90583435e+001 2.90741647e+001 2.30293671e+001 1.95024185e+000 6.99706859e+001 1.80337805e+001 1.00399355e+003 9.99982959e+002 5.04297410e+000 9.99668753e-001 9.96088962e+000 0.00000000e+000 1.00000000e+000 0.00000000e+000 0.00000000e+000
 1.00000000e+000 3.69910921e+001 3.00058009e+001 2.39930525e+001 2.09903706e+001 7.00176100e+001 3.89945733e+001 1.00399154e+003 9.99005372e+002 2.98388224e+000 1.98182514e+000 1.39900498e+001 0.00000000e+000 0.00000000e+000 0.00000000e+000 1.00000000e+000
 1.00000000e+000 3.99841284e+001 3.00382712e+001 2.29704844e+001 1.99741418e+001 6.60319758e+001 3.10089244e+001 1.00193462e+003 9.95975135e+002 4.98283305e+000 1.99507831e+000 1.40228363e+001 0.00000000e+000 0.00000000e+000 0.00000000e+000 1.00000000e+000
 1.00000000e+000 4.00210342e+001 2.99873801e+001 2.30217113e+001 1.79961575e+001 6.19857339e+001 2.90017897e+001 9.98025745e+002 9.94997300e+002 4.01424686e+000 1.99587456e+000 2.59736869e+001 0.00000000e+000 0.00000000e+000 0.00000000e+000 1.00000000e+000
 1.00000000e+000 3.89989159e+001 3.00062990e+001 2.29874316e+001 1.69866962e+001 5.20119679e+001 2.90039099e+001 9.96972569e+002 9.92987048e+002 4.98056403e+000 1.99903586e+000 2.69960127e+001 0.00000000e+000 0.00000000e+000 0.00000000e+000 1.00000000e+000
 1.00000000e+000 3.69989738e+001 2.80052145e+001 2.29930098e+001 1.89906068e+001 6.60075512e+001 3.49943608e+001 9.99982161e+002 9.95985745e+002 4.99548583e+000 2.00140204e+000 1.89986930e+001 0.00000000e+000 0.00000000e+000 0.00000000e+000 1.00000000e+000
 1.00000000e+000 3.80187219e+001 2.99738254e+001 2.20022676e+001 1.59709517e+001 6.20008115e+001 2.69997287e+001 1.00000340e+003 9.94968913e+002 4.98974228e+000 2.99424141e+000 2.69875797e+001 0.00000000e+000 0.00000000e+000 0.00000000e+000 1.00000000e+000
 1.00000000e+000 3.90084864e+001 2.89986753e+001 2.19996387e+001 1.70017890e+001 6.60070055e+001 2.70071929e+001 9.97994063e+002 9.94993865e+002 5.00491519e+000 1.99815149e+000 2.89959432e+001 0.00000000e+000 0.00000000e+000 0.00000000e+000 1.00000000e+000
 1.00000000e+000 3.80020444e+001 3.00490231e+001 2.20145951e+001 1.90448473e+001 5.80187465e+001 3.49725971e+001 9.99006247e+002 9.95004748e+002 4.01169672e+000 2.00743549e+000 2.29637162e+001 0.00000000e+000 0.00000000e+000 0.00000000e+000 1.00000000e+000
 1.00000000e+000 3.79800412e+001 3.10271992e+001 2.19873844e+001 1.79756774e+001 5.20007254e+001 3.49832703e+001 9.98968595e+002 9.94974470e+002 7.98427621e+000 3.00300885e+000 2.70014940e+001 0.00000000e+000 0.00000000e+000 0.00000000e+000 1.00000000e+000
 1.00000000e+000 3.59941502e+001 3.00229732e+001 2.19710494e+001 1.89832216e+001 5.80141721e+001 3.69979586e+001 9.99968285e+002 9.96984867e+002 6.97842179e+000 3.00077087e+000 2.60075110e+001 0.00000000e+000 0.00000000e+000 0.00000000e+000 1.00000000e+000
 1.00000000e+000 3.09987155e+001 2.70095018e+001 2.39975107e+001 1.99852875e+001 7.89973239e+001 5.19906121e+001 1.00199091e+003 9.96983854e+002 3.99540626e+000 1.00050603e+000 2.29930608e+001 0.00000000e+000 0.00000000e+000 0.00000000e+000 1.00000000e+000
 1.00000000e+000 3.20064961e+001 2.79932609e+001 2.40002152e+001 2.09964477e+001 7.39902450e+001 5.79993607e+001 9.98999275e+002 9.94995096e+002 3.00017896e+000 1.00081838e+000 1.39886078e+001 1.00000000e+000 0.00000000e+000 0.00000000e+000 0.00000000e+000
 1.00000000e+000 3.20463401e+001 2.80879452e+001 2.40073008e+001 1.68918045e+001 7.90061100e+001 4.49770299e+001 9.98973011e+002 9.95944344e+002 4.06807967e+000 1.00397594e+000 2.09435124e+001 1.00000000e+000 0.00000000e+000 0.00000000e+000 0.00000000e+000
 1.00000000e+000 3.30232959e+001 2.79425716e+001 2.40240892e+001 1.70231623e+001 7.39714631e+001 4.49937346e+001 9.99058569e+002 9.97009725e+002 5.00034436e+000 9.97867950e-001 1.59767600e+001 0.00000000e+000 1.00000000e+000 0.00000000e+000 0.00000000e+000
 1.00000000e+000 3.40217953e+001 2.79967217e+001 2.39996356e+001 1.99909995e+001 7.39928259e+001 5.20097268e+001 9.99012895e+002 9.95990496e+002 5.02711455e+000 1.01039919e+000 1.39903169e+001 0.00000000e+000 1.00000000e+000 0.00000000e+000 0.00000000e+000
 1.00000000e+000 3.40240072e+001 2.59892965e+001 2.30215557e+001 1.99953414e+001 7.39810349e+001 5.20413371e+001 9.99010187e+002 9.96010318e+002 5.02338019e+000 9.80649678e-001 1.39790165e+001 0.00000000e+000 0.00000000e+000 0.00000000e+000 1.00000000e+000
 1.00000000e+000 3.50002384e+001 2.80042715e+001 2.29908653e+001 2.00016648e+001 7.00136430e+001 4.40047759e+001 9.97979124e+002 9.94987720e+002 2.99873209e+000 9.99866449e-001 1.40032971e+001 1.00000000e+000 0.00000000e+000 0.00000000e+000 0.00000000e+000
 1.00000000e+000 3.49887511e+001 2.90296628e+001 2.19552683e+001 1.89879690e+001 6.20584339e+001 4.59808097e+001 9.97960155e+002 9.94989141e+002 4.97280308e+000 2.01192232e+000 1.09995338e+001 0.00000000e+000 0.00000000e+000 0.00000000e+000 1.00000000e+000
 1.00000000e+000 3.80104505e+001 2.90192998e+001 2.29916245e+001 1.69886336e+001 5.80188357e+001 3.19983020e+001 9.97969256e+002 9.94992832e+002 6.00169416e+000 2.00535890e+000 1.89841768e+001 0.00000000e+000 1.00000000e+000 0.00000000e+000 0.00000000e+000
 1.00000000e+000 3.49866371e+001 3.00120329e+001 2.59794105e+001 1.69876284e+001 7.00122378e+001 3.40196080e+001 9.97972057e+002 9.95952249e+002 4.98273209e+000 1.99190065e+000 2.29970536e+001 0.00000000e+000 0.00000000e+000 0.00000000e+000 1.00000000e+000
 1.00000000e+000 2.99980261e+001 2.89975609e+001 2.10170158e+001 1.59993852e+001 6.20071825e+001 4.50107281e+001 1.00001280e+003 9.96998873e+002 4.98596520e+000 1.98411888e+000 2.30097098e+001 0.00000000e+000 0.00000000e+000 0.00000000e+000 1.00000000e+000
 1.00000000e+000 3.40107370e+001 2.79955229e+001 2.10089954e+001 1.49986092e+001 6.59967924e+001 4.10031977e+001 9.99005880e+002 9.95991506e+002 6.00368387e+000 1.99611579e+000 2.29892655e+001 0.00000000e+000 1.00000000e+000 0.00000000e+000 0.00000000e+000
 1.00000000e+000 3.30130395e+001 2.89926934e+001 1.89998562e+001 1.69915197e+001 5.50144839e+001 3.80083199e+001 9.98996402e+002 9.95985123e+002 5.01117101e+000 9.96782903e-001 3.19958409e+001 0.00000000e+000 1.00000000e+000 0.00000000e+000 0.00000000e+000
 1.00000000e+000 3.30150969e+001 2.89512206e+001 1.80385466e+001 1.60402692e+001 4.80226740e+001 3.60157563e+001 1.00201334e+003 9.98037600e+002 4.99593429e+000 2.98081080e+000 2.90346456e+001 0.00000000e+000 0.00000000e+000 0.00000000e+000 1.00000000e+000
 1.00000000e+000 3.50416592e+001 2.89385626e+001 1.99800809e+001 1.49591761e+001 5.50069500e+001 2.99932562e+001 1.00297581e+003 9.97951289e+002 5.97784205e+000 2.01044302e+000 1.90002349e+001 0.00000000e+000 1.00000000e+000 0.00000000e+000 0.00000000e+000
 1.00000000e+000 3.59590029e+001 2.90296156e+001 1.99655285e+001 1.49785656e+001 5.20390776e+001 2.99806883e+001 1.00194210e+003 9.97958698e+002 4.97442268e+000 3.00047433e+000 1.40493156e+001 0.00000000e+000 0.00000000e+000 0.00000000e+000 1.00000000e+000
 1.00000000e+000 3.49747175e+001 2.80045129e+001 2.09721687e+001 1.49925853e+001 5.50118485e+001 3.59932220e+001 1.00199720e+003 9.97983168e+002 5.00295803e+000 2.99526248e+000 2.90087203e+001 0.00000000e+000 0.00000000e+000 0.00000000e+000 1.00000000e+000
 1.00000000e+000 3.59685229e+001 2.90223011e+001 1.99573846e+001 1.69540133e+001 5.80419252e+001 3.40182461e+001 1.00094437e+003 9.97967440e+002 4.96954157e+000 1.98904913e+000 1.30309263e+001 0.00000000e+000 0.00000000e+000 0.00000000e+000 1.00000000e+000
 1.00000000e+000 3.70179021e+001 2.89858150e+001 1.99895422e+001 1.70200434e+001 5.50318710e+001 3.70223627e+001 1.00097674e+003 9.97001518e+002 5.01320883e+000 2.99767145e+000 1.30148282e+001 0.00000000e+000 0.00000000e+000 0.00000000e+000 1.00000000e+000
 1.00000000e+000 3.60340806e+001 2.79850787e+001 2.09943877e+001 1.60459142e+001 5.50468957e+001 3.40490959e+001 9.98978925e+002 9.96042296e+002 3.97789060e+000 1.99508904e+000 1.29822462e+001 1.00000000e+000 0.00000000e+000 0.00000000e+000 0.00000000e+000
 1.00000000e+000 3.69943404e+001 2.90081352e+001 1.99885760e+001 1.59969578e+001 5.50130081e+001 3.20009913e+001 9.98975818e+002 9.94986647e+002 4.99491148e+000 3.00038469e+000 1.90068894e+001 0.00000000e+000 0.00000000e+000 0.00000000e+000 0.00000000e+000
 1.00000000e+000 3.69591193e+001 3.10231980e+001 1.99954040e+001 1.50166540e+001 4.89936200e+001 3.59901847e+001 9.98964878e+002 9.95971923e+002 4.97373559e+000 2.99966161e+000 1.90076959e+001 0.00000000e+000 0.00000000e+000 0.00000000e+000 1.00000000e+000
 1.00000000e+000 3.20177345e+001 2.89882818e+001 2.00130637e+001 1.59984781e+001 4.89936057e+001 3.80074806e+001 1.00101043e+003 9.97991537e+002 3.99693761e+000 1.99489004e+000 1.89851735e+001 0.00000000e+000 0.00000000e+000 0.00000000e+000 1.00000000e+000
 1.00000000e+000 3.49979780e+001 2.89997502e+001 1.89976670e+001 1.60014388e+001 5.10033746e+001 3.60019599e+001 1.00399506e+003 9.99991001e+002 3.99213026e+000 1.99769347e+000 1.90002969e+001 0.00000000e+000 0.00000000e+000 0.00000000e+000 1.00000000e+000
 1.00000000e+000 3.39950753e+001 2.99933789e+001 1.90080693e+001 1.59801418e+001 5.09838804e+001 3.79953599e+001 1.00299147e+003 9.97977848e+002 4.97876534e+000 1.99822767e+000 1.89882140e+001 0.00000000e+000 1.00000000e+000 0.00000000e+000 0.00000000e+000
 1.00000000e+000 3.49904684e+001 2.90149653e+001 1.99755242e+001 1.39885598e+001 5.10133414e+001 3.19982565e+001 9.99958147e+002 9.96985093e+002 5.00452144e+000 3.00605643e+000 2.30036940e+001 0.00000000e+000 0.00000000e+000 0.00000000e+000 1.00000000e+000
 1.00000000e+000 3.59924474e+001 2.99977405e+001 1.90015717e+001 1.40122901e+001 4.60079477e+001 2.80268770e+001 9.98969680e+002 9.95989978e+002 3.99728597e+000 2.99115539e+000 2.30191733e+001 1.00000000e+000 0.00000000e+000 0.00000000e+000 0.00000000e+000
 1.00000000e+000 3.70075008e+001 2.99965545e+001 1.80035448e+001 1.19971798e+001 4.80018650e+001 2.50020880e+001 1.00200080e+003 9.97992609e+002 5.00023049e+000 2.99846039e+000 3.19902653e+001 0.00000000e+000 0.00000000e+000 0.00000000e+000 1.00000000e+000
 1.00000000e+000 3.79418265e+001 2.99883323e+001 1.69627090e+001 1.29820517e+001 3.99997010e+001 2.50238411e+001 1.00489689e+003 1.00085913e+003 5.03904712e+000 2.98264094e+000 2.71065768e+001 0.00000000e+000 0.00000000e+000 0.00000000e+000 1.00000000e+000
 1.00000000e+000 3.79711072e+001 3.00098138e+001 1.89978117e+001 1.29801213e+001 4.10133355e+001 2.40258210e+001 1.00498726e+003 1.00199378e+003 4.98415851e+000 2.98398377e+000 1.90009532e+001 0.00000000e+000 0.00000000e+000 0.00000000e+000 1.00000000e+000
 1.00000000e+000 3.39922338e+001 2.80068162e+001 1.79948601e+001 1.39944643e+001 4.80073429e+001 3.39995434e+001 1.00697914e+003 1.00198636e+003 4.99419145e+000 2.00127668e+000 2.40047658e+001 0.00000000e+000 0.00000000e+000 0.00000000e+000 1.00000000e+000
 1.00000000e+000 3.59967747e+001 2.90071610e+001 1.79930838e+001 1.29962718e+001 4.80091879e+001 3.10004971e+001 1.00597756e+003 1.00298862e+003 4.99103911e+000 2.00028832e+000 1.40016447e+001 0.00000000e+000 1.00000000e+000 0.00000000e+000 1.00000000e+000
 1.00000000e+000 3.69953631e+001 2.90053531e+001 1.69943489e+001 1.30010234e+001 4.80053291e+001 2.49947801e+001 1.00797431e+003 1.00399172e+003 5.00328493e+000 3.00301291e+000 1.90093473e+001 0.00000000e+000 0.00000000e+000 0.00000000e+000 1.00000000e+000
 1.00000000e+000 3.60112020e+001 2.89991260e+001 1.80058056e+001 1.50000940e+001 4.80023319e+001 3.20041603e+001 1.00699576e+003 1.00199092e+003 4.00628553e+000 2.99781895e+000 1.29916736e+001 0.00000000e+000 0.00000000e+000 0.00000000e+000 1.00000000e+000
 1.00000000e+000 3.80028453e+001 3.09951185e+001 1.89977279e+001 1.09968825e+001 4.90037662e+001 2.20071021e+001 1.00299495e+003 9.98983800e+002 5.00296189e+000 2.99928665e+000 2.29902108e+001 0.00000000e+000 0.00000000e+000 0.00000000e+000 1.00000000e+000
 1.00000000e+000 3.89956851e+001 3.10161869e+001 1.80107479e+001 1.10323023e+001 4.29928391e+001 2.09902424e+001 1.00400390e+003 1.00100068e+003 6.00387221e+000 3.00721952e+000 2.69728754e+001 0.00000000e+000 0.00000000e+000 0.00000000e+000 1.00000000e+000
 1.00000000e+000 3.90019243e+001 3.09715727e+001 1.70130728e+001 1.09607506e+001 3.79892871e+001 1.99988444e+001 1.00601582e+003 1.00202630e+003 5.98077568e+000 2.99079884e+000 3.40174611e+001 0.00000000e+000 0.00000000e+000 0.00000000e+000 1.00000000e+000
 1.00000000e+000 3.90000350e+001 3.00226065e+001 1.69785248e+001 1.09836170e+001 4.00150696e+001 2.10033938e+001 1.00496618e+003 1.00097472e+003 6.00182303e+000 2.99772836e+000 3.40069656e+001 0.00000000e+000 0.00000000e+000 0.00000000e+000 1.00000000e+000
 1.00000000e+000 3.90016289e+001 3.00046443e+001 2.09977365e+001 1.09933400e+001 4.60051028e+001 2.19965141e+001 1.00300669e+003 9.98005033e+002 1.00016868e+001 3.00079371e+000 2.89988228e+001 0.00000000e+000 0.00000000e+000 0.00000000e+000 1.00000000e+000
 1.00000000e+000 3.80137155e+001 2.99966584e+001 2.40102613e+001 1.89998138e+001 5.89948658e+001 3.30040238e+001 1.00400198e+003 1.00100027e+003 8.00256031e+000 2.99718477e+000 2.59865568e+001 0.00000000e+000 0.00000000e+000 0.00000000e+000 1.00000000e+000
 1.00000000e+000 3.69954560e+001 2.50274089e+001 2.29859234e+001 1.99785954e+001 8.30116124e+001 3.70126932e+001 1.00696839e+003 1.00198916e+003 6.98772952e+000 1.99566034e+000 1.90046541e+001 0.00000000e+000 0.00000000e+000 0.00000000e+000 1.00000000e+000
 1.00000000e+000 3.69980526e+001 2.90493357e+001 2.40011884e+001 1.90125378e+001 7.00165272e+001 3.50231059e+001 1.00594834e+003 1.00000367e+003 5.01584658e+000 2.99598021e+000 2.29994088e+001 0.00000000e+000 1.00000000e+000 0.00000000e+000 0.00000000e+000
 1.00000000e+000 3.80133478e+001 2.99844432e+001 2.40000568e+001 1.89964989e+001 6.99995313e+001 3.49981567e+001 1.01400836e+003 1.00199152e+003 8.00566978e+000 2.99887480e+000 1.89826149e+001 0.00000000e+000 0.00000000e+000 0.00000000e+000 1.00000000e+000
 1.00000000e+000 3.80168625e+001 2.99916201e+001 2.10112239e+001 1.79978708e+001 5.80024460e+001 3.09966383e+001 1.00699337e+003 1.00199125e+003 5.01085398e+000 3.00103978e+000 2.09893794e+001 0.00000000e+000 0.00000000e+000 0.00000000e+000 1.00000000e+000
 1.00000000e+000 3.79970909e+001 3.00024067e+001 2.39937233e+001 1.90008296e+001 5.90074956e+001 3.29980612e+001 1.00598431e+003 1.00098763e+003 4.99550661e+000 2.00114145e+000 1.90002067e+001 0.00000000e+000 0.00000000e+000 0.00000000e+000 1.00000000e+000
 1.00000000e+000 3.60160372e+001 2.89597003e+001 2.30460217e+001 1.90206301e+001 6.59772677e+001 3.89658668e+001 1.00502595e+003 1.00102330e+003 3.03037763e+000 2.02732196e+000 2.29991455e+001 0.00000000e+000 0.00000000e+000 0.00000000e+000 1.00000000e+000
 1.00000000e+000 3.69979485e+001 2.70031186e+001 2.29918214e+001 2.00023494e+001 7.00084826e+001 4.20001766e+001 1.00598368e+003 1.00198850e+003 4.99531518e+000 3.00033055e+000 1.40033043e+001 0.00000000e+000 0.00000000e+000 0.00000000e+000 1.00000000e+000
 1.00000000e+000 3.69965508e+001 2.89946684e+001 2.30056529e+001 2.10016094e+001 7.00145628e+001 4.40203815e+001 1.00497885e+003 1.00199124e+003 5.00190942e+000 2.98148375e+000 1.40019315e+001 0.00000000e+000 0.00000000e+000 0.00000000e+000 1.00000000e+000
 1.00000000e+000 3.60097601e+001 2.79947815e+001 2.30046289e+001 2.09953174e+001 7.39982906e+001 4.40012836e+001 1.00699727e+003 1.00199129e+003 5.00073743e+000 2.99786094e+000 9.99289280e+000 0.00000000e+000 0.00000000e+000 0.00000000e+000 1.00000000e+000
 1.00000000e+000 3.30368969e+001 2.59778697e+001 2.80121560e+001 2.10174102e+001 8.40165205e+001 5.19648065e+001 1.00606358e+003 1.00203034e+003 5.05640915e+000 1.64326810e-002 1.89899901e+001 0.00000000e+000 0.00000000e+000 0.00000000e+000 1.00000000e+000
 1.00000000e+000 2.70145351e+001 2.59996267e+001 2.40048418e+001 2.20042987e+001 8.40053277e+001 7.40046329e+001 1.00500231e+003 1.00300342e+003 3.00394173e+000 9.96084070e-001 9.99433032e+000 1.00000000e+000 0.00000000e+000 0.00000000e+000 0.00000000e+000
 1.00000000e+000 2.90099017e+001 2.69823155e+001 2.40005403e+001 2.20119598e+001 8.40041859e+001 7.00034578e+001 1.00600776e+003 1.00300378e+003 2.98832681e+000 1.99439716e+000 8.00687647e+000 0.00000000e+000 1.00000000e+000 0.00000000e+000 0.00000000e+000
 1.00000000e+000 3.30403587e+001 2.69829149e+001 2.50279705e+001 2.10033697e+001 7.89831259e+001 5.49971197e+001 1.00503445e+003 1.00299314e+003 4.01984724e+000 9.92385297e-001 2.29749495e+001 0.00000000e+000 1.00000000e+000 0.00000000e+000 0.00000000e+000
 1.00000000e+000 3.30114395e+001 2.79959546e+001 2.40117239e+001 2.19971251e+001 7.89945418e+001 5.49984143e+001 1.00600234e+003 1.00199743e+003 3.00572463e+000 9.99511323e-001 1.89950779e+001 0.00000000e+000 1.00000000e+000 0.00000000e+000 0.00000000e+000
 1.00000000e+000 3.20497090e+001 2.69623778e+001 2.40173585e+001 1.99952934e+001 7.90039583e+001 5.90116131e+001 1.00693228e+003 1.00300851e+003 2.96284938e+000 1.00535978e+000 1.39301565e+001 0.00000000e+000 1.00000000e+000 0.00000000e+000 0.00000000e+000
 1.00000000e+000 3.30103511e+001 2.70006978e+001 2.40149729e+001 2.10038271e+001 7.40039213e+001 5.20066509e+001 1.00698261e+003 1.00199998e+003 3.99903574e+000 2.99937478e+000 9.99553353e+000 0.00000000e+000 1.00000000e+000 0.00000000e+000 0.00000000e+000
 1.00000000e+000 3.40163259e+001 2.69897692e+001 2.40145254e+001 2.20056558e+001 7.89973034e+001 5.20161015e+001 1.00499872e+003 1.00198623e+003 4.00505327e+000 1.99160079e+000 9.98641719e+000 0.00000000e+000 0.00000000e+000 0.00000000e+000 1.00000000e+000
 1.00000000e+000 3.49994555e+001 2.70012351e+001 2.39932898e+001 2.19970382e+001 7.90046033e+001 4.69973704e+001 1.00598332e+003 1.00199347e+003 4.99668273e+000 3.00195758e+000 1.29988441e+001 0.00000000e+000 0.00000000e+000 0.00000000e+000 1.00000000e+000
 1.00000000e+000 3.49723455e+001 2.90155129e+001 2.39756265e+001 2.00065191e+001 7.40459392e+001 4.10074214e+001 1.00494477e+003 1.00198605e+003 7.99126819e+000 3.01698295e+000 1.60196367e+001 0.00000000e+000 0.00000000e+000 0.00000000e+000 1.00000000e+000
 1.00000000e+000 3.50129284e+001 2.69784577e+001 2.30063840e+001 2.10187617e+001 7.39958323e+001 4.39845973e+001 1.00501814e+003 1.00100750e+003 6.99252224e+000 3.00556369e+000 1.89757716e+001 0.00000000e+000 0.00000000e+000 0.00000000e+000 1.00000000e+000
 1.00000000e+000 3.69842001e+001 2.90050009e+001 2.29875882e+001 1.79998977e+001 6.60018673e+001 3.69927466e+001 1.00397616e+003 9.98998202e+002 6.98224478e+000 3.00152920e+000 1.60158779e+001 0.00000000e+000 0.00000000e+000 0.00000000e+000 1.00000000e+000
 1.00000000e+000 3.79958636e+001 2.90008737e+001 2.40031092e+001 1.69967728e+001 7.39942012e+001 3.50038698e+001 1.00399235e+003 9.99983503e+002 4.99852468e+000 1.99628089e+000 1.60010880e+001 0.00000000e+000 0.00000000e+000 0.00000000e+000 1.00000000e+000
 1.00000000e+000 3.69943264e+001 2.90075424e+001 2.29920467e+001 1.69958537e+001 6.20066947e+001 3.19979997e+001 1.00498099e+003 1.00198838e+003 7.99502601e+000 2.00105102e+000 1.60045589e+001 0.00000000e+000 0.00000000e+000 0.00000000e+000 1.00000000e+000
 1.00000000e+000 3.39963440e+001 2.69970687e+001 2.49995122e+001 2.20003860e+001 7.89925744e+001 5.59884661e+001 1.00900645e+003 1.00499641e+003 4.00024442e+000 1.00173614e+000 1.30024567e+001 0.00000000e+000 0.00000000e+000 0.00000000e+000 1.00000000e+000
 1.00000000e+000 3.70168852e+001 2.79849510e+001 2.50193212e+001 1.99834385e+001 8.39843404e+001 3.70014496e+001 1.00901116e+003 1.00501763e+003 5.01208450e+000 9.93059883e-001 1.40109242e+001 1.00000000e+000 0.00000000e+000 0.00000000e+000 0.00000000e+000
 1.00000000e+000 3.69865142e+001 2.80115143e+001 2.29956465e+001 1.80046758e+001 7.00148702e+001 3.20008035e+001 1.00897131e+003 1.00299462e+003 6.00363680e+000 2.00058392e+000 1.40225959e+001 0.00000000e+000 0.00000000e+000 0.00000000e+000 1.00000000e+000
 1.00000000e+000 3.79952895e+001 2.89996478e+001 2.30082718e+001 1.89995752e+001 6.59827381e+001 3.29895364e+001 1.00799502e+003 1.00400375e+003 6.99350429e+000 2.00194711e+000 1.23984407e+002 0.00000000e+000 0.00000000e+000 0.00000000e+000 1.00000000e+000
 1.00000000e+000 3.49995220e+001 2.80043852e+001 2.49955890e+001 1.89960756e+001 7.00043908e+001 5.09984735e+001 1.00998461e+003 1.00598816e+003 3.99924958e+000 2.99979734e+000 1.90017798e+001 0.00000000e+000 0.00000000e+000 0.00000000e+000 1.00000000e+000
 1.00000000e+000 3.39957694e+001 2.70104287e+001 2.39907112e+001 2.19955404e+001 7.90059000e+001 4.89954894e+001 1.01197624e+003 1.00698685e+003 4.99724743e+000 2.00219354e+000 1.10055419e+001 0.00000000e+000 0.00000000e+000 0.00000000e+000 1.00000000e+000
 1.00000000e+000 3.60069257e+001 2.70024522e+001 2.30055911e+001 2.00050565e+001 7.39936771e+001 3.89983946e+001 1.00899722e+003 1.00399307e+003 5.00721386e+000 2.99891444e+000 5.99142892e+000 0.00000000e+000 0.00000000e+000 0.00000000e+000 1.00000000e+000
 1.00000000e+000 3.79908332e+001 2.90050102e+001 2.29927951e+001 1.69929230e+001 7.00058334e+001 2.89988588e+001 1.00797859e+003 1.00398670e+003 8.00085522e+000 3.00531391e+000 1.10047677e+001 0.00000000e+000 0.00000000e+000 0.00000000e+000 1.00000000e+000
 1.00000000e+000 3.40100850e+001 2.80022599e+001 2.40127792e+001 2.20099757e+001 7.89899800e+001 5.20031397e+001 1.01799819e+003 1.00700294e+003 4.01132429e+000 2.99670218e+000 1.89917445e+001 0.00000000e+000 0.00000000e+000 0.00000000e+000 1.00000000e+000
 1.00000000e+000 3.40098410e+001 2.69949832e+001 2.30057210e+001 2.09990184e+001 7.89974324e+001 4.60018690e+001 1.01299919e+003 1.00699234e+003 6.00556526e+000 1.99785452e+000 1.39931477e+001 0.00000000e+000 0.00000000e+000 0.00000000e+000 1.00000000e+000
 1.00000000e+000 3.50018525e+001 2.80020359e+001 2.30021504e+001 2.09954653e+001 7.40001316e+001 4.39945406e+001 1.01198006e+003 1.00698167e+003 6.99724657e+000 3.00045041e+000 1.29944760e+001 0.00000000e+000 0.00000000e+000 0.00000000e+000 1.00000000e+000
 1.00000000e+000 3.49895242e+001 2.40192977e+001 2.29995174e+001 1.99864772e+001 8.30052643e+001 4.40139406e+001 1.01299744e+003 1.00798398e+003 6.99288555e+000 2.99365219e+000 2.70021516e+001 0.00000000e+000 0.00000000e+000 0.00000000e+000 1.00000000e+000
 1.00000000e+000 3.40163913e+001 2.59686013e+001 2.40132607e+001 1.10335260e+001 8.29800808e+001 3.89758287e+001 1.01200190e+003 1.00699719e+003 3.98971129e+000 2.01118517e+000 1.09765942e+001 1.00000000e+000 0.00000000e+000 0.00000000e+000 0.00000000e+000
 1.00000000e+000 3.39737805e+001 2.60045884e+001 2.39863066e+001 2.00036524e+001 7.40116631e+001 5.19930164e+001 1.02098395e+003 1.00799126e+003 5.98039757e+000 2.99739920e+000 1.90101869e+001 0.00000000e+000 0.00000000e+000 0.00000000e+000 1.00000000e+000
 1.00000000e+000 3.09767056e+001 2.40182752e+001 2.29733056e+001 1.99948651e+001 8.30171607e+001 5.79806192e+001 1.01198169e+003 1.00798612e+003 4.98025828e+000 1.00832763e+000 1.40012451e+001 0.00000000e+000 1.00000000e+000 0.00000000e+000 0.00000000e+000
 1.00000000e+000 3.19970736e+001 2.60225185e+001 2.29918040e+001 2.09911311e+001 8.30108683e+001 5.19968651e+001 1.01297728e+003 1.00798210e+003 5.00700429e+000 1.99653925e+000 1.40169681e+001 0.00000000e+000 0.00000000e+000 0.00000000e+000 1.00000000e+000
 1.00000000e+000 3.29924661e+001 2.60296914e+001 2.39675040e+001 2.19714133e+001 8.30353443e+001 5.19817549e+001 1.01195884e+003 9.99958566e+002 4.99112863e+000 2.00844017e+000 1.60344945e+001 0.00000000e+000 0.00000000e+000 0.00000000e+000 1.00000000e+000
 1.00000000e+000 3.29933601e+001 2.59815679e+001 2.40327390e+001 1.10467460e+001 7.89588548e+001 2.70208739e+001 1.01197697e+003 1.00789933e+003 5.01250004e+000 1.97955253e+000 1.89695353e+001 0.00000000e+000 0.00000000e+000 0.00000000e+000 1.00000000e+000
 1.00000000e+000 3.30018096e+001 2.49860300e+001 2.30015943e+001 2.10156149e+001 8.29936303e+001 4.90013376e+001 1.01099595e+003 1.00600618e+003 2.99648126e+000 1.00533740e+000 7.99594548e+000 0.00000000e+000 0.00000000e+000 0.00000000e+000 1.00000000e+000
 1.00000000e+000 3.59956995e+001 2.59756889e+001 2.20120889e+001 1.60074941e+001 7.79804978e+001 3.00137029e+001 1.00998619e+003 1.00497513e+003 4.97071187e+000 9.85369949e-001 1.40033481e+001 0.00000000e+000 0.00000000e+000 0.00000000e+000 1.00000000e+000
 1.00000000e+000 3.30088940e+001 2.39938345e+001 1.90030449e+001 1.49970354e+001 6.49985800e+001 3.40014133e+001 1.00999605e+003 1.00699167e+003 4.00415189e+000 9.99280959e-001 7.99552254e+000 0.00000000e+000 0.00000000e+000 0.00000000e+000 1.00000000e+000
 1.00000000e+000 3.70087475e+001 2.39913891e+001 1.70066400e+001 9.99892115e+000 6.09981956e+001 1.90015387e+001 1.01199742e+003 1.00699051e+003 5.00413756e+000 1.00052154e+000 1.39922061e+001 0.00000000e+000 0.00000000e+000 0.00000000e+000 1.00000000e+000
 1.00000000e+000 3.69972299e+001 2.40071764e+001 1.60007985e+001 8.98812262e+000 5.69959707e+001 1.79922201e+001 1.01198993e+003 1.00798484e+003 4.99676998e+000 2.00138317e+000 1.29958034e+001 0.00000000e+000 0.00000000e+000 0.00000000e+000 1.00000000e+000
 1.00000000e+000 3.49972642e+001 2.70051494e+001 1.69833435e+001 1.29944747e+001 4.80195130e+001 2.79955583e+001 1.00996641e+003 1.00797920e+003 4.00055664e+000 1.00404688e+000 6.01144273e+000 0.00000000e+000 0.00000000e+000 0.00000000e+000 1.00000000e+000
 1.00000000e+000 3.40090969e+001 2.29954693e+001 1.80060600e+001 1.19993177e+001 6.89976509e+001 2.60018438e+001 1.01299908e+003 1.00999119e+003 4.00403059e+000 9.99048481e-001 5.99311860e+000 0.00000000e+000 0.00000000e+000 0.00000000e+000 1.00000000e+000
 1.00000000e+000 3.40075590e+001 2.09972443e+001 1.60039816e+001 1.20010793e+001 6.79999276e+001 2.60028441e+001 1.01499502e+003 1.01099075e+003 4.00351010e+000 9.99248467e-001 7.99497271e+000 0.00000000e+000 0.00000000e+000 0.00000000e+000 1.00000000e+000
 1.00000000e+000 3.30026960e+001 2.09955357e+001 1.60122402e+001 1.09910998e+001 6.89839644e+001 2.59876199e+001 1.01500339e+003 1.00999588e+003 4.00104987e+000 1.00140384e+000 5.99258310e+000 0.00000000e+000 0.00000000e+000 0.00000000e+000 1.00000000e+000
 1.00000000e+000 3.40129583e+001 2.09932177e+001 1.50096538e+001 1.09970059e+001 5.99939681e+001 2.40018048e+001 1.01400407e+003 1.00899105e+003 5.00623545e+000 9.98278479e-001 7.98989561e+000 0.00000000e+000 0.00000000e+000 0.00000000e+000 1.00000000e+000
 1.00000000e+000 3.40324960e+001 2.09863259e+001 1.60145654e+001 9.98628186e+000 5.99927863e+001 2.30091027e+001 1.01001612e+003 1.00499580e+003 4.02969828e+000 9.95695889e-001 9.97352192e+000 0.00000000e+000 0.00000000e+000 0.00000000e+000 1.00000000e+000
 1.00000000e+000 2.50026094e+001 2.20013188e+001 1.50055997e+001 1.29939054e+001 6.39932353e+001 4.69949017e+001 1.00799527e+003 1.00598858e+003 3.00068428e+000 1.00328772e+000 1.09892984e+001 0.00000000e+000 0.00000000e+000 0.00000000e+000 1.00000000e+000
 1.00000000e+000 3.40054710e+001 2.59912384e+001 1.60027072e+001 1.19966921e+001 5.39998757e+001 2.59971173e+001 1.00899775e+003 1.00498503e+003 5.00633319e+000 1.00083932e+000 9.99839738e+000 0.00000000e+000 0.00000000e+000 0.00000000e+000 1.00000000e+000
 1.00000000e+000 3.30050313e+001 2.10154847e+001 1.70111150e+001 1.30021708e+001 7.29993785e+001 3.10010661e+001 1.01099141e+003 1.00700757e+003 2.99485222e+000 1.00103114e+000 9.98241196e+000 0.00000000e+000 0.00000000e+000 0.00000000e+000 1.00000000e+000
 1.00000000e+000 3.30090128e+001 2.09976906e+001 1.80043360e+001 1.29977675e+001 6.79995758e+001 2.90011830e+001 1.01299487e+003 1.00899001e+003 3.00527460e+000 9.99313335e-001 9.99436327e+000 0.00000000e+000 0.00000000e+000 0.00000000e+000 1.00000000e+000
 1.00000000e+000 3.19637098e+001 2.30086628e+001 1.79852053e+001 1.49967559e+001 6.89901293e+001 3.79613196e+001 1.01601372e+003 1.01199693e+003 2.96102629e+000 1.00511376e+000 8.00439931e+000 0.00000000e+000 0.00000000e+000 0.00000000e+000 1.00000000e+000
 1.00000000e+000 3.30155272e+001 2.10035603e+001 1.70140056e+001 1.29988657e+001 7.30023815e+001 2.90022803e+001 1.01701535e+003 1.01293784e+003 4.04997607e+000 9.89209358e-001 9.98356159e+000 0.00000000e+000 0.00000000e+000 0.00000000e+000 1.00000000e+000
 1.00000000e+000 3.29934482e+001 2.10046675e+001 1.60024569e+001 1.10222144e+001 6.50047691e+001 2.59990565e+001 1.01498987e+003 1.00998661e+003 4.01126973e+000 1.00334049e+000 1.39980873e+001 0.00000000e+000 0.00000000e+000 0.00000000e+000 1.00000000e+000
 1.00000000e+000 3.09964731e+001 2.10073985e+001 1.69897673e+001 1.19971447e+001 6.00145966e+001 4.00009188e+001 1.01498244e+003 1.00998989e+003 1.99422633e+000 9.99477916e-001 8.00596170e+000 0.00000000e+000 0.00000000e+000 0.00000000e+000 1.00000000e+000
 1.00000000e+000 3.29900246e+001 2.10153014e+001 1.60005852e+001 9.97417731e+000 6.49857616e+001 2.39772388e+001 1.01399116e+003 1.00997458e+003 3.98802246e+000 1.00391887e+000 1.39871396e+001 0.00000000e+000 0.00000000e+000 0.00000000e+000 1.00000000e+000
 1.00000000e+000 3.29997335e+001 2.00266182e+001 1.40066776e+001 1.10121770e+001 5.99946668e+001 2.60001699e+001 1.01198617e+003 1.00801113e+003 5.00143901e+000 1.00297887e+000 1.39879240e+001 0.00000000e+000 0.00000000e+000 0.00000000e+000 1.00000000e+000
 1.00000000e+000 3.30148965e+001 1.99990831e+001 1.60092978e+001 8.99269457e+000 6.09952902e+001 2.79798765e+001 1.00997965e+003 1.00698246e+003 5.00665855e+000 1.00892719e+000 1.89892267e+001 0.00000000e+000 0.00000000e+000 0.00000000e+000 1.00000000e+000
 1.00000000e+000 3.29784234e+001 2.00295519e+001 1.59832486e+001 1.09805297e+001 7.30077865e+001 2.59906787e+001 1.01097095e+003 1.00697787e+003 4.98892398e+000 1.00278955e+000 1.60075845e+001 0.00000000e+000 0.00000000e+000 0.00000000e+000 1.00000000e+000
 1.00000000e+000 3.30053606e+001 1.99982214e+001 1.49965477e+001 1.09953549e+001 6.40031242e+001 2.70041300e+001 1.00799992e+003 1.00499096e+003 4.99594156e+000 9.99161623e-001 1.09893325e+001 0.00000000e+000 0.00000000e+000 0.00000000e+000 1.00000000e+000
 1.00000000e+000 3.30151528e+001 2.10158780e+001 1.50170746e+001 1.10547088e+001 6.40056657e+001 2.60337764e+001 1.00997573e+003 1.00604236e+003 5.00880199e+000 9.98523341e-001 1.09888792e+001 0.00000000e+000 0.00000000e+000 0.00000000e+000 1.00000000e+000
 1.00000000e+000 3.19980863e+001 2.10055292e+001 1.60033266e+001 1.19922147e+001 6.79836290e+001 2.90001140e+001 1.01299158e+003 1.00899354e+003 5.00039099e+000 9.95130243e-001 1.40004381e+001 0.00000000e+000 0.00000000e+000 0.00000000e+000 1.00000000e+000
 1.00000000e+000 3.30067918e+001 2.09895655e+001 1.60010135e+001 1.09941287e+001 6.80016660e+001 2.80015822e+001 1.01499354e+003 1.01098573e+003 3.99790060e+000 9.98519727e-001 9.99815958e+000 0.00000000e+000 0.00000000e+000 0.00000000e+000 1.00000000e+000
 1.00000000e+000 3.20029009e+001 2.00008008e+001 1.50003761e+001 9.99861557e+000 6.40023702e+001 2.59985257e+001 1.01398940e+003 1.00898881e+003 4.99960074e+000 1.00088711e+000 7.99841348e+000 0.00000000e+000 0.00000000e+000 0.00000000e+000 1.00000000e+000
 1.00000000e+000 3.39908584e+001 2.09933661e+001 1.29775427e+001 1.09822724e+001 5.30219751e+001 2.39948447e+001 1.01296670e+003 1.00897441e+003 4.97151581e+000 1.00226272e+000 1.30070769e+001 0.00000000e+000 0.00000000e+000 0.00000000e+000 1.00000000e+000
 1.00000000e+000 3.30094539e+001 2.09912940e+001 1.50095817e+001 1.09997818e+001 5.69966191e+001 2.79988780e+001 1.01400038e+003 1.00999129e+003 4.00240511e+000 1.00025664e+000 1.09895837e+001 0.00000000e+000 0.00000000e+000 0.00000000e+000 1.00000000e+000
 1.00000000e+000 3.30037394e+001 2.29986756e+001 1.40019667e+001 9.99849336e+000 5.00014203e+001 2.59996708e+001 1.01399250e+003 1.01098865e+003 5.00187050e+000 9.99947680e-001 1.09972784e+001 0.00000000e+000 0.00000000e+000 0.00000000e+000 1.00000000e+000
 1.00000000e+000 3.00327806e+001 2.09695086e+001 1.50411269e+001 6.95991173e+000 6.09447326e+001 2.30249213e+001 1.01498601e+003 1.01201992e+003 4.99184333e+000 -1.79061973e-002 1.30153897e+001 0.00000000e+000 0.00000000e+000 0.00000000e+000 1.00000000e+000
 1.00000000e+000 2.80048728e+001 1.70002139e+001 9.00082037e+000 4.00162315e+000 5.50007863e+001 2.10015098e+001 1.01599246e+003 1.01298472e+003 5.00159077e+000 1.72994838e-004 1.89916606e+001 0.00000000e+000 0.00000000e+000 0.00000000e+000 1.00000000e+000
 1.00000000e+000 2.79968456e+001 1.50137838e+001 8.99674882e+000 5.98744721e+000 5.89897180e+001 2.59916117e+001 1.01506574e+003 1.00098420e+003 6.05334672e+000 9.90698791e-001 2.29798008e+001 0.00000000e+000 0.00000000e+000 0.00000000e+000 1.00000000e+000
 1.00000000e+000 3.00183110e+001 1.50061827e+001 9.01203580e+000 3.97525354e+000 5.89989003e+001 1.90132421e+001 1.01496471e+003 1.01197630e+003 6.00821749e+000 9.96137579e-001 1.10135994e+001 0.00000000e+000 0.00000000e+000 0.00000000e+000 1.00000000e+000
 1.00000000e+000 3.10046028e+001 1.69811325e+001 9.98637576e+000 5.01414965e+000 4.89928573e+001 2.19679566e+001 1.01697663e+003 1.01299449e+003 5.97793506e+000 1.01733078e+000 1.29992469e+001 0.00000000e+000 0.00000000e+000 0.00000000e+000 1.00000000e+000
 1.00000000e+000 3.10065238e+001 1.60017122e+001 9.00687752e+000 7.00208181e+000 5.49974777e+001 2.20004171e+001 1.01699583e+003 1.01399392e+003 5.00415513e+000 1.00000548e+000 9.99281329e+000 0.00000000e+000 0.00000000e+000 0.00000000e+000 1.00000000e+000
 1.00000000e+000 3.10166532e+001 1.50057673e+001 9.00776162e+000 6.00021073e+000 5.90051153e+001 2.19912937e+001 1.01697901e+003 1.01398516e+003 6.01230832e+000 1.00483985e+000 2.60024192e+001 0.00000000e+000 0.00000000e+000 0.00000000e+000 1.00000000e+000
 1.00000000e+000 3.00133893e+001 1.69906499e+001 1.10090516e+001 6.00424274e+000 5.19946552e+001 2.50040237e+001 1.01800640e+003 1.01299312e+003 5.00742236e+000 2.00043014e+000 2.59897775e+001 0.00000000e+000 0.00000000e+000 0.00000000e+000 1.00000000e+000
 1.00000000e+000 2.99972569e+001 1.69767415e+001 1.09915140e+001 6.99811593e+000 6.39872502e+001 2.30240869e+001 1.01698537e+003 1.01399804e+003 6.02571098e+000 1.01516258e+000 1.89536419e+001 0.00000000e+000 0.00000000e+000 0.00000000e+000 1.00000000e+000
 1.00000000e+000 2.89984681e+001 1.60377647e+001 1.09934293e+001 5.01767836e+000 5.90155551e+001 2.20007891e+001 1.01895890e+003 1.01599872e+003 4.00148175e+000 1.00647052e+000 1.39915672e+001 0.00000000e+000 0.00000000e+000 0.00000000e+000 1.00000000e+000
 1.00000000e+000 2.90005317e+001 1.50033911e+001 8.99777859e+000 2.99678402e+000 5.50038393e+001 1.89991850e+001 1.01998559e+003 1.01598617e+003 5.99881435e+000 1.00061323e+000 1.89989610e+001 0.00000000e+000 0.00000000e+000 0.00000000e+000 1.00000000e+000
 1.00000000e+000 2.80061075e+001 1.50006426e+001 6.00887759e+000 3.00004322e+000 5.09921279e+001 1.99991244e+001 1.01999879e+003 1.01599555e+003 5.00290432e+000 9.99681392e-001 1.89917956e+001 0.00000000e+000 0.00000000e+000 0.00000000e+000 1.00000000e+000
 1.00000000e+000 2.80005544e+001 1.50037511e+001 7.99765464e+000 3.99621459e+000 5.10047557e+001 2.29986737e+001 1.01798506e+003 1.01298584e+003 4.99795949e+000 1.00079776e+000 1.39982323e+001 0.00000000e+000 0.00000000e+000 0.00000000e+000 1.00000000e+000
 1.00000000e+000 2.80041241e+001 1.50024203e+001 9.00336163e+000 5.98236389e+000 5.89945801e+001 2.59860713e+001 1.01800425e+003 1.01399260e+003 4.00491572e+000 1.00242460e+000 5.99656005e+000 0.00000000e+000 0.00000000e+000 0.00000000e+000 1.00000000e+000
 1.00000000e+000 2.80011037e+001 1.50098904e+001 8.99994541e+000 5.99957305e+000 5.90028879e+001 2.49974170e+001 1.01898607e+003 1.01398459e+003 4.99608122e+000 1.00068018e+000 1.10006541e+001 0.00000000e+000 0.00000000e+000 0.00000000e+000 1.00000000e+000
 1.00000000e+000 2.90018435e+001 1.20049428e+001 8.00356983e+000 3.99941138e+000 6.70016030e+001 2.00100401e+001 1.02000545e+003 1.01597812e+003 4.00980212e+000 9.95499274e-001 9.99193486e+000 0.00000000e+000 0.00000000e+000 0.00000000e+000 1.00000000e+000
 1.00000000e+000 2.90022444e+001 1.40002897e+001 7.99930981e+000 3.99773368e+000 6.30013226e+001 1.99958910e+001 1.01899394e+003 1.01498596e+003 5.00447747e+000 1.67283544e-003 2.09971840e+001 0.00000000e+000 0.00000000e+000 0.00000000e+000 1.00000000e+000
 1.00000000e+000 2.59886189e+001 1.50061706e+001 7.98853278e+000 3.99690546e+000 5.90073843e+001 2.39944364e+001 1.01697740e+003 1.01298209e+003 4.98705590e+000 2.00178003e+000 2.30046494e+001 0.00000000e+000 0.00000000e+000 0.00000000e+000 1.00000000e+000
 1.00000000e+000 2.69610745e+001 1.50261977e+001 1.00094010e+001 5.99844868e+000 6.30033363e+001 2.60570899e+001 1.01603218e+003 1.01198798e+003 4.01595734e+000 9.70957351e-001 1.10066021e+001 0.00000000e+000 0.00000000e+000 0.00000000e+000 1.00000000e+000
 1.00000000e+000 2.70127103e+001 1.39866464e+001 9.00225718e+000 5.99646498e+000 6.30048311e+001 2.60049478e+001 1.01599842e+003 1.01298528e+003 4.00152474e+000 9.97821493e-001 1.59933670e+001 0.00000000e+000 0.00000000e+000 0.00000000e+000 1.00000000e+000
 1.00000000e+000 2.50000899e+001 1.20062542e+001 6.99250801e+000 2.99030265e+000 6.70036484e+001 2.39956001e+001 1.01697615e+003 1.01397879e+003 5.00544228e+000 1.00188659e+000 2.30057010e+001 0.00000000e+000 0.00000000e+000 0.00000000e+000 1.00000000e+000
 1.00000000e+000 2.70073755e+001 1.29952061e+001 9.99283321e+000 3.00121293e+000 7.69997867e+001 2.39894330e+001 1.01696826e+003 1.01399219e+003 4.99817607e+000 2.00461256e+000 2.10042301e+001 0.00000000e+000 0.00000000e+000 0.00000000e+000 1.00000000e+000
 1.00000000e+000 2.69967451e+001 1.40075104e+001 9.99460623e+000 3.99391494e+000 5.90046430e+001 2.99962850e+001 1.01798455e+003 1.01398289e+003 3.99402337e+000 1.00128462e+000 1.29967393e+001 0.00000000e+000 0.00000000e+000 0.00000000e+000 1.00000000e+000
 1.00000000e+000 2.70009439e+001 1.50051711e+001 1.00186453e+001 7.00231942e+000 6.69536443e+001 2.79548014e+001 1.01700985e+003 1.01397901e+003 3.02462557e+000 1.01399471e+000 7.98732042e+000 0.00000000e+000 0.00000000e+000 0.00000000e+000 1.00000000e+000
 1.00000000e+000 2.60068970e+001 1.40016137e+001 1.30000144e+001 8.00288953e+000 7.70065532e+001 3.19997731e+001 1.01899049e+003 1.01599426e+003 2.00114450e+000 1.60293089e-003 7.99383626e+000 0.00000000e+000 0.00000000e+000 0.00000000e+000 1.00000000e+000
 1.00000000e+000 2.50162736e+001 1.30065940e+001 1.30020709e+001 5.00690808e+000 8.79960384e+001 2.80027170e+001 1.01998376e+003 1.01699982e+003 3.00636603e+000 2.71515073e-003 1.59840759e+001 0.00000000e+000 0.00000000e+000 0.00000000e+000 1.00000000e+000
 1.00000000e+000 2.50078178e+001 1.09972910e+001 1.10012753e+001 5.99871340e+000 8.19968039e+001 3.60076020e+001 1.02000261e+003 1.01699226e+003 3.00384280e+000 9.99441489e-001 9.98895855e+000 0.00000000e+000 0.00000000e+000 1.00000000e+000 0.00000000e+000
 1.00000000e+000 2.50016804e+001 1.20035445e+001 1.09974365e+001 5.99595119e+000 8.80012407e+001 2.89981076e+001 1.01998640e+003 1.01598540e+003 3.99866787e+000 1.00075689e+000 7.99763812e+000 0.00000000e+000 0.00000000e+000 0.00000000e+000 1.00000000e+000
 1.00000000e+000 2.39884981e+001 1.10081400e+001 1.09974365e+001 7.00301155e+000 8.80045901e+001 3.60003259e+001 1.01898519e+003 1.01499100e+003 2.99253798e+000 9.84460345e-001 1.00101134e+001 0.00000000e+000 0.00000000e+000 1.00000000e+000 0.00000000e+000
 1.00000000e+000 2.40075687e+001 1.09982294e+001 1.10026242e+001 5.99885781e+000 8.19989876e+001 3.30005249e+001 1.01799401e+003 1.01398859e+003 3.00209637e+000 9.99465791e-001 9.99356960e+000 0.00000000e+000 0.00000000e+000 1.00000000e+000 0.00000000e+000
 1.00000000e+000 2.10238329e+001 1.19898396e+001 1.20161065e+001 9.99789602e+000 8.79937385e+001 5.20011566e+001 1.01800658e+003 1.01299388e+003 2.00955413e+000 1.00410181e+000 1.89834400e+001 0.00000000e+000 0.00000000e+000 1.00000000e+000 0.00000000e+000
 1.00000000e+000 1.99996350e+001 1.10103487e+001 1.19975086e+001 7.99405255e+000 8.79999486e+001 5.19958580e+001 1.02098735e+003 1.01598276e+003 2.99893192e+000 1.00065940e+000 7.99539184e+000 0.00000000e+000 0.00000000e+000 1.00000000e+000 0.00000000e+000
 1.00000000e+000 2.19797089e+001 1.00265738e+001 1.09846266e+001 8.00782769e+000 1.00000419e+002 4.09987317e+001 1.02099143e+003 1.01698686e+003 4.00990608e+000 5.29289246e-003 1.40091545e+001 0.00000000e+000 0.00000000e+000 0.00000000e+000 1.00000000e+000
 1.00000000e+000 2.20264170e+001 9.99836373e+000 1.09917239e+001 6.96036370e+000 1.00020242e+002 3.79416141e+001 1.01904397e+003 1.01701433e+003 3.05703327e+000 3.93252341e-003 1.60440563e+001 0.00000000e+000 0.00000000e+000 1.00000000e+000 0.00000000e+000
 1.00000000e+000 2.29881776e+001 9.01584420e+000 8.98443980e+000 6.99880017e+000 8.70125352e+001 3.59921316e+001 1.01996981e+003 1.01699909e+003 2.99304529e+000 1.00469931e+000 1.10167802e+001 0.00000000e+000 0.00000000e+000 1.00000000e+000 0.00000000e+000
 1.00000000e+000 2.40028986e+001 9.00184319e+000 8.99893994e+000 5.99698170e+000 8.70010941e+001 3.09990019e+001 1.01998864e+003 1.01698645e+003 2.99960970e+000 1.00039535e+000 1.09967820e+001 0.00000000e+000 0.00000000e+000 1.00000000e+000 0.00000000e+000
 1.00000000e+000 2.40042917e+001 9.00226002e+000 8.00182610e+000 5.99704911e+000 8.70014532e+001 3.09999374e+001 1.01898975e+003 1.01398836e+003 3.00509028e+000 9.99966216e-001 1.29923010e+001 0.00000000e+000 0.00000000e+000 1.00000000e+000 0.00000000e+000
 1.00000000e+000 2.40107094e+001 9.01049469e+000 7.00037453e+000 2.98424011e+000 8.20110076e+001 2.50039056e+001 1.01697501e+003 1.01398951e+003 3.01027586e+000 1.00053607e+000 1.10069028e+001 0.00000000e+000 0.00000000e+000 1.00000000e+000 0.00000000e+000
 1.00000000e+000 2.39855000e+001 8.97288162e+000 9.99678556e+000 3.02649403e+000 8.19886393e+001 2.69874635e+001 1.01700022e+003 1.01298208e+003 3.97158240e+000 1.00424831e+000 2.59939984e+001 0.00000000e+000 0.00000000e+000 0.00000000e+000 0.00000000e+000
 1.00000000e+000 2.39747868e+001 1.00394140e+001 7.98915418e+000 2.98800302e+000 6.70092506e+001 3.09417649e+001 1.01795080e+003 1.01392839e+003 3.98104226e+000 1.01787732e+000 1.39856382e+001 0.00000000e+000 0.00000000e+000 0.00000000e+000 1.00000000e+000
 1.00000000e+000 2.40055138e+001 8.99779790e+000 9.00487335e+000 6.00122087e+000 8.19964086e+001 3.09992317e+001 1.01899640e+003 1.01498876e+003 3.00075014e+000 9.99774666e-001 7.99195421e+000 0.00000000e+000 0.00000000e+000 0.00000000e+000 1.00000000e+000
 1.00000000e+000 2.40017612e+001 1.00125639e+001 1.00012546e+001 3.99753000e+000 8.19975102e+001 2.89981537e+001 1.01798146e+003 1.01499296e+003 2.99869257e+000 2.32373736e-003 9.99306738e+000 0.00000000e+000 0.00000000e+000 1.00000000e+000 0.00000000e+000
 1.00000000e+000 2.30060369e+001 8.99860867e+000 9.99838016e+000 3.99650524e+000 8.70009459e+001 3.09958602e+001 1.01799789e+003 1.01498929e+003 3.00361914e+000 1.28530260e-003 1.09960409e+001 0.00000000e+000 0.00000000e+000 1.00000000e+000 0.00000000e+000
 1.00000000e+000 2.19989323e+001 9.01990115e+000 1.00025898e+001 6.00556286e+000 8.69974433e+001 3.50004988e+001 1.01998713e+003 1.01598938e+003 3.01479452e+000 9.99837849e-001 1.89957406e+001 0.00000000e+000 0.00000000e+000 1.00000000e+000 0.00000000e+000
 1.00000000e+000 2.09939779e+001 8.00597490e+000 8.99268084e+000 5.99836678e+000 1.00003788e+002 3.79942582e+001 1.01897895e+003 1.01598677e+003 1.99252935e+000 2.28857113e-003 1.30022707e+001 0.00000000e+000 0.00000000e+000 1.00000000e+000 0.00000000e+000
 1.00000000e+000 2.00020528e+001 8.00792462e+000 8.99328936e+000 4.99927544e+000 8.70075788e+001 3.69977495e+001 1.02098829e+003 1.01798698e+003 2.00472755e+000 1.00218461e+000 7.99827581e+000 0.00000000e+000 0.00000000e+000 1.00000000e+000 0.00000000e+000
 1.00000000e+000 2.10042622e+001 1.00058036e+001 1.00057418e+001 6.99470672e+000 8.69918709e+001 4.59991345e+001 1.02198900e+003 1.01798631e+003 2.00196459e+000 1.00083615e+000 7.99533388e+000 0.00000000e+000 0.00000000e+000 1.00000000e+000 0.00000000e+000
 1.00000000e+000 2.09985994e+001 1.20097782e+001 1.09945934e+001 7.99541269e+000 7.70036009e+001 4.30001984e+001 1.02197820e+003 1.01798139e+003 9.99166358e-001 -6.51413956e-004 8.00145107e+000 0.00000000e+000 0.00000000e+000 1.00000000e+000 0.00000000e+000
 1.00000000e+000 2.09907202e+001 6.99921205e+000 8.99548916e+000 5.99825646e+000 9.29961934e+001 3.80131693e+001 1.02102597e+003 1.01699812e+003 9.88881398e-001 -5.35666068e-003 7.99960213e+000 0.00000000e+000 0.00000000e+000 1.00000000e+000 0.00000000e+000
 1.00000000e+000 2.20245765e+001 7.98163083e+000 1.00075558e+001 4.98268913e+000 9.29872648e+001 3.50016067e+001 1.01800673e+003 1.01498575e+003 2.01537758e+000 3.69933921e-003 9.96968035e+000 0.00000000e+000 0.00000000e+000 1.00000000e+000 0.00000000e+000
 1.00000000e+000 2.70072460e+001 8.99938939e+000 1.10074649e+001 5.99855740e+000 9.39892384e+001 5.59970761e+001 1.01999853e+003 1.01598901e+003 1.00446906e+000 2.05105441e-003 1.09927215e+001 0.00000000e+000 0.00000000e+000 1.00000000e+000 0.00000000e+000
 1.00000000e+000 1.79970681e+001 7.01954132e+000 1.19957985e+001 1.00627812e+000 1.00001989e+002 4.39946497e+001 1.02197798e+003 1.01799059e+003 1.00193438e+000 3.71303620e-003 7.99651025e+000 0.00000000e+000 0.00000000e+000 1.00000000e+000 0.00000000e+000
 1.00000000e+000 2.10075521e+001 6.99821555e+000 1.30015211e+001 7.00158073e+000 1.00001574e+002 4.90053798e+001 1.01999341e+003 1.01599141e+003 1.00285457e+000 -1.97237937e-003 5.99795007e+000 0.00000000e+000 0.00000000e+000 1.00000000e+000 0.00000000e+000
 1.00000000e+000 1.90041285e+001 6.00365684e+000 1.00004367e+001 4.99443509e+000 9.99991750e+001 3.99967401e+001 1.01599489e+003 1.01299364e+003 1.99871916e+000 -4.12345578e-004 9.99502305e+000 0.00000000e+000 0.00000000e+000 1.00000000e+000 0.00000000e+000
 1.00000000e+000 2.70089906e+001 4.98976876e+000 1.20094540e+001 5.00397218e+000 9.99905118e+001 3.80017264e+001 1.01799924e+003 1.01397987e+003 1.00556436e+000 -1.80789538e-003 7.98795618e+000 0.00000000e+000 0.00000000e+000 1.00000000e+000 0.00000000e+000
