 1.00000000e+000 2.05581340e+001 1.10416096e+001 1.42598064e+001 8.43385216e+000 9.50450435e+001 4.97940284e+001 1.01373905e+003 1.01048092e+003 4.56170657e+000 1.98345734e+000 1.74238332e+001 0.00000000e+000 0.00000000e+000 1.00000000e+000 0.00000000e+000
 1.00000000e+000 1.99266102e+001 8.32741985e+000 1.15336490e+001 5.36961045e+000 9.48485655e+001 4.45989358e+001 1.01769345e+003 1.01438667e+003 3.75879763e+000 9.38891367e-001 1.60122750e+001 0.00000000e+000 0.00000000e+000 1.00000000e+000 0.00000000e+000
 1.00000000e+000 1.89283474e+001 9.12954251e+000 1.23414320e+001 7.54677696e+000 9.79072839e+001 5.09705236e+001 1.01906304e+003 1.01541047e+003 4.08389507e+000 9.95478287e-001 1.66684791e+001 0.00000000e+000 0.00000000e+000 1.00000000e+000 0.00000000e+000
 1.00000000e+000 1.96766142e+001 9.97840008e+000 1.31987138e+001 8.16434636e+000 9.85728634e+001 5.30086444e+001 1.02063145e+003 1.01799546e+003 3.20215247e+000 5.97749619e-001 1.73654783e+001 0.00000000e+000 0.00000000e+000 1.00000000e+000 0.00000000e+000
 1.00000000e+000 1.97421098e+001 8.88373119e+000 1.14709355e+001 7.85073595e+000 9.78047516e+001 4.62212672e+001 1.01929603e+003 1.01551448e+003 3.06660517e+000 -3.70592374e-001 1.62175665e+001 0.00000000e+000 0.00000000e+000 1.00000000e+000 0.00000000e+000
 1.00000000e+000 1.96715930e+001 7.75834199e+000 1.02092665e+001 5.11964626e+000 9.61604105e+001 4.30157211e+001 1.01910592e+003 1.01529355e+003 3.39834258e+000 6.02306210e-003 1.56124200e+001 0.00000000e+000 0.00000000e+000 1.00000000e+000 0.00000000e+000
 1.00000000e+000 1.94931854e+001 6.60928112e+000 9.69420916e+000 3.64201453e+000 9.41425076e+001 4.05181529e+001 1.01645772e+003 1.01310079e+003 3.28368501e+000 2.20869179e-001 1.55455772e+001 0.00000000e+000 0.00000000e+000 1.00000000e+000 0.00000000e+000
 1.00000000e+000 1.77997978e+001 5.95471228e+000 9.43450317e+000 4.55210659e+000 9.67213136e+001 4.15180379e+001 1.01565897e+003 1.01156608e+003 3.44963199e+000 -8.57399858e-001 1.41733269e+001 0.00000000e+000 0.00000000e+000 1.00000000e+000 0.00000000e+000
 1.00000000e+000 1.77893947e+001 5.60678822e+000 9.13834541e+000 3.54338729e+000 9.68697478e+001 4.31718963e+001 1.01885511e+003 1.01549258e+003 3.33268813e+000 -2.43036152e-001 1.55292348e+001 0.00000000e+000 0.00000000e+000 1.00000000e+000 0.00000000e+000
 1.00000000e+000 1.79655471e+001 5.98515736e+000 8.93121817e+000 4.67653743e+000 9.68031117e+001 4.19039300e+001 1.01849176e+003 1.01478584e+003 3.00510896e+000 -4.78221419e-001 1.44825271e+001 0.00000000e+000 0.00000000e+000 1.00000000e+000 0.00000000e+000
 1.00000000e+000 1.97010139e+001 6.71934073e+000 1.07221615e+001 2.08077366e+000 8.93569349e+001 3.74979470e+001 1.01484120e+003 1.01239987e+003 3.81825122e+000 4.35399979e-001 1.60586705e+001 0.00000000e+000 0.00000000e+000 1.00000000e+000 0.00000000e+000
 1.00000000e+000 1.99564986e+001 8.96198846e+000 1.23474766e+001 6.28166004e+000 9.34596340e+001 4.35096230e+001 1.01586468e+003 1.01295069e+003 3.53892391e+000 5.36692362e-001 1.52673851e+001 0.00000000e+000 0.00000000e+000 1.00000000e+000 0.00000000e+000
 1.00000000e+000 1.92770766e+001 6.76580883e+000 1.05430575e+001 3.84736131e+000 9.41185880e+001 4.05060895e+001 1.01744336e+003 1.01379151e+003 3.90239240e+000 -5.77784291e-002 1.57496045e+001 0.00000000e+000 0.00000000e+000 0.00000000e+000 1.00000000e+000
 1.00000000e+000 2.07258798e+001 8.24078991e+000 1.22745856e+001 4.87903371e+000 9.34034140e+001 4.16515598e+001 1.01679705e+003 1.01377777e+003 3.55162026e+000 -2.14206541e-001 1.68107650e+001 0.00000000e+000 0.00000000e+000 1.00000000e+000 0.00000000e+000
 1.00000000e+000 1.92348045e+001 7.79158455e+000 1.11401424e+001 5.35649168e+000 9.43726302e+001 3.99574241e+001 1.01808372e+003 1.01471676e+003 3.30342326e+000 -8.20521883e-001 1.38960301e+001 0.00000000e+000 0.00000000e+000 0.00000000e+000 1.00000000e+000
 1.00000000e+000 1.88087774e+001 6.30544278e+000 1.06668997e+001 3.22890836e+000 9.37846888e+001 4.13543166e+001 1.01909708e+003 1.01624346e+003 3.65559327e+000 3.08766216e-001 1.54099103e+001 1.00000000e+000 0.00000000e+000 0.00000000e+000 0.00000000e+000
 1.00000000e+000 1.89793874e+001 6.30494118e+000 1.07942306e+001 3.07461868e+000 9.26034631e+001 3.98635101e+001 1.02058453e+003 1.01813009e+003 3.52138117e+000 3.53784014e-001 1.54145582e+001 0.00000000e+000 0.00000000e+000 0.00000000e+000 1.00000000e+000
 1.00000000e+000 1.98841373e+001 7.92510632e+000 1.12565925e+001 5.37511669e+000 9.36665082e+001 4.03409557e+001 1.01902886e+003 1.01536379e+003 3.72922728e+000 1.29768681e-001 1.50803258e+001 0.00000000e+000 0.00000000e+000 1.00000000e+000 0.00000000e+000
 1.00000000e+000 2.08377387e+001 8.58379169e+000 1.14790941e+001 5.49845821e+000 9.31263621e+001 3.87289262e+001 1.01734921e+003 1.01312020e+003 3.86086710e+000 -1.95017685e-001 1.47859051e+001 1.00000000e+000 0.00000000e+000 0.00000000e+000 0.00000000e+000
 1.00000000e+000 2.23987317e+001 9.00954359e+000 1.14138618e+001 4.45958801e+000 8.98248985e+001 3.42399011e+001 1.01685162e+003 1.01328348e+003 3.54521243e+000 -7.43292825e-002 1.55994961e+001 0.00000000e+000 0.00000000e+000 1.00000000e+000 0.00000000e+000
 1.00000000e+000 2.44635697e+001 1.17643583e+001 1.26207620e+001 6.68307593e+000 8.86944747e+001 3.68810531e+001 1.01384878e+003 1.01028601e+003 3.11344243e+000 -3.04335957e-001 1.74564018e+001 0.00000000e+000 0.00000000e+000 1.00000000e+000 0.00000000e+000
 1.00000000e+000 2.28473165e+001 1.07853901e+001 1.24669433e+001 7.09339412e+000 9.13494111e+001 3.91489398e+001 1.01134762e+003 1.00687991e+003 3.95334549e+000 3.04175500e-001 1.62756800e+001 0.00000000e+000 0.00000000e+000 0.00000000e+000 1.00000000e+000
 1.00000000e+000 2.05431337e+001 7.68758987e+000 9.88587851e+000 4.77968003e+000 9.34278403e+001 3.89609026e+001 1.01445739e+003 1.01046031e+003 3.45508548e+000 2.44628960e-002 1.62664539e+001 0.00000000e+000 0.00000000e+000 1.00000000e+000 0.00000000e+000
 1.00000000e+000 2.15388088e+001 8.03152641e+000 9.83570668e+000 5.15302035e+000 9.19440234e+001 3.73498113e+001 1.01701549e+003 1.01265204e+003 3.48203184e+000 9.68207621e-002 1.75543242e+001 0.00000000e+000 0.00000000e+000 1.00000000e+000 0.00000000e+000
 1.00000000e+000 2.27967766e+001 8.71053983e+000 1.01155244e+001 4.54087345e+000 8.84434603e+001 3.41448975e+001 1.01533607e+003 1.01167147e+003 2.88865545e+000 -8.62681161e-001 1.84423687e+001 0.00000000e+000 0.00000000e+000 1.00000000e+000 0.00000000e+000
 1.00000000e+000 2.24571623e+001 8.65972159e+000 1.10639098e+001 3.43214308e+000 8.73244709e+001 3.38564644e+001 1.01503805e+003 1.01256809e+003 2.53905868e+000 -1.45146400e+000 1.71768604e+001 0.00000000e+000 0.00000000e+000 1.00000000e+000 0.00000000e+000
 1.00000000e+000 2.32691331e+001 9.35516197e+000 9.66009292e+000 3.50403268e+000 8.32336832e+001 3.15464919e+001 1.01482552e+003 1.01053526e+003 3.75190243e+000 -1.94037399e-001 1.80936586e+001 0.00000000e+000 0.00000000e+000 0.00000000e+000 1.00000000e+000
 1.00000000e+000 2.37373682e+001 9.94790468e+000 1.20415832e+001 5.34931076e+000 8.88202462e+001 3.46900131e+001 1.01505379e+003 1.01173068e+003 2.71214549e+000 -1.23947347e+000 1.71618049e+001 0.00000000e+000 1.00000000e+000 0.00000000e+000 0.00000000e+000
 1.00000000e+000 2.57134432e+001 1.18347147e+001 1.24585825e+001 5.87273077e+000 8.80482306e+001 3.45754203e+001 1.01535707e+003 1.01069464e+003 3.47756138e+000 -6.58470930e-001 1.71966603e+001 0.00000000e+000 0.00000000e+000 1.00000000e+000 0.00000000e+000
 1.00000000e+000 2.53216358e+001 1.34120304e+001 1.42429736e+001 8.38966532e+000 8.76252102e+001 3.44253156e+001 1.01350446e+003 1.00963156e+003 3.28074423e+000 -5.48605749e-001 1.54336136e+001 0.00000000e+000 0.00000000e+000 1.00000000e+000 0.00000000e+000
 1.00000000e+000 2.50273692e+001 1.20192332e+001 1.53939748e+001 3.11614729e+000 8.47805846e+001 3.12078663e+001 1.01315033e+003 1.01227588e+003 4.33685667e+000 1.81282826e+000 1.73116155e+001 0.00000000e+000 0.00000000e+000 1.00000000e+000 0.00000000e+000
 1.00000000e+000 2.18197563e+001 7.64419951e+000 8.56592433e+000 3.56728871e+000 8.97203623e+001 3.46204222e+001 1.01551363e+003 1.01078779e+003 3.42638168e+000 -6.82623266e-001 1.77544184e+001 0.00000000e+000 0.00000000e+000 1.00000000e+000 0.00000000e+000
 1.00000000e+000 2.13610643e+001 7.96371264e+000 8.58015592e+000 3.88639296e+000 8.41610006e+001 3.21305056e+001 1.01576221e+003 1.01213941e+003 2.78829259e+000 -1.32914121e+000 1.78655953e+001 0.00000000e+000 0.00000000e+000 1.00000000e+000 0.00000000e+000
 1.00000000e+000 2.20853925e+001 7.64861518e+000 9.56448683e+000 1.72486397e+000 8.39079336e+001 3.13065384e+001 1.01337511e+003 1.01030125e+003 3.38090087e+000 -1.43320460e-001 1.73153310e+001 0.00000000e+000 0.00000000e+000 1.00000000e+000 0.00000000e+000
 1.00000000e+000 2.28010494e+001 8.35528706e+000 1.01164661e+001 3.26717667e+000 8.92184870e+001 3.40275518e+001 1.01507432e+003 1.01126546e+003 2.92719154e+000 -9.39737080e-001 1.62782605e+001 0.00000000e+000 0.00000000e+000 1.00000000e+000 0.00000000e+000
 1.00000000e+000 2.29361103e+001 9.95065833e+000 1.10750595e+001 5.78746458e+000 9.08988126e+001 3.59437887e+001 1.01535299e+003 1.01087072e+003 3.06720111e+000 -1.32186198e+000 1.55966250e+001 0.00000000e+000 0.00000000e+000 0.00000000e+000 1.00000000e+000
 1.00000000e+000 2.38021974e+001 8.62747139e+000 1.08037898e+001 2.65950368e+000 9.02953782e+001 3.40963597e+001 1.01738101e+003 1.01389964e+003 3.15002072e+000 -7.93901435e-001 1.80901090e+001 0.00000000e+000 0.00000000e+000 0.00000000e+000 1.00000000e+000
 1.00000000e+000 2.35949013e+001 9.55609742e+000 1.01068378e+001 4.05841660e+000 8.50646155e+001 3.14765942e+001 1.01588121e+003 1.01140196e+003 3.68564460e+000 -4.42124056e-001 1.77003921e+001 0.00000000e+000 0.00000000e+000 1.00000000e+000 0.00000000e+000
 1.00000000e+000 2.49046768e+001 1.06211363e+001 1.07173256e+001 4.08835825e+000 8.37422097e+001 3.16600916e+001 1.01508261e+003 1.01067452e+003 4.09875031e+000 -3.37992271e-002 2.01913445e+001 0.00000000e+000 0.00000000e+000 0.00000000e+000 1.00000000e+000
 1.00000000e+000 2.41521371e+001 1.04274834e+001 9.75607537e+000 3.71244136e+000 7.86261833e+001 2.79788651e+001 1.01241563e+003 1.00806411e+003 3.98746724e+000 -8.80686856e-002 1.85240892e+001 0.00000000e+000 0.00000000e+000 0.00000000e+000 1.00000000e+000
 1.00000000e+000 2.55658056e+001 1.06449398e+001 1.11287882e+001 2.95617542e+000 8.41909023e+001 3.00838914e+001 1.01432461e+003 1.01092858e+003 3.46182670e+000 2.79449109e-001 1.84514127e+001 0.00000000e+000 0.00000000e+000 1.00000000e+000 0.00000000e+000
 1.00000000e+000 2.49508460e+001 1.04844873e+001 1.02969460e+001 3.13217272e+000 8.09172391e+001 2.95073238e+001 1.01377696e+003 1.00999381e+003 3.60148344e+000 2.02366453e-001 1.85654499e+001 0.00000000e+000 0.00000000e+000 0.00000000e+000 1.00000000e+000
 1.00000000e+000 2.66226861e+001 1.12413400e+001 1.17616269e+001 2.86011151e+000 8.26087600e+001 2.93158252e+001 1.01602608e+003 1.01247196e+003 3.48554715e+000 1.15647109e-001 1.83058040e+001 0.00000000e+000 1.00000000e+000 0.00000000e+000 0.00000000e+000
 1.00000000e+000 2.64266694e+001 1.16049689e+001 1.07589155e+001 3.14018747e+000 7.72859199e+001 2.67877665e+001 1.01525792e+003 1.01166081e+003 3.51420021e+000 3.59664841e-001 1.87359586e+001 0.00000000e+000 0.00000000e+000 1.00000000e+000 0.00000000e+000
 1.00000000e+000 2.63037562e+001 1.48794614e+001 1.15751337e+001 8.19982212e+000 7.82933929e+001 3.15089726e+001 1.01184607e+003 1.00712443e+003 4.01283782e+000 3.26859165e-001 2.00924940e+001 0.00000000e+000 0.00000000e+000 1.00000000e+000 0.00000000e+000
 1.00000000e+000 2.39359945e+001 1.21881780e+001 1.22379035e+001 7.48077377e+000 8.48765986e+001 3.60980891e+001 1.01609087e+003 1.01281415e+003 3.44807386e+000 7.57220545e-001 1.85493110e+001 0.00000000e+000 0.00000000e+000 1.00000000e+000 0.00000000e+000
 1.00000000e+000 2.58639305e+001 1.29706201e+001 1.27213221e+001 7.28713081e+000 8.65127940e+001 3.50074617e+001 1.01801908e+003 1.01352424e+003 3.43583093e+000 -7.75977144e-002 1.72390557e+001 0.00000000e+000 0.00000000e+000 1.00000000e+000 0.00000000e+000
 1.00000000e+000 2.55736717e+001 1.44903867e+001 1.29035453e+001 9.11134995e+000 8.53934725e+001 3.63073877e+001 1.01670204e+003 1.01114833e+003 4.33710772e+000 3.27388157e-001 1.70531258e+001 0.00000000e+000 0.00000000e+000 1.00000000e+000 0.00000000e+000
 1.00000000e+000 2.71473034e+001 1.42109268e+001 1.37983636e+001 7.80125039e+000 8.65019069e+001 3.62766545e+001 1.01595556e+003 1.01062866e+003 4.99887301e+000 1.69609450e+000 1.97717215e+001 0.00000000e+000 0.00000000e+000 0.00000000e+000 1.00000000e+000
 1.00000000e+000 2.78600654e+001 1.33202499e+001 1.23746818e+001 5.23408067e+000 8.27642263e+001 3.15645636e+001 1.01507620e+003 1.00983743e+003 5.13789299e+000 1.92342572e+000 2.10543619e+001 0.00000000e+000 0.00000000e+000 1.00000000e+000 0.00000000e+000
 1.00000000e+000 2.74949736e+001 1.39656957e+001 1.19011689e+001 5.77461377e+000 7.57921836e+001 2.88967196e+001 1.01301558e+003 1.00926383e+003 3.62044928e+000 1.13948706e+000 1.93964580e+001 0.00000000e+000 0.00000000e+000 0.00000000e+000 1.00000000e+000
 1.00000000e+000 2.70658129e+001 1.44935804e+001 1.21224016e+001 6.52206257e+000 7.55278880e+001 3.09671051e+001 1.01227712e+003 1.00837069e+003 4.00802728e+000 1.52459277e+000 1.99570893e+001 0.00000000e+000 0.00000000e+000 1.00000000e+000 0.00000000e+000
 1.00000000e+000 2.65204726e+001 1.36319688e+001 1.16117886e+001 6.93334010e+000 8.17338418e+001 3.35030628e+001 1.01282839e+003 1.00702680e+003 4.91397872e+000 1.59111571e+000 1.95991678e+001 0.00000000e+000 0.00000000e+000 0.00000000e+000 1.00000000e+000
 1.00000000e+000 2.89337005e+001 1.69875054e+001 1.40335018e+001 8.40351608e+000 7.41895243e+001 3.04805401e+001 1.01133332e+003 1.00696528e+003 4.45836680e+000 1.69454081e+000 2.01109617e+001 1.00000000e+000 0.00000000e+000 0.00000000e+000 0.00000000e+000
 1.00000000e+000 2.78992193e+001 1.73185741e+001 1.41144279e+001 1.06738034e+001 7.85910437e+001 3.33208960e+001 1.00958380e+003 1.00467114e+003 3.92878170e+000 5.56198744e-001 1.81840439e+001 0.00000000e+000 0.00000000e+000 0.00000000e+000 1.00000000e+000
 1.00000000e+000 2.79307937e+001 1.57221384e+001 1.43516154e+001 8.57727064e+000 8.24158391e+001 3.65477434e+001 1.00918291e+003 1.00489471e+003 4.24832375e+000 1.61236054e+000 2.04416529e+001 0.00000000e+000 1.00000000e+000 0.00000000e+000 0.00000000e+000
 1.00000000e+000 2.67523668e+001 1.34352266e+001 1.27029842e+001 6.22306066e+000 8.39065902e+001 3.28597328e+001 1.01281744e+003 1.00825274e+003 4.49223605e+000 1.85766277e+000 1.85091433e+001 0.00000000e+000 0.00000000e+000 0.00000000e+000 1.00000000e+000
 1.00000000e+000 2.69899192e+001 1.32269282e+001 1.03299137e+001 4.68249474e+000 7.72108052e+001 2.76860582e+001 1.01537261e+003 1.01051761e+003 3.72491064e+000 -8.05924771e-003 1.85783723e+001 0.00000000e+000 0.00000000e+000 0.00000000e+000 1.00000000e+000
 1.00000000e+000 2.98475687e+001 1.72185051e+001 1.23819369e+001 8.23170705e+000 7.44965402e+001 2.86175263e+001 1.01963782e+003 1.01478573e+003 2.89795015e+000 -9.24715770e-001 1.94906332e+001 0.00000000e+000 0.00000000e+000 1.00000000e+000 0.00000000e+000
 1.00000000e+000 2.74139465e+001 1.38954620e+001 1.02076213e+001 5.36472706e+000 7.48092008e+001 2.75319961e+001 1.02065425e+003 1.01604033e+003 3.47513263e+000 -2.63224852e-001 2.03819119e+001 0.00000000e+000 0.00000000e+000 1.00000000e+000 0.00000000e+000
 1.00000000e+000 2.58167718e+001 1.14622997e+001 8.68686886e+000 2.70093324e+000 7.39564601e+001 2.56587044e+001 1.01913625e+003 1.01425940e+003 4.76833487e+000 1.50352608e+000 2.05985497e+001 0.00000000e+000 0.00000000e+000 0.00000000e+000 1.00000000e+000
 1.00000000e+000 2.63055819e+001 1.17672145e+001 9.50784840e+000 2.71456239e+000 7.38763653e+001 2.43331519e+001 1.01849574e+003 1.01446003e+003 3.80804660e+000 4.09294720e-001 1.92243466e+001 0.00000000e+000 1.00000000e+000 0.00000000e+000 0.00000000e+000
 1.00000000e+000 2.58036418e+001 1.15737823e+001 8.80665050e+000 3.46771399e+000 7.52636086e+001 2.66254766e+001 1.01855225e+003 1.01431255e+003 3.66023995e+000 5.96788637e-001 2.00056182e+001 0.00000000e+000 0.00000000e+000 1.00000000e+000 0.00000000e+000
 1.00000000e+000 2.62428255e+001 1.17620187e+001 9.72329829e+000 2.56428879e+000 7.38113903e+001 2.50835150e+001 1.01470183e+003 1.01049463e+003 4.13052970e+000 3.71140959e-001 1.98724772e+001 0.00000000e+000 0.00000000e+000 1.00000000e+000 0.00000000e+000
 1.00000000e+000 2.79088569e+001 1.33993153e+001 1.01835068e+001 3.28227984e+000 7.15933674e+001 2.42075039e+001 1.01484597e+003 1.01022935e+003 4.21177788e+000 5.67527884e-001 2.02643119e+001 0.00000000e+000 0.00000000e+000 0.00000000e+000 1.00000000e+000
 1.00000000e+000 3.10054779e+001 1.51370849e+001 1.07561443e+001 2.54085432e+000 6.59105637e+001 2.17193734e+001 1.01478813e+003 1.01032052e+003 4.72956938e+000 2.64115132e+000 2.27715772e+001 0.00000000e+000 0.00000000e+000 0.00000000e+000 1.00000000e+000
 1.00000000e+000 2.87903948e+001 1.55012507e+001 1.06898191e+001 4.97294122e+000 7.08800313e+001 2.47942011e+001 1.01429824e+003 1.00955704e+003 4.07778732e+000 2.59593369e-001 2.05158641e+001 0.00000000e+000 0.00000000e+000 0.00000000e+000 1.00000000e+000
 1.00000000e+000 2.85664456e+001 1.39612394e+001 1.08525085e+001 3.71810780e+000 7.18765679e+001 2.43051326e+001 1.01464268e+003 1.01032022e+003 3.97867493e+000 7.34304231e-001 1.99740582e+001 0.00000000e+000 0.00000000e+000 0.00000000e+000 1.00000000e+000
 1.00000000e+000 2.91663205e+001 1.49302448e+001 1.20115547e+001 4.34299473e+000 7.11385672e+001 2.40000657e+001 1.01443283e+003 1.01042717e+003 4.11235162e+000 9.99898661e-001 1.98743213e+001 0.00000000e+000 0.00000000e+000 0.00000000e+000 1.00000000e+000
 1.00000000e+000 2.98855072e+001 1.56523484e+001 1.14519804e+001 4.48724763e+000 6.97474279e+001 2.40272448e+001 1.01500972e+003 1.01022999e+003 4.34145941e+000 1.02488874e+000 2.05580826e+001 0.00000000e+000 0.00000000e+000 0.00000000e+000 1.00000000e+000
 1.00000000e+000 3.01816268e+001 1.51368558e+001 1.29039020e+001 3.28524546e+000 6.99542833e+001 2.34243264e+001 1.01304240e+003 1.00971185e+003 3.59579086e+000 -1.12533869e-001 2.03458985e+001 0.00000000e+000 0.00000000e+000 0.00000000e+000 1.00000000e+000
 1.00000000e+000 3.37680125e+001 2.02413295e+001 1.59958461e+001 6.81713073e+000 6.74065987e+001 2.50536264e+001 1.01237190e+003 1.00943144e+003 4.06811572e+000 1.64968007e+000 2.28258028e+001 0.00000000e+000 0.00000000e+000 0.00000000e+000 1.00000000e+000
 1.00000000e+000 2.95243907e+001 1.76153545e+001 1.20217606e+001 8.10377701e+000 7.03173420e+001 2.67001107e+001 1.01397757e+003 1.01032918e+003 2.92291661e+000 2.27138166e-001 2.04549407e+001 0.00000000e+000 0.00000000e+000 0.00000000e+000 1.00000000e+000
 1.00000000e+000 3.17049591e+001 1.82890898e+001 1.33984618e+001 6.79959322e+000 7.00778369e+001 2.59332252e+001 1.01754008e+003 1.01352522e+003 3.42294086e+000 3.19547376e-001 2.08888170e+001 0.00000000e+000 0.00000000e+000 0.00000000e+000 1.00000000e+000
 1.00000000e+000 2.85087323e+001 1.46799151e+001 1.06717881e+001 4.19628050e+000 6.77894133e+001 2.26596945e+001 1.01403806e+003 1.01022580e+003 4.38164333e+000 1.42160101e+000 2.23248369e+001 0.00000000e+000 0.00000000e+000 0.00000000e+000 1.00000000e+000
 1.00000000e+000 2.97456660e+001 1.55614752e+001 1.16972481e+001 3.62613520e+000 6.63446247e+001 2.22600261e+001 1.01133579e+003 1.00761102e+003 4.46708490e+000 1.52606911e+000 2.16897068e+001 0.00000000e+000 0.00000000e+000 0.00000000e+000 1.00000000e+000
 1.00000000e+000 3.00565903e+001 1.51156299e+001 1.16750286e+001 3.88529980e+000 7.23360174e+001 2.44483963e+001 1.01307405e+003 1.00877628e+003 4.00443139e+000 4.60141947e-001 2.12735366e+001 0.00000000e+000 0.00000000e+000 0.00000000e+000 1.00000000e+000
 1.00000000e+000 3.24088057e+001 1.84349167e+001 1.27359397e+001 5.23397805e+000 6.50364908e+001 2.19061145e+001 1.01288609e+003 1.00856247e+003 4.34299066e+000 1.41957861e+000 2.17764574e+001 0.00000000e+000 0.00000000e+000 0.00000000e+000 1.00000000e+000
 1.00000000e+000 3.40777281e+001 2.10356512e+001 1.40699324e+001 6.90393697e+000 6.07930643e+001 2.18300873e+001 1.00851774e+003 1.00451815e+003 4.66256772e+000 2.42317140e+000 2.35084045e+001 0.00000000e+000 0.00000000e+000 0.00000000e+000 1.00000000e+000
 1.00000000e+000 3.04426291e+001 1.80440532e+001 1.24979060e+001 7.47607220e+000 6.92410774e+001 2.59055563e+001 1.00896804e+003 1.00423178e+003 4.27726931e+000 1.43709964e+000 2.08805432e+001 0.00000000e+000 0.00000000e+000 0.00000000e+000 1.00000000e+000
 1.00000000e+000 2.84539713e+001 1.72415966e+001 1.47219686e+001 9.48490886e+000 7.48009276e+001 3.01963021e+001 1.00740497e+003 1.00250719e+003 5.24319305e+000 2.54833785e+000 1.89868430e+001 0.00000000e+000 0.00000000e+000 0.00000000e+000 1.00000000e+000
 1.00000000e+000 3.01925360e+001 1.80935158e+001 1.68883867e+001 1.03795544e+001 8.29365645e+001 3.43293760e+001 1.01058071e+003 1.00526976e+003 5.26274684e+000 2.23369250e+000 1.92016676e+001 0.00000000e+000 0.00000000e+000 0.00000000e+000 1.00000000e+000
 1.00000000e+000 2.79994371e+001 1.41436116e+001 1.37632789e+001 5.30467127e+000 7.39612348e+001 2.96265606e+001 1.01520701e+003 1.01413558e+003 3.14786195e+000 2.40499391e+000 2.13528424e+001 0.00000000e+000 0.00000000e+000 0.00000000e+000 1.00000000e+000
 1.00000000e+000 3.15495085e+001 1.82201595e+001 1.60540195e+001 7.82810421e+000 7.56519678e+001 3.04945636e+001 1.00880138e+003 1.00481736e+003 4.62115760e+000 1.80353395e+000 2.18153605e+001 0.00000000e+000 0.00000000e+000 0.00000000e+000 1.00000000e+000
 1.00000000e+000 3.20730730e+001 1.85971203e+001 1.63610600e+001 7.56339965e+000 7.23289867e+001 2.78689729e+001 1.00742735e+003 1.00372686e+003 5.10294837e+000 2.96464805e+000 2.24443225e+001 0.00000000e+000 0.00000000e+000 0.00000000e+000 1.00000000e+000
 1.00000000e+000 3.59622974e+001 2.14024561e+001 1.65731577e+001 8.80427656e+000 6.88502315e+001 2.95375953e+001 1.00701388e+003 1.00208178e+003 8.07357584e+000 4.42392594e+000 3.94903107e+001 0.00000000e+000 0.00000000e+000 0.00000000e+000 1.00000000e+000
 1.00000000e+000 3.32557855e+001 2.26489281e+001 1.74855977e+001 1.17900353e+001 6.67510125e+001 2.96297837e+001 1.00399939e+003 9.99485160e+002 5.56522055e+000 3.07691341e+000 2.39111646e+001 0.00000000e+000 0.00000000e+000 0.00000000e+000 1.00000000e+000
 1.00000000e+000 3.16844161e+001 1.98568811e+001 1.58402569e+001 9.88221663e+000 7.17918195e+001 2.77536157e+001 1.00595735e+003 1.00202546e+003 3.73284224e+000 4.86674164e-001 2.04212332e+001 0.00000000e+000 0.00000000e+000 0.00000000e+000 1.00000000e+000
 1.00000000e+000 2.92321321e+001 1.71229115e+001 1.87688012e+001 1.00663588e+001 8.50414827e+001 4.01923449e+001 1.00960539e+003 1.00772573e+003 3.75625996e+000 2.47895977e+000 2.10774503e+001 0.00000000e+000 0.00000000e+000 0.00000000e+000 1.00000000e+000
 1.00000000e+000 2.88529634e+001 1.61953893e+001 1.66219529e+001 9.74845281e+000 8.45388133e+001 3.63792106e+001 1.01652529e+003 1.01360293e+003 3.54123099e+000 1.73012412e+000 1.97032285e+001 0.00000000e+000 0.00000000e+000 0.00000000e+000 1.00000000e+000
 1.00000000e+000 2.96144639e+001 1.83121381e+001 1.70249210e+001 1.22955897e+001 8.61431509e+001 3.98909258e+001 1.01407652e+003 1.00902049e+003 4.42930898e+000 1.60225194e+000 2.01193228e+001 0.00000000e+000 0.00000000e+000 0.00000000e+000 1.00000000e+000
 1.00000000e+000 3.33160223e+001 2.03276619e+001 1.75224550e+001 1.09944325e+001 8.04481872e+001 3.73016340e+001 1.01244839e+003 1.00765859e+003 7.13164799e+000 2.72961878e+000 3.61733172e+001 0.00000000e+000 0.00000000e+000 0.00000000e+000 1.00000000e+000
 1.00000000e+000 3.28079048e+001 2.00725789e+001 1.86272770e+001 1.06200833e+001 8.08659632e+001 3.35861776e+001 1.01197274e+003 1.00770032e+003 4.45502046e+000 1.76439734e+000 2.01049763e+001 0.00000000e+000 0.00000000e+000 0.00000000e+000 1.00000000e+000
 1.00000000e+000 3.31326160e+001 2.13783720e+001 1.70042682e+001 1.01116569e+001 7.08990706e+001 2.89958299e+001 1.01337301e+003 1.00948306e+003 4.48525539e+000 1.75151711e+000 2.18978996e+001 0.00000000e+000 0.00000000e+000 0.00000000e+000 1.00000000e+000
 1.00000000e+000 3.41884608e+001 2.21456948e+001 1.85192387e+001 9.09176736e+000 6.86078476e+001 2.55753786e+001 1.01005248e+003 1.00788256e+003 4.62243904e+000 2.51036643e+000 2.31498459e+001 0.00000000e+000 0.00000000e+000 0.00000000e+000 1.00000000e+000
 1.00000000e+000 3.22542821e+001 2.08128804e+001 1.87379542e+001 1.11339887e+001 7.45369330e+001 3.29325371e+001 1.01080648e+003 1.00725515e+003 4.92947103e+000 2.65360475e+000 2.19471670e+001 0.00000000e+000 0.00000000e+000 0.00000000e+000 1.00000000e+000
 1.00000000e+000 3.37392488e+001 1.99836014e+001 1.75819778e+001 8.70922792e+000 7.40259256e+001 2.84062041e+001 1.01311310e+003 1.00962451e+003 4.50363909e+000 2.11176491e+000 2.27247853e+001 0.00000000e+000 0.00000000e+000 0.00000000e+000 1.00000000e+000
 1.00000000e+000 3.53416934e+001 2.08321245e+001 1.74027895e+001 7.15460266e+000 6.70925951e+001 2.40117561e+001 1.00952892e+003 1.00709548e+003 4.29197397e+000 2.82646786e+000 2.38674914e+001 0.00000000e+000 0.00000000e+000 0.00000000e+000 1.00000000e+000
 1.00000000e+000 3.72394134e+001 2.40810982e+001 1.75420313e+001 8.97549381e+000 6.08433763e+001 2.22855088e+001 1.00535577e+003 1.00134068e+003 5.13560301e+000 3.18644605e+000 2.42950475e+001 0.00000000e+000 0.00000000e+000 0.00000000e+000 1.00000000e+000
 1.00000000e+000 3.59287718e+001 2.52270151e+001 1.89094547e+001 1.16761694e+001 6.32188433e+001 2.39444454e+001 1.00713401e+003 1.00310047e+003 4.79750571e+000 1.80493578e+000 2.10861510e+001 0.00000000e+000 0.00000000e+000 0.00000000e+000 1.00000000e+000
 1.00000000e+000 3.63643773e+001 2.42619813e+001 1.76926586e+001 1.03803807e+001 6.36875619e+001 2.48000141e+001 1.01020416e+003 1.00638055e+003 4.62424325e+000 2.44608450e+000 2.35184726e+001 0.00000000e+000 0.00000000e+000 0.00000000e+000 1.00000000e+000
 1.00000000e+000 3.48962455e+001 2.33058506e+001 1.78986271e+001 1.05775835e+001 6.80814964e+001 2.84427580e+001 1.00965089e+003 1.00590318e+003 4.75863692e+000 2.42382513e+000 2.33025491e+001 0.00000000e+000 0.00000000e+000 0.00000000e+000 1.00000000e+000
 1.00000000e+000 3.23742076e+001 2.12636150e+001 1.76681198e+001 1.21174783e+001 7.67153331e+001 3.23000216e+001 1.01054928e+003 1.00619878e+003 4.35747774e+000 1.41360790e+000 2.10184155e+001 0.00000000e+000 0.00000000e+000 0.00000000e+000 1.00000000e+000
 1.00000000e+000 3.31427675e+001 1.98951521e+001 1.78795597e+001 9.09703414e+000 6.91240312e+001 2.87782659e+001 1.01152481e+003 1.01223943e+003 1.52362220e+000 1.90991592e+000 2.26041297e+001 0.00000000e+000 0.00000000e+000 0.00000000e+000 1.00000000e+000
 1.00000000e+000 3.25099893e+001 2.20004525e+001 2.05255263e+001 1.55744383e+001 8.53946804e+001 4.08375636e+001 1.01560305e+003 1.01189017e+003 3.02900270e+000 3.30360801e-001 2.03172052e+001 0.00000000e+000 0.00000000e+000 0.00000000e+000 1.00000000e+000
 1.00000000e+000 3.32934511e+001 2.12486054e+001 1.73858303e+001 1.10845788e+001 7.20401361e+001 3.13462188e+001 1.01173561e+003 1.00804910e+003 5.09192958e+000 3.02946973e+000 2.61059773e+001 0.00000000e+000 0.00000000e+000 0.00000000e+000 1.00000000e+000
 1.00000000e+000 3.15138910e+001 2.03761221e+001 1.93441624e+001 1.17918569e+001 8.25988921e+001 3.91656415e+001 1.01103374e+003 1.00737879e+003 4.92974782e+000 2.27772666e+000 2.27403532e+001 0.00000000e+000 0.00000000e+000 0.00000000e+000 1.00000000e+000
 1.00000000e+000 3.07966102e+001 2.01137793e+001 1.91927878e+001 1.45390188e+001 8.86700969e+001 4.23018659e+001 1.01186482e+003 1.00695427e+003 4.15698517e+000 7.14535419e-001 2.10136188e+001 0.00000000e+000 0.00000000e+000 0.00000000e+000 1.00000000e+000
 1.00000000e+000 3.05665404e+001 1.98239726e+001 1.85513905e+001 1.15864495e+001 8.09755061e+001 3.71081291e+001 1.01145319e+003 1.00813079e+003 4.26580939e+000 1.69412464e+000 2.03381158e+001 0.00000000e+000 0.00000000e+000 0.00000000e+000 1.00000000e+000
 1.00000000e+000 3.10384162e+001 1.90896561e+001 1.77867175e+001 1.18599403e+001 8.04954100e+001 3.64074444e+001 1.01034538e+003 1.00543395e+003 5.30038615e+000 3.17933124e+000 2.19460259e+001 0.00000000e+000 0.00000000e+000 0.00000000e+000 1.00000000e+000
 1.00000000e+000 3.35374271e+001 2.04243237e+001 1.68057792e+001 1.03621885e+001 7.18361327e+001 3.01687500e+001 1.00866543e+003 1.00431648e+003 4.41983640e+000 2.48438684e+000 2.31097632e+001 0.00000000e+000 0.00000000e+000 0.00000000e+000 1.00000000e+000
 1.00000000e+000 3.54399653e+001 2.20432303e+001 1.74285554e+001 9.39981562e+000 6.96863518e+001 2.75168368e+001 1.00796556e+003 1.00336919e+003 5.27506751e+000 2.93485249e+000 2.42350717e+001 0.00000000e+000 0.00000000e+000 0.00000000e+000 1.00000000e+000
 1.00000000e+000 3.76763058e+001 2.42136301e+001 1.77523591e+001 9.51260404e+000 6.19499259e+001 2.32692209e+001 1.00809058e+003 1.00386407e+003 4.81555722e+000 2.33192851e+000 2.52058566e+001 0.00000000e+000 0.00000000e+000 0.00000000e+000 1.00000000e+000
 1.00000000e+000 3.82471340e+001 2.47857925e+001 1.78387697e+001 9.31039728e+000 6.03780320e+001 2.24965278e+001 1.00863002e+003 1.00392744e+003 5.66380162e+000 3.54188753e+000 2.55274886e+001 0.00000000e+000 0.00000000e+000 0.00000000e+000 1.00000000e+000
 1.00000000e+000 3.79002918e+001 2.46594043e+001 1.83243126e+001 9.70218330e+000 6.24963321e+001 2.38921966e+001 1.00645932e+003 1.00223628e+003 5.26615270e+000 3.18180174e+000 2.50578940e+001 0.00000000e+000 0.00000000e+000 0.00000000e+000 1.00000000e+000
 1.00000000e+000 3.88849610e+001 2.64251526e+001 1.91777650e+001 1.12281710e+001 6.05562340e+001 2.34369257e+001 1.00524909e+003 1.00065667e+003 5.02062859e+000 2.13162757e+000 2.48095690e+001 0.00000000e+000 0.00000000e+000 0.00000000e+000 1.00000000e+000
 1.00000000e+000 4.09983513e+001 2.85847416e+001 1.95216635e+001 1.19012662e+001 5.65360264e+001 2.27417468e+001 1.00589848e+003 1.00200104e+003 4.64691690e+000 2.09890733e+000 2.83555193e+001 0.00000000e+000 0.00000000e+000 0.00000000e+000 1.00000000e+000
 1.00000000e+000 4.00128071e+001 2.72297819e+001 1.85238955e+001 9.57722230e+000 5.53245396e+001 2.07687831e+001 1.00265670e+003 9.98629967e+002 5.23243841e+000 2.42391707e+000 2.73563476e+001 0.00000000e+000 0.00000000e+000 0.00000000e+000 1.00000000e+000
 1.00000000e+000 4.22694718e+001 2.86731542e+001 1.87860066e+001 9.32861810e+000 5.05418628e+001 1.96850782e+001 1.00474555e+003 1.00213437e+003 6.67613970e+000 2.86537579e+000 4.22383438e+001 0.00000000e+000 0.00000000e+000 0.00000000e+000 1.00000000e+000
 1.00000000e+000 4.01737862e+001 2.81734128e+001 1.99696297e+001 1.22539466e+001 5.77805209e+001 2.31172558e+001 1.00596773e+003 1.00159401e+003 4.98644721e+000 2.75486710e+000 2.50945689e+001 0.00000000e+000 0.00000000e+000 0.00000000e+000 1.00000000e+000
 1.00000000e+000 3.88924935e+001 2.61607483e+001 1.95976842e+001 9.43707614e+000 5.90872531e+001 2.34273579e+001 1.00654064e+003 1.00292018e+003 5.85664482e+000 3.45395985e+000 2.70425483e+001 0.00000000e+000 0.00000000e+000 0.00000000e+000 1.00000000e+000
 1.00000000e+000 3.70959650e+001 2.51188798e+001 1.89449118e+001 1.10787775e+001 6.35376755e+001 2.51559594e+001 1.00500145e+003 1.00122372e+003 4.56788651e+000 2.44805422e+000 2.26013576e+001 0.00000000e+000 0.00000000e+000 0.00000000e+000 1.00000000e+000
 1.00000000e+000 3.63913400e+001 2.56700467e+001 1.88400059e+001 1.16399071e+001 6.05446412e+001 2.57926249e+001 1.00121125e+003 9.97125238e+002 5.56948198e+000 3.39196314e+000 2.42456931e+001 1.00000000e+000 0.00000000e+000 0.00000000e+000 0.00000000e+000
 1.00000000e+000 3.78278271e+001 2.56701811e+001 1.90760942e+001 1.14659188e+001 6.11770422e+001 2.54899448e+001 1.00434566e+003 1.00073814e+003 4.10258563e+000 1.85984485e+000 2.42818881e+001 0.00000000e+000 0.00000000e+000 0.00000000e+000 1.00000000e+000
 1.00000000e+000 3.86655679e+001 2.71311619e+001 2.07573280e+001 1.30111228e+001 6.06865960e+001 2.47942224e+001 1.00462834e+003 1.00140261e+003 3.89569519e+000 1.54654700e+000 2.34573624e+001 0.00000000e+000 0.00000000e+000 0.00000000e+000 1.00000000e+000
 1.00000000e+000 4.09912451e+001 2.90484238e+001 2.08632176e+001 1.31595392e+001 5.79292945e+001 2.45893323e+001 1.00330899e+003 9.99736626e+002 4.36293131e+000 2.18023162e+000 2.69721116e+001 0.00000000e+000 0.00000000e+000 0.00000000e+000 1.00000000e+000
 1.00000000e+000 3.81066507e+001 2.81438171e+001 2.06425446e+001 1.40013481e+001 5.91735694e+001 2.71678919e+001 1.00306225e+003 9.99853176e+002 4.63455861e+000 2.66142814e+000 2.51654719e+001 0.00000000e+000 0.00000000e+000 0.00000000e+000 1.00000000e+000
 1.00000000e+000 3.82787659e+001 2.68831366e+001 1.98640187e+001 1.17738069e+001 5.97596739e+001 2.32181962e+001 1.00271398e+003 9.99080385e+002 4.64091572e+000 1.67455171e+000 2.40382582e+001 0.00000000e+000 0.00000000e+000 0.00000000e+000 1.00000000e+000
 1.00000000e+000 3.97539808e+001 2.73132328e+001 1.84660510e+001 9.70502437e+000 5.41832392e+001 2.01770171e+001 1.00148186e+003 9.97582835e+002 5.31795938e+000 3.21828327e+000 2.59770357e+001 0.00000000e+000 0.00000000e+000 0.00000000e+000 1.00000000e+000
 1.00000000e+000 4.28699489e+001 3.05572064e+001 1.88906130e+001 1.12118402e+001 5.00353757e+001 1.90324729e+001 1.00010030e+003 9.95408984e+002 5.86357350e+000 3.93405186e+000 2.93094089e+001 0.00000000e+000 0.00000000e+000 0.00000000e+000 1.00000000e+000
 1.00000000e+000 4.27838042e+001 3.03642227e+001 2.01357313e+001 1.03995449e+001 4.97896948e+001 1.83318544e+001 1.00167257e+003 9.97964671e+002 5.75727993e+000 4.05231638e+000 2.79221599e+001 0.00000000e+000 0.00000000e+000 0.00000000e+000 1.00000000e+000
 1.00000000e+000 4.08635152e+001 2.90511259e+001 2.13038191e+001 1.30625631e+001 5.86532202e+001 2.31661982e+001 1.00422232e+003 1.00102983e+003 3.99728775e+000 1.57212291e+000 2.52321261e+001 0.00000000e+000 0.00000000e+000 0.00000000e+000 1.00000000e+000
 1.00000000e+000 4.13249712e+001 2.91759308e+001 2.06044518e+001 1.23909132e+001 5.77496586e+001 2.29116609e+001 1.00315786e+003 9.99286459e+002 4.79829786e+000 2.74564803e+000 2.62232137e+001 0.00000000e+000 0.00000000e+000 0.00000000e+000 1.00000000e+000
 1.00000000e+000 4.07544642e+001 2.91817635e+001 1.97002680e+001 1.30212256e+001 5.70382076e+001 2.31985931e+001 1.00335102e+003 9.98612177e+002 4.94381108e+000 2.52136421e+000 2.57923939e+001 0.00000000e+000 0.00000000e+000 0.00000000e+000 1.00000000e+000
 1.00000000e+000 3.99460168e+001 2.68528722e+001 1.95427544e+001 8.68231770e+000 5.42794670e+001 2.01975916e+001 1.00395148e+003 1.00129165e+003 5.81167949e+000 4.12788874e+000 2.88812506e+001 0.00000000e+000 0.00000000e+000 0.00000000e+000 1.00000000e+000
 1.00000000e+000 3.42855199e+001 2.30149110e+001 1.73517379e+001 1.25711847e+001 6.99524099e+001 3.00770451e+001 1.00769174e+003 1.00345111e+003 3.50803085e+000 6.15083370e-001 2.23515432e+001 0.00000000e+000 0.00000000e+000 0.00000000e+000 1.00000000e+000
 1.00000000e+000 3.06583896e+001 1.97529010e+001 1.78265892e+001 1.26802984e+001 7.91594773e+001 3.80985605e+001 1.00796492e+003 1.00386940e+003 4.81507195e+000 3.61646984e+000 2.17527976e+001 0.00000000e+000 0.00000000e+000 0.00000000e+000 1.00000000e+000
 1.00000000e+000 3.23217217e+001 2.25447663e+001 1.83747502e+001 1.39173504e+001 7.40287309e+001 3.48752207e+001 1.00667471e+003 1.00269584e+003 3.78043222e+000 1.49568288e+000 2.02002921e+001 0.00000000e+000 0.00000000e+000 0.00000000e+000 1.00000000e+000
 1.00000000e+000 3.34971711e+001 2.45466089e+001 2.30038898e+001 1.56044259e+001 7.73301696e+001 3.72185124e+001 1.00467140e+003 1.00164334e+003 5.05479676e+000 3.18793271e+000 2.06691891e+001 0.00000000e+000 0.00000000e+000 0.00000000e+000 1.00000000e+000
 1.00000000e+000 3.37753951e+001 2.40747113e+001 2.32606485e+001 1.77858802e+001 8.18060133e+001 4.12210592e+001 1.00552981e+003 1.00191091e+003 3.94042658e+000 2.17534499e+000 2.08185714e+001 0.00000000e+000 0.00000000e+000 0.00000000e+000 1.00000000e+000
 1.00000000e+000 3.49708825e+001 2.49741765e+001 2.15778661e+001 1.59341053e+001 7.68961862e+001 3.87227200e+001 1.00466167e+003 9.99756151e+002 5.80323440e+000 4.34806180e+000 2.35583519e+001 0.00000000e+000 0.00000000e+000 0.00000000e+000 1.00000000e+000
 1.00000000e+000 3.62419625e+001 2.51192904e+001 2.30503780e+001 1.68858495e+001 8.19068900e+001 4.03189948e+001 1.00525429e+003 1.00024514e+003 4.89783546e+000 3.00796508e+000 2.26397254e+001 0.00000000e+000 0.00000000e+000 0.00000000e+000 1.00000000e+000
 1.00000000e+000 3.70195230e+001 2.58304400e+001 2.17714459e+001 1.52377202e+001 7.40877244e+001 3.43460809e+001 1.00370873e+003 9.99765259e+002 4.35502375e+000 2.28180008e+000 2.38776511e+001 0.00000000e+000 0.00000000e+000 0.00000000e+000 1.00000000e+000
 1.00000000e+000 3.97142150e+001 2.90481567e+001 2.30376132e+001 1.51845057e+001 6.51783248e+001 2.79817951e+001 9.98687751e+002 9.95127133e+002 4.68160944e+000 2.54545528e+000 2.38157243e+001 0.00000000e+000 0.00000000e+000 0.00000000e+000 1.00000000e+000
 1.00000000e+000 4.10905649e+001 2.95459333e+001 2.03125398e+001 1.30117827e+001 5.71377438e+001 2.42060510e+001 9.97768553e+002 9.93165818e+002 5.94654553e+000 4.08664853e+000 2.82066538e+001 1.00000000e+000 0.00000000e+000 0.00000000e+000 0.00000000e+000
 1.00000000e+000 4.04175734e+001 2.98074937e+001 2.07339898e+001 1.35057435e+001 5.72964539e+001 2.46694602e+001 9.99628987e+002 9.95499399e+002 5.76179020e+000 3.92354416e+000 2.70491047e+001 1.00000000e+000 0.00000000e+000 0.00000000e+000 0.00000000e+000
 1.00000000e+000 3.49861140e+001 2.50671831e+001 1.91759226e+001 1.43142390e+001 6.70895380e+001 3.08031391e+001 1.00346344e+003 9.99389442e+002 4.53700921e+000 2.54990415e+000 2.29627892e+001 1.00000000e+000 0.00000000e+000 0.00000000e+000 0.00000000e+000
 1.00000000e+000 3.38794455e+001 2.32523602e+001 2.01877055e+001 1.43307814e+001 7.29836986e+001 3.45752149e+001 1.00364524e+003 1.00021596e+003 3.73539732e+000 1.83839132e+000 2.15574850e+001 1.00000000e+000 0.00000000e+000 0.00000000e+000 0.00000000e+000
 1.00000000e+000 3.51330044e+001 2.21948804e+001 1.90731235e+001 8.43950271e+000 6.16011608e+001 2.64123608e+001 1.00346355e+003 1.00177374e+003 5.62272066e+000 5.01259719e+000 2.74106206e+001 1.00000000e+000 0.00000000e+000 0.00000000e+000 0.00000000e+000
 1.00000000e+000 3.42477710e+001 2.29482112e+001 1.96266813e+001 1.02554193e+001 6.76701165e+001 3.04354398e+001 1.00218824e+003 9.99202852e+002 5.48556281e+000 3.65584381e+000 2.35982834e+001 1.00000000e+000 0.00000000e+000 0.00000000e+000 0.00000000e+000
 1.00000000e+000 3.56840145e+001 2.55256468e+001 2.14452353e+001 1.48048167e+001 7.01004492e+001 3.25391668e+001 1.00099599e+003 9.97656044e+002 4.00045475e+000 1.32508663e+000 2.26356650e+001 0.00000000e+000 0.00000000e+000 0.00000000e+000 1.00000000e+000
 1.00000000e+000 3.64494936e+001 2.59036929e+001 2.21632853e+001 1.23760801e+001 6.51540039e+001 2.97323125e+001 1.00026703e+003 9.97860792e+002 4.85432940e+000 2.56724415e+000 2.33781060e+001 0.00000000e+000 0.00000000e+000 0.00000000e+000 1.00000000e+000
 1.00000000e+000 3.81910131e+001 2.86965374e+001 2.15515954e+001 1.66464801e+001 6.57103201e+001 3.08355798e+001 1.00422618e+003 1.00032508e+003 3.63856554e+000 1.53095651e+000 2.22778806e+001 1.00000000e+000 0.00000000e+000 0.00000000e+000 0.00000000e+000
 1.00000000e+000 3.78917561e+001 2.77629078e+001 2.23756408e+001 1.58719591e+001 6.95135198e+001 3.22803812e+001 1.00433471e+003 1.00105717e+003 3.73249817e+000 1.41554216e+000 2.32059659e+001 0.00000000e+000 0.00000000e+000 0.00000000e+000 1.00000000e+000
 1.00000000e+000 3.31449995e+001 2.15425745e+001 1.81667411e+001 8.93393687e+000 6.81337112e+001 2.80829126e+001 1.00403096e+003 1.00204102e+003 4.68539167e+000 3.32012666e+000 2.28567372e+001 0.00000000e+000 0.00000000e+000 0.00000000e+000 1.00000000e+000
 1.00000000e+000 3.18821713e+001 2.14468101e+001 1.70352856e+001 1.17400692e+001 7.02159316e+001 2.91064070e+001 1.00290595e+003 9.98847880e+002 4.56023444e+000 2.24018706e+000 2.03057073e+001 0.00000000e+000 0.00000000e+000 0.00000000e+000 1.00000000e+000
 1.00000000e+000 3.55382624e+001 2.53356213e+001 1.95222692e+001 1.41176491e+001 7.01979145e+001 3.25446253e+001 1.00088164e+003 9.95967520e+002 5.22751574e+000 2.96162919e+000 2.30418875e+001 1.00000000e+000 0.00000000e+000 0.00000000e+000 0.00000000e+000
 1.00000000e+000 3.23267392e+001 2.21612878e+001 1.97593140e+001 1.39637378e+001 7.69406881e+001 3.75967233e+001 1.00263386e+003 9.99142685e+002 4.35235109e+000 2.60835384e+000 2.19822300e+001 0.00000000e+000 0.00000000e+000 0.00000000e+000 1.00000000e+000
 1.00000000e+000 3.50569243e+001 2.30079436e+001 1.97682200e+001 1.22677238e+001 7.18601205e+001 3.23589729e+001 1.00400130e+003 1.00144667e+003 3.99771016e+000 3.64084653e+000 2.27609662e+001 0.00000000e+000 1.00000000e+000 0.00000000e+000 0.00000000e+000
 1.00000000e+000 3.50169067e+001 2.64580832e+001 2.06437917e+001 1.76657235e+001 7.40365204e+001 3.59850260e+001 1.00042612e+003 9.94960236e+002 4.52070424e+000 1.65975543e+000 2.09824880e+001 0.00000000e+000 0.00000000e+000 0.00000000e+000 1.00000000e+000
 1.00000000e+000 3.64626552e+001 2.64934340e+001 2.16896715e+001 1.57476963e+001 6.98135753e+001 3.26110942e+001 1.00013727e+003 9.96432338e+002 4.22219193e+000 2.11783626e+000 2.23811806e+001 0.00000000e+000 0.00000000e+000 0.00000000e+000 1.00000000e+000
 1.00000000e+000 3.68919418e+001 2.79325046e+001 2.16778413e+001 1.82546005e+001 7.17137706e+001 3.72328173e+001 1.00011927e+003 9.94635302e+002 4.89807256e+000 2.62592090e+000 2.34325417e+001 0.00000000e+000 0.00000000e+000 0.00000000e+000 1.00000000e+000
 1.00000000e+000 3.86040292e+001 2.91858330e+001 2.37939837e+001 1.88821871e+001 7.24939064e+001 3.59498090e+001 1.00126870e+003 9.97000089e+002 3.88533025e+000 1.72391016e+000 2.26604855e+001 0.00000000e+000 0.00000000e+000 0.00000000e+000 1.00000000e+000
 1.00000000e+000 3.82645138e+001 2.92512047e+001 2.31502122e+001 1.85826872e+001 7.00571308e+001 3.57734845e+001 1.00200613e+003 9.98203026e+002 3.69826513e+000 1.75081381e+000 2.33410016e+001 0.00000000e+000 0.00000000e+000 0.00000000e+000 1.00000000e+000
 1.00000000e+000 3.33320136e+001 2.45602075e+001 2.24480548e+001 1.63360792e+001 7.75630235e+001 4.18616019e+001 1.00218675e+003 9.99286735e+002 4.09783667e+000 2.50469989e+000 2.15294700e+001 0.00000000e+000 0.00000000e+000 0.00000000e+000 1.00000000e+000
 1.00000000e+000 3.67784539e+001 2.70820291e+001 2.23556156e+001 1.81469232e+001 7.51216909e+001 3.99309833e+001 9.99941940e+002 9.94844283e+002 5.02797162e+000 3.57602063e+000 2.43828783e+001 0.00000000e+000 0.00000000e+000 0.00000000e+000 1.00000000e+000
 1.00000000e+000 3.24962839e+001 2.40674913e+001 2.22858539e+001 1.70106507e+001 8.21902380e+001 4.52644308e+001 9.99137732e+002 9.95328129e+002 4.36239607e+000 2.10248390e+000 2.14155526e+001 0.00000000e+000 0.00000000e+000 0.00000000e+000 1.00000000e+000
 1.00000000e+000 3.34761622e+001 2.57953073e+001 2.24875374e+001 1.85682340e+001 8.19957526e+001 4.62213151e+001 9.99041303e+002 9.94099011e+002 5.06364042e+000 2.92981179e+000 2.16236081e+001 0.00000000e+000 0.00000000e+000 0.00000000e+000 1.00000000e+000
 1.00000000e+000 3.54438070e+001 2.67709206e+001 2.25851992e+001 1.82841378e+001 7.83352876e+001 4.27145912e+001 1.00009919e+003 9.94326499e+002 5.74862375e+000 3.54293862e+000 2.29880336e+001 0.00000000e+000 0.00000000e+000 0.00000000e+000 1.00000000e+000
 1.00000000e+000 3.61330151e+001 2.70082622e+001 2.30578646e+001 1.85458054e+001 7.61374107e+001 3.88532510e+001 1.00105264e+003 9.96948101e+002 3.76393434e+000 1.39542251e+000 2.20533768e+001 0.00000000e+000 0.00000000e+000 0.00000000e+000 1.00000000e+000
 1.00000000e+000 3.64690435e+001 2.78757959e+001 2.39993550e+001 1.82438933e+001 7.15515338e+001 3.95924772e+001 9.98608526e+002 9.95322507e+002 4.41188018e+000 2.82926389e+000 2.39355245e+001 1.00000000e+000 0.00000000e+000 0.00000000e+000 0.00000000e+000
 1.00000000e+000 3.61949515e+001 2.83499509e+001 2.35084588e+001 2.01207512e+001 7.62854833e+001 4.14279516e+001 9.99505322e+002 9.94918801e+002 3.85345326e+000 1.29417092e+000 2.16419107e+001 0.00000000e+000 0.00000000e+000 0.00000000e+000 1.00000000e+000
 1.00000000e+000 3.59333079e+001 2.86808929e+001 2.34864535e+001 1.98054968e+001 7.44796046e+001 4.22109972e+001 9.99804967e+002 9.95424326e+002 4.23491907e+000 1.81910176e+000 2.24210046e+001 0.00000000e+000 0.00000000e+000 0.00000000e+000 1.00000000e+000
 1.00000000e+000 3.49402853e+001 2.64957951e+001 2.40084100e+001 1.88474303e+001 8.22673053e+001 4.39002169e+001 1.00015921e+003 9.95694091e+002 4.04303303e+000 6.78986234e-001 2.11427114e+001 0.00000000e+000 0.00000000e+000 0.00000000e+000 1.00000000e+000
 1.00000000e+000 3.45272701e+001 2.64837823e+001 2.42084659e+001 1.92503688e+001 8.37892709e+001 4.83590929e+001 1.00144837e+003 9.97030145e+002 4.12785204e+000 1.64374001e+000 2.12555513e+001 0.00000000e+000 0.00000000e+000 0.00000000e+000 1.00000000e+000
 1.00000000e+000 3.35523609e+001 2.63913910e+001 2.41970033e+001 2.05203944e+001 8.45277726e+001 4.72460822e+001 1.00021938e+003 9.95332813e+002 4.62945537e+000 1.94246160e+000 2.03289079e+001 1.00000000e+000 0.00000000e+000 0.00000000e+000 0.00000000e+000
 1.00000000e+000 3.44798727e+001 2.66437201e+001 2.32678413e+001 1.96707512e+001 8.28589168e+001 4.63908631e+001 1.00075087e+003 9.95577100e+002 4.69893865e+000 2.09181507e+000 2.19194399e+001 0.00000000e+000 0.00000000e+000 0.00000000e+000 1.00000000e+000
 1.00000000e+000 3.52652707e+001 2.69980963e+001 2.40738891e+001 1.94525275e+001 8.31471094e+001 4.49795455e+001 1.00072769e+003 9.95779084e+002 4.52523817e+000 1.94372078e+000 2.08527237e+001 0.00000000e+000 1.00000000e+000 0.00000000e+000 0.00000000e+000
 1.00000000e+000 3.65620866e+001 2.71687037e+001 2.36911218e+001 1.81736689e+001 7.89868764e+001 4.20526086e+001 1.00037163e+003 9.95626447e+002 4.56667717e+000 2.50545915e+000 2.19588468e+001 1.00000000e+000 0.00000000e+000 0.00000000e+000 0.00000000e+000
 1.00000000e+000 3.61511146e+001 2.84305312e+001 2.40754843e+001 2.05898507e+001 7.81337393e+001 4.25113329e+001 1.00151512e+003 9.96990953e+002 3.83778790e+000 1.27369089e+000 2.13826261e+001 0.00000000e+000 0.00000000e+000 0.00000000e+000 1.00000000e+000
 1.00000000e+000 3.60973673e+001 2.72584727e+001 2.44771968e+001 1.89287000e+001 8.07582813e+001 4.50754353e+001 1.00379928e+003 9.99900793e+002 4.03280213e+000 1.85982304e+000 2.28799102e+001 1.00000000e+000 0.00000000e+000 0.00000000e+000 0.00000000e+000
 1.00000000e+000 3.53446945e+001 2.69134046e+001 2.25986666e+001 1.81810961e+001 7.87525133e+001 4.19508752e+001 1.00315967e+003 9.97585048e+002 5.34915801e+000 2.55030777e+000 2.20308871e+001 0.00000000e+000 0.00000000e+000 0.00000000e+000 1.00000000e+000
 1.00000000e+000 3.52112956e+001 2.73587805e+001 2.40553247e+001 1.93066159e+001 7.82757849e+001 4.39524011e+001 1.00164484e+003 9.97598060e+002 4.40274652e+000 2.63722509e+000 2.13983554e+001 0.00000000e+000 0.00000000e+000 0.00000000e+000 1.00000000e+000
 1.00000000e+000 3.61324578e+001 2.87004272e+001 2.49430910e+001 2.13428764e+001 8.02360483e+001 4.49873336e+001 9.99820463e+002 9.95067758e+002 4.29118989e+000 1.80361272e+000 2.19086307e+001 0.00000000e+000 0.00000000e+000 0.00000000e+000 1.00000000e+000
 1.00000000e+000 3.55721754e+001 2.78465707e+001 2.39693751e+001 2.02195546e+001 7.90751800e+001 4.50216783e+001 9.99851826e+002 9.95154875e+002 4.20098037e+000 1.79905432e+000 2.19540979e+001 0.00000000e+000 0.00000000e+000 0.00000000e+000 1.00000000e+000
 1.00000000e+000 3.81297649e+001 2.90486000e+001 2.39386331e+001 1.90553861e+001 7.30939501e+001 3.75883054e+001 1.00025677e+003 9.96105148e+002 3.76634124e+000 1.85344721e+000 2.18817973e+001 0.00000000e+000 0.00000000e+000 0.00000000e+000 1.00000000e+000
 1.00000000e+000 3.81444112e+001 2.91208000e+001 2.37650855e+001 1.94270505e+001 7.33877803e+001 3.78585254e+001 1.00028514e+003 9.95856797e+002 3.84808583e+000 1.77912246e+000 2.23909941e+001 1.00000000e+000 0.00000000e+000 0.00000000e+000 0.00000000e+000
 1.00000000e+000 3.63706501e+001 2.70005604e+001 2.37108002e+001 1.81175800e+001 7.83866188e+001 4.17983773e+001 1.00110547e+003 9.96480860e+002 5.09114303e+000 2.58076635e+000 2.45276259e+001 1.00000000e+000 0.00000000e+000 0.00000000e+000 0.00000000e+000
 1.00000000e+000 3.48684542e+001 2.45189580e+001 2.31612113e+001 1.33047974e+001 7.62155049e+001 3.29738926e+001 1.00010125e+003 9.98336120e+002 4.52364190e+000 3.49822419e+000 2.00939164e+001 0.00000000e+000 0.00000000e+000 0.00000000e+000 1.00000000e+000
 1.00000000e+000 3.74773999e+001 2.88492574e+001 2.41138167e+001 1.99485161e+001 7.78295076e+001 4.15254482e+001 9.99603356e+002 9.93967272e+002 4.92367063e+000 2.50178047e+000 2.21289345e+001 0.00000000e+000 0.00000000e+000 0.00000000e+000 1.00000000e+000
 1.00000000e+000 3.79684253e+001 2.94673716e+001 2.46945134e+001 2.02119758e+001 7.59044701e+001 4.08095351e+001 1.00063646e+003 9.96119816e+002 4.20478358e+000 1.93452391e+000 2.30045190e+001 0.00000000e+000 0.00000000e+000 0.00000000e+000 1.00000000e+000
 1.00000000e+000 3.69778028e+001 2.92101854e+001 2.34186744e+001 2.10876955e+001 7.38287463e+001 4.21503146e+001 1.00057500e+003 9.94979441e+002 4.91510750e+000 2.83886493e+000 2.40951106e+001 0.00000000e+000 0.00000000e+000 0.00000000e+000 1.00000000e+000
 1.00000000e+000 3.62248745e+001 2.78326879e+001 2.43075679e+001 2.00682315e+001 7.90975498e+001 4.40054328e+001 1.00152466e+003 9.97095004e+002 4.31994769e+000 2.26402452e+000 2.31242319e+001 0.00000000e+000 0.00000000e+000 0.00000000e+000 1.00000000e+000
 1.00000000e+000 3.53769669e+001 2.74084215e+001 2.42009318e+001 2.06234965e+001 8.24161106e+001 4.54845775e+001 1.00274516e+003 9.98254661e+002 3.92082269e+000 1.61228875e+000 2.17280683e+001 0.00000000e+000 0.00000000e+000 0.00000000e+000 1.00000000e+000
 1.00000000e+000 3.42009642e+001 2.63155960e+001 2.49997430e+001 1.84441677e+001 8.32741902e+001 5.07847820e+001 1.00257226e+003 9.98868862e+002 5.13096494e+000 3.49206257e+000 2.33270134e+001 0.00000000e+000 0.00000000e+000 0.00000000e+000 1.00000000e+000
 1.00000000e+000 3.49383164e+001 2.64467324e+001 2.46624853e+001 1.94620747e+001 8.32749226e+001 4.77098116e+001 1.00163649e+003 9.97752010e+002 4.13709077e+000 2.25073960e+000 2.25232072e+001 0.00000000e+000 0.00000000e+000 0.00000000e+000 1.00000000e+000
 1.00000000e+000 3.47717302e+001 2.71394028e+001 2.33030013e+001 2.02888457e+001 7.96249472e+001 4.46263181e+001 1.00152088e+003 9.96986025e+002 3.93963904e+000 1.72033175e+000 2.15978968e+001 0.00000000e+000 0.00000000e+000 0.00000000e+000 1.00000000e+000
 1.00000000e+000 3.54218141e+001 2.69857499e+001 2.35597503e+001 1.96266662e+001 8.02151490e+001 4.34932639e+001 1.00257070e+003 9.98044637e+002 3.74437610e+000 1.38831028e+000 2.09167309e+001 0.00000000e+000 0.00000000e+000 0.00000000e+000 1.00000000e+000
 1.00000000e+000 3.46902451e+001 2.73890759e+001 2.38841440e+001 2.02456908e+001 7.99932173e+001 4.52897558e+001 1.00097114e+003 9.96257735e+002 4.54295650e+000 2.40739018e+000 2.09612026e+001 0.00000000e+000 0.00000000e+000 0.00000000e+000 1.00000000e+000
 1.00000000e+000 3.53045112e+001 2.79136107e+001 2.39876914e+001 2.01907305e+001 8.11236017e+001 4.63088345e+001 1.00024533e+003 9.94665427e+002 5.63677370e+000 3.54155042e+000 2.22694216e+001 0.00000000e+000 0.00000000e+000 0.00000000e+000 1.00000000e+000
 1.00000000e+000 3.47093533e+001 2.77870603e+001 2.41309101e+001 2.04617110e+001 8.11278614e+001 4.66554763e+001 1.00076807e+003 9.95671464e+002 5.22329622e+000 3.21141145e+000 2.12305377e+001 0.00000000e+000 0.00000000e+000 0.00000000e+000 1.00000000e+000
 1.00000000e+000 3.33192050e+001 2.68931844e+001 2.43709118e+001 2.11740435e+001 8.63159496e+001 5.01405546e+001 1.00171373e+003 9.96961349e+002 4.38228949e+000 1.94826394e+000 1.99016134e+001 0.00000000e+000 1.00000000e+000 0.00000000e+000 0.00000000e+000
 1.00000000e+000 3.38003745e+001 2.66245495e+001 2.44877866e+001 1.89737121e+001 8.34250736e+001 4.95559961e+001 1.00216815e+003 9.97711520e+002 5.36577371e+000 3.38663611e+000 2.14228758e+001 0.00000000e+000 0.00000000e+000 0.00000000e+000 1.00000000e+000
 1.00000000e+000 3.54932089e+001 2.63157253e+001 2.37939708e+001 1.81801934e+001 7.84767133e+001 4.13296943e+001 1.00253917e+003 9.98496695e+002 4.77909565e+000 3.60844979e+000 2.19246665e+001 0.00000000e+000 0.00000000e+000 0.00000000e+000 1.00000000e+000
 1.00000000e+000 3.58936737e+001 2.81551244e+001 2.47810830e+001 2.03522156e+001 8.07561603e+001 4.71795437e+001 1.00231778e+003 9.97692952e+002 4.98400319e+000 3.28278369e+000 2.32080991e+001 0.00000000e+000 0.00000000e+000 0.00000000e+000 1.00000000e+000
 1.00000000e+000 3.58285852e+001 2.76441693e+001 2.40584338e+001 1.99209099e+001 8.21502922e+001 4.62531248e+001 1.00228795e+003 9.96427893e+002 5.76080964e+000 3.69589493e+000 2.27522701e+001 0.00000000e+000 0.00000000e+000 0.00000000e+000 1.00000000e+000
 1.00000000e+000 3.47482591e+001 2.70184708e+001 2.44083489e+001 1.87937868e+001 8.23628445e+001 4.73164756e+001 1.00318897e+003 9.98471277e+002 5.47012413e+000 3.17135723e+000 2.21978582e+001 0.00000000e+000 0.00000000e+000 0.00000000e+000 1.00000000e+000
 1.00000000e+000 3.57423313e+001 2.69392940e+001 2.45425736e+001 1.91259540e+001 8.18252034e+001 4.85430194e+001 1.00237112e+003 9.97814806e+002 5.32089158e+000 4.09432680e+000 2.45900545e+001 0.00000000e+000 0.00000000e+000 0.00000000e+000 1.00000000e+000
 1.00000000e+000 3.49812466e+001 2.62544190e+001 2.43226299e+001 1.84180762e+001 8.18548887e+001 4.74990760e+001 1.00123170e+003 9.97101405e+002 5.01946421e+000 3.50324561e+000 2.34461966e+001 0.00000000e+000 0.00000000e+000 0.00000000e+000 1.00000000e+000
 1.00000000e+000 3.60286087e+001 2.79831024e+001 2.41142729e+001 2.01171919e+001 7.85894615e+001 4.53702820e+001 1.00183464e+003 9.97066528e+002 4.52693001e+000 2.36779960e+000 2.32001464e+001 0.00000000e+000 0.00000000e+000 0.00000000e+000 1.00000000e+000
 1.00000000e+000 3.56265818e+001 2.74971147e+001 2.33436325e+001 1.98009751e+001 7.95102424e+001 4.38021116e+001 1.00402685e+003 9.99166221e+002 4.15811952e+000 1.59455965e+000 2.22112500e+001 0.00000000e+000 0.00000000e+000 0.00000000e+000 1.00000000e+000
 1.00000000e+000 3.62511239e+001 2.76408905e+001 2.32974932e+001 1.96272653e+001 7.59106645e+001 4.17828855e+001 1.00524980e+003 1.00046458e+003 4.45575940e+000 2.60146251e+000 2.31026249e+001 0.00000000e+000 0.00000000e+000 0.00000000e+000 1.00000000e+000
 1.00000000e+000 3.70434323e+001 2.77410297e+001 2.38958897e+001 1.93686628e+001 7.83047568e+001 4.19311089e+001 1.00366410e+003 9.98987761e+002 4.42338293e+000 2.49567288e+000 2.36459545e+001 0.00000000e+000 1.00000000e+000 0.00000000e+000 0.00000000e+000
 1.00000000e+000 3.63789226e+001 2.79594944e+001 2.19117021e+001 1.90496434e+001 7.20002483e+001 3.75876407e+001 1.00135110e+003 9.96411788e+002 4.13138449e+000 1.61344929e+000 2.28193409e+001 0.00000000e+000 0.00000000e+000 0.00000000e+000 1.00000000e+000
 1.00000000e+000 3.54810356e+001 2.72289477e+001 2.27714383e+001 1.92588286e+001 7.60625354e+001 3.93046271e+001 1.00400559e+003 9.99837559e+002 3.53678840e+000 1.04995086e+000 2.09943453e+001 0.00000000e+000 0.00000000e+000 0.00000000e+000 1.00000000e+000
 1.00000000e+000 3.52706657e+001 2.63345531e+001 2.36427717e+001 1.85837563e+001 8.13375105e+001 4.67195999e+001 1.00749366e+003 1.00246806e+003 5.35524873e+000 3.63626813e+000 2.37258241e+001 0.00000000e+000 0.00000000e+000 0.00000000e+000 1.00000000e+000
 1.00000000e+000 3.61324650e+001 2.77332518e+001 2.50904578e+001 2.05143833e+001 8.16530234e+001 4.62114417e+001 1.00764662e+003 1.00286077e+003 4.44024634e+000 2.45611590e+000 2.17592907e+001 0.00000000e+000 1.00000000e+000 0.00000000e+000 0.00000000e+000
 1.00000000e+000 3.52617262e+001 2.68024104e+001 2.48792974e+001 1.96358198e+001 8.30259033e+001 4.56462324e+001 1.00645778e+003 1.00255248e+003 3.88703267e+000 1.52940579e+000 2.13639256e+001 0.00000000e+000 0.00000000e+000 0.00000000e+000 1.00000000e+000
 1.00000000e+000 3.47415962e+001 2.61298941e+001 2.36690154e+001 1.79907511e+001 8.04055716e+001 4.23100950e+001 1.00508578e+003 1.00114646e+003 4.50589604e+000 2.68550238e+000 2.08161655e+001 0.00000000e+000 1.00000000e+000 0.00000000e+000 0.00000000e+000
 1.00000000e+000 3.38231038e+001 2.59770244e+001 2.49059473e+001 1.90264803e+001 8.50655782e+001 4.78403332e+001 1.00502587e+003 1.00129398e+003 4.24741580e+000 1.78696179e+000 2.03615849e+001 0.00000000e+000 0.00000000e+000 0.00000000e+000 1.00000000e+000
 1.00000000e+000 3.43974496e+001 2.61082062e+001 2.39951375e+001 1.77877533e+001 8.03639077e+001 4.50402520e+001 1.00684899e+003 1.00365408e+003 4.39741073e+000 2.83180933e+000 2.19659618e+001 1.00000000e+000 0.00000000e+000 0.00000000e+000 0.00000000e+000
 1.00000000e+000 3.58365554e+001 2.41673676e+001 2.58716838e+001 6.66346742e+000 6.83659274e+001 2.63429227e+001 1.00598834e+003 1.00883873e+003 5.16411974e+000 5.88874155e+000 2.10313924e+001 0.00000000e+000 1.00000000e+000 0.00000000e+000 0.00000000e+000
 1.00000000e+000 3.63715670e+001 2.76118258e+001 2.40687293e+001 1.98161171e+001 7.87544299e+001 4.28061285e+001 1.00617360e+003 1.00188252e+003 3.87023068e+000 2.10654402e+000 2.17936120e+001 0.00000000e+000 1.00000000e+000 0.00000000e+000 0.00000000e+000
 1.00000000e+000 3.71483018e+001 2.85402877e+001 2.49473778e+001 2.01416792e+001 7.76526948e+001 4.26032724e+001 1.00412206e+003 1.00004605e+003 3.94519345e+000 2.37630981e+000 2.17893524e+001 0.00000000e+000 0.00000000e+000 0.00000000e+000 1.00000000e+000
 1.00000000e+000 3.41778412e+001 2.54705194e+001 2.34378680e+001 1.68902682e+001 7.85748711e+001 4.33250589e+001 1.00227242e+003 9.98160751e+002 5.64904223e+000 3.91904448e+000 2.27613132e+001 0.00000000e+000 1.00000000e+000 0.00000000e+000 0.00000000e+000
 1.00000000e+000 3.14123489e+001 2.43538514e+001 2.18301648e+001 1.86291159e+001 8.45846795e+001 4.80044257e+001 1.00584020e+003 1.00105612e+003 4.82539242e+000 2.77581537e+000 1.99931944e+001 0.00000000e+000 1.00000000e+000 0.00000000e+000 0.00000000e+000
 1.00000000e+000 3.51204108e+001 2.64373683e+001 2.32933427e+001 1.89976113e+001 8.06129233e+001 4.34769669e+001 1.00584720e+003 1.00125734e+003 4.31632814e+000 2.50904721e+000 2.10993164e+001 0.00000000e+000 1.00000000e+000 0.00000000e+000 0.00000000e+000
 1.00000000e+000 3.48445975e+001 2.73827440e+001 2.42293457e+001 1.98239320e+001 7.99888466e+001 4.72711349e+001 1.00236796e+003 9.97756145e+002 5.43828363e+000 4.47624913e+000 2.22902284e+001 0.00000000e+000 1.00000000e+000 0.00000000e+000 0.00000000e+000
 1.00000000e+000 3.52747142e+001 2.71097822e+001 2.44434882e+001 1.98322843e+001 8.16362858e+001 4.59208248e+001 1.00161216e+003 9.97560788e+002 4.01719229e+000 1.78574924e+000 2.22444554e+001 0.00000000e+000 0.00000000e+000 0.00000000e+000 1.00000000e+000
 1.00000000e+000 3.59376797e+001 2.73748231e+001 2.42323396e+001 1.88785199e+001 7.92342288e+001 4.32760708e+001 1.00089405e+003 9.96765149e+002 4.27771394e+000 1.73530542e+000 2.27464255e+001 0.00000000e+000 0.00000000e+000 0.00000000e+000 1.00000000e+000
 1.00000000e+000 3.49598561e+001 2.74154062e+001 2.37170251e+001 1.96599001e+001 7.74355478e+001 4.19959578e+001 1.00335261e+003 9.99027886e+002 4.04666306e+000 1.12066570e+000 2.09773603e+001 0.00000000e+000 0.00000000e+000 0.00000000e+000 1.00000000e+000
 1.00000000e+000 3.48866533e+001 2.66010565e+001 2.29573010e+001 1.94626075e+001 7.93396332e+001 4.17731663e+001 1.00552922e+003 1.00060850e+003 3.99402519e+000 1.03738295e+000 2.08168826e+001 0.00000000e+000 0.00000000e+000 0.00000000e+000 1.00000000e+000
 1.00000000e+000 3.56667837e+001 2.73998192e+001 2.33349883e+001 1.98589725e+001 7.80587939e+001 3.95903042e+001 1.00527941e+003 1.00071380e+003 3.85918297e+000 1.25771297e+000 2.08339592e+001 0.00000000e+000 0.00000000e+000 0.00000000e+000 1.00000000e+000
 1.00000000e+000 3.60203794e+001 2.76267501e+001 2.31786090e+001 1.92943548e+001 7.57436007e+001 3.97797347e+001 1.00229981e+003 9.97841671e+002 4.02937306e+000 1.55958302e+000 2.19827329e+001 0.00000000e+000 1.00000000e+000 0.00000000e+000 0.00000000e+000
 1.00000000e+000 3.63552399e+001 2.82276292e+001 2.37521637e+001 1.98880749e+001 7.58315214e+001 3.95600949e+001 1.00241904e+003 9.97591867e+002 4.19112115e+000 1.38825874e+000 2.12790080e+001 0.00000000e+000 1.00000000e+000 0.00000000e+000 0.00000000e+000
 1.00000000e+000 3.63026373e+001 2.79394946e+001 2.33113790e+001 1.93641246e+001 7.46349244e+001 3.96485739e+001 1.00440128e+003 9.99567373e+002 4.39493430e+000 1.98473465e+000 2.19591040e+001 0.00000000e+000 0.00000000e+000 0.00000000e+000 1.00000000e+000
 1.00000000e+000 3.74029582e+001 2.88393460e+001 2.31378450e+001 1.90802559e+001 7.22955664e+001 3.79947393e+001 1.00545026e+003 1.00094736e+003 4.24833451e+000 1.95606520e+000 2.33007375e+001 0.00000000e+000 0.00000000e+000 0.00000000e+000 1.00000000e+000
 1.00000000e+000 3.72417630e+001 2.78073119e+001 2.28406127e+001 1.84691038e+001 7.29130818e+001 3.78848968e+001 1.00426671e+003 9.99515120e+002 4.50162145e+000 2.46968982e+000 2.37318550e+001 0.00000000e+000 1.00000000e+000 0.00000000e+000 0.00000000e+000
 1.00000000e+000 3.66665794e+001 2.64324175e+001 2.13694953e+001 1.57601023e+001 7.07728751e+001 3.45134134e+001 1.00225277e+003 9.98521748e+002 3.87317249e+000 1.60506389e+000 2.37607219e+001 0.00000000e+000 0.00000000e+000 0.00000000e+000 1.00000000e+000
 1.00000000e+000 3.70832061e+001 2.69412356e+001 2.13407984e+001 1.64064442e+001 7.08741962e+001 3.40723809e+001 1.00054680e+003 9.96040465e+002 4.01217848e+000 1.27018216e+000 2.33964670e+001 0.00000000e+000 1.00000000e+000 0.00000000e+000 0.00000000e+000
 1.00000000e+000 3.62620196e+001 2.69567444e+001 2.20260174e+001 1.78059832e+001 7.36093361e+001 3.65898610e+001 1.00036982e+003 9.95802379e+002 3.94524991e+000 1.23622138e+000 2.22883546e+001 0.00000000e+000 0.00000000e+000 0.00000000e+000 1.00000000e+000
 1.00000000e+000 3.58794725e+001 2.70501194e+001 2.22632850e+001 1.82967981e+001 7.49887862e+001 3.84143205e+001 1.00167332e+003 9.96816847e+002 4.05041018e+000 1.21830237e+000 2.16022083e+001 0.00000000e+000 1.00000000e+000 0.00000000e+000 0.00000000e+000
 1.00000000e+000 3.66042485e+001 2.73564292e+001 2.24513329e+001 1.81268604e+001 7.32301450e+001 3.63288825e+001 1.00318409e+003 9.98580719e+002 4.00334216e+000 1.21859211e+000 2.22013715e+001 0.00000000e+000 0.00000000e+000 0.00000000e+000 1.00000000e+000
 1.00000000e+000 3.67841594e+001 2.86300369e+001 2.32223960e+001 2.01400853e+001 7.50044180e+001 3.90092535e+001 1.00460480e+003 9.99368632e+002 4.26963547e+000 1.40960954e+000 2.20102572e+001 0.00000000e+000 0.00000000e+000 0.00000000e+000 1.00000000e+000
 1.00000000e+000 3.56542884e+001 2.68480051e+001 2.22234259e+001 1.80112623e+001 7.64037169e+001 4.03734766e+001 1.00387223e+003 9.98004533e+002 5.73142876e+000 3.39457281e+000 2.26232100e+001 0.00000000e+000 0.00000000e+000 0.00000000e+000 1.00000000e+000
 1.00000000e+000 3.56340812e+001 2.62505754e+001 2.29255610e+001 1.71712201e+001 7.63578769e+001 3.85139043e+001 1.00631667e+003 1.00259709e+003 3.90392700e+000 1.40944685e+000 2.19218225e+001 0.00000000e+000 0.00000000e+000 0.00000000e+000 1.00000000e+000
 1.00000000e+000 3.51205983e+001 2.51560131e+001 2.21173450e+001 1.61744762e+001 7.71739908e+001 3.87014840e+001 1.00570609e+003 1.00168533e+003 4.36366942e+000 2.29116416e+000 2.20335306e+001 0.00000000e+000 1.00000000e+000 0.00000000e+000 0.00000000e+000
 1.00000000e+000 3.60643177e+001 2.67986132e+001 2.23156886e+001 1.75982730e+001 7.30053961e+001 3.64809585e+001 1.00484393e+003 1.00090771e+003 3.81097252e+000 1.47136836e+000 2.21962625e+001 0.00000000e+000 1.00000000e+000 0.00000000e+000 0.00000000e+000
 1.00000000e+000 3.59439967e+001 2.63237472e+001 2.19675521e+001 1.74762399e+001 7.55528448e+001 3.70219028e+001 1.00736873e+003 1.00283124e+003 3.80883100e+000 9.90436455e-001 2.17409990e+001 0.00000000e+000 0.00000000e+000 0.00000000e+000 1.00000000e+000
 1.00000000e+000 3.58678037e+001 2.62506082e+001 2.19047781e+001 1.63848848e+001 7.44685265e+001 3.71756664e+001 1.00906132e+003 1.00464819e+003 4.65586056e+000 2.51568203e+000 2.23519868e+001 0.00000000e+000 1.00000000e+000 0.00000000e+000 0.00000000e+000
 1.00000000e+000 3.57996688e+001 2.61304227e+001 2.18755652e+001 1.72586405e+001 7.64273398e+001 3.75671095e+001 1.00898158e+003 1.00395727e+003 4.65044129e+000 2.03012535e+000 2.22897638e+001 0.00000000e+000 1.00000000e+000 0.00000000e+000 0.00000000e+000
 1.00000000e+000 3.70459541e+001 2.64471672e+001 2.12660121e+001 1.60541306e+001 7.25073750e+001 3.39411245e+001 1.00740853e+003 1.00326582e+003 3.73009594e+000 1.22825509e+000 2.32950754e+001 0.00000000e+000 0.00000000e+000 0.00000000e+000 1.00000000e+000
 1.00000000e+000 3.64005831e+001 2.70312996e+001 2.18194099e+001 1.74442367e+001 7.18315609e+001 3.50412402e+001 1.00599658e+003 1.00191356e+003 3.80301171e+000 1.49864088e+000 2.23941156e+001 0.00000000e+000 1.00000000e+000 0.00000000e+000 0.00000000e+000
 1.00000000e+000 3.61260231e+001 2.68736082e+001 2.17884993e+001 1.75896314e+001 7.25935621e+001 3.56734974e+001 1.00618127e+003 1.00167104e+003 3.95816507e+000 1.23772678e+000 2.20813633e+001 0.00000000e+000 1.00000000e+000 0.00000000e+000 0.00000000e+000
 1.00000000e+000 3.64654802e+001 2.74179491e+001 2.25673110e+001 1.87437063e+001 7.57718670e+001 3.75001528e+001 1.00746403e+003 1.00275784e+003 3.90699556e+000 1.22052229e+000 2.18480465e+001 0.00000000e+000 0.00000000e+000 0.00000000e+000 1.00000000e+000
 1.00000000e+000 3.65573555e+001 2.71704812e+001 2.22430345e+001 1.81944466e+001 7.57834145e+001 3.68646176e+001 1.00763264e+003 1.00295106e+003 3.77030878e+000 1.14777257e+000 2.15381903e+001 0.00000000e+000 1.00000000e+000 0.00000000e+000 0.00000000e+000
 1.00000000e+000 3.56227587e+001 2.52659858e+001 2.21060959e+001 1.50227717e+001 7.65855674e+001 3.63219166e+001 1.00916452e+003 1.00535754e+003 4.40129830e+000 1.76943344e+000 2.21340411e+001 0.00000000e+000 1.00000000e+000 0.00000000e+000 0.00000000e+000
 1.00000000e+000 3.40927269e+001 2.39138762e+001 2.07767258e+001 1.62350953e+001 8.07658109e+001 3.83783763e+001 1.01177887e+003 1.00745107e+003 3.46055045e+000 5.28396991e-001 2.10577654e+001 0.00000000e+000 0.00000000e+000 0.00000000e+000 1.00000000e+000
 1.00000000e+000 3.53259945e+001 2.47523681e+001 2.03532319e+001 1.55410037e+001 7.66760615e+001 3.59327845e+001 1.01034336e+003 1.00532948e+003 4.49303043e+000 1.74691901e+000 2.27117743e+001 0.00000000e+000 0.00000000e+000 0.00000000e+000 1.00000000e+000
 1.00000000e+000 3.51834164e+001 2.48601172e+001 2.08277281e+001 1.55546157e+001 7.60865924e+001 3.57607723e+001 1.00813944e+003 1.00347849e+003 4.54515164e+000 1.89556408e+000 2.24883827e+001 0.00000000e+000 1.00000000e+000 0.00000000e+000 0.00000000e+000
 1.00000000e+000 3.56227557e+001 2.47794905e+001 2.03553475e+001 1.45574625e+001 7.38163803e+001 3.29374043e+001 1.00713694e+003 1.00258388e+003 4.46663583e+000 1.80773438e+000 2.23112927e+001 0.00000000e+000 0.00000000e+000 0.00000000e+000 1.00000000e+000
 1.00000000e+000 3.72520280e+001 2.58337784e+001 2.05411797e+001 1.38744205e+001 6.86709697e+001 2.94830796e+001 1.00692679e+003 1.00247454e+003 4.98712062e+000 2.56958776e+000 2.42849998e+001 0.00000000e+000 0.00000000e+000 0.00000000e+000 1.00000000e+000
 1.00000000e+000 3.74192271e+001 2.53819836e+001 1.98712928e+001 1.28130961e+001 6.73361346e+001 2.88657925e+001 1.00821356e+003 1.00331713e+003 5.10417504e+000 2.77949876e+000 2.37287092e+001 1.00000000e+000 0.00000000e+000 0.00000000e+000 0.00000000e+000
 1.00000000e+000 3.71664139e+001 2.57322001e+001 2.06646057e+001 1.47367532e+001 6.96339913e+001 3.16816790e+001 1.01045880e+003 1.00562210e+003 4.49160304e+000 2.13818389e+000 2.32374228e+001 0.00000000e+000 0.00000000e+000 0.00000000e+000 1.00000000e+000
 1.00000000e+000 3.48669185e+001 2.44424627e+001 1.98443912e+001 1.47752984e+001 7.28175215e+001 3.20346364e+001 1.01024270e+003 1.00606584e+003 3.32533269e+000 4.86143702e-002 2.04066735e+001 0.00000000e+000 0.00000000e+000 0.00000000e+000 1.00000000e+000
 1.00000000e+000 3.67697606e+001 2.60494090e+001 2.08955535e+001 1.49473716e+001 7.20831471e+001 3.24718122e+001 1.01023395e+003 1.00565074e+003 4.43907747e+000 2.12199583e+000 2.19531989e+001 0.00000000e+000 0.00000000e+000 0.00000000e+000 1.00000000e+000
 1.00000000e+000 3.61916548e+001 2.44755735e+001 1.96824710e+001 1.28030077e+001 7.12353113e+001 2.96004340e+001 1.00924787e+003 1.00497978e+003 4.24253644e+000 1.73980277e+000 2.16844177e+001 0.00000000e+000 0.00000000e+000 0.00000000e+000 1.00000000e+000
 1.00000000e+000 3.64867734e+001 2.52027685e+001 1.96868958e+001 1.30925731e+001 6.84327931e+001 2.93532317e+001 1.00907484e+003 1.00477591e+003 4.40008035e+000 2.07111657e+000 2.20764649e+001 0.00000000e+000 0.00000000e+000 0.00000000e+000 1.00000000e+000
 1.00000000e+000 3.49017156e+001 2.35488883e+001 1.90178993e+001 1.28515771e+001 7.21056886e+001 3.05541417e+001 1.00884459e+003 1.00481322e+003 3.81963255e+000 1.20591327e+000 2.10413589e+001 0.00000000e+000 0.00000000e+000 0.00000000e+000 1.00000000e+000
 1.00000000e+000 3.45093942e+001 2.35190349e+001 1.81729372e+001 1.24129981e+001 7.06008362e+001 2.92418383e+001 1.00764269e+003 1.00280621e+003 4.81772827e+000 1.71740563e+000 2.18444949e+001 0.00000000e+000 0.00000000e+000 0.00000000e+000 1.00000000e+000
 1.00000000e+000 3.55578224e+001 2.40463792e+001 1.94825026e+001 1.26318724e+001 7.16254772e+001 2.99005231e+001 1.00815261e+003 1.00398983e+003 4.03139266e+000 1.16701582e+000 2.11031559e+001 0.00000000e+000 0.00000000e+000 0.00000000e+000 1.00000000e+000
 1.00000000e+000 3.48875788e+001 2.41381178e+001 1.94426857e+001 1.37154036e+001 7.09003143e+001 3.18263170e+001 1.00860377e+003 1.00452583e+003 4.14668921e+000 2.02111885e+000 2.14647240e+001 0.00000000e+000 0.00000000e+000 0.00000000e+000 1.00000000e+000
 1.00000000e+000 3.32202061e+001 2.47223759e+001 2.16553814e+001 1.83209981e+001 8.23338084e+001 4.30134843e+001 1.00964634e+003 1.00534117e+003 3.65150114e+000 6.11601183e-001 2.17287672e+001 0.00000000e+000 0.00000000e+000 0.00000000e+000 1.00000000e+000
 1.00000000e+000 3.41408867e+001 2.41640257e+001 2.12967657e+001 1.62646730e+001 8.08066575e+001 3.99014091e+001 1.00900653e+003 1.00466383e+003 4.03937576e+000 1.41092092e+000 2.15935065e+001 0.00000000e+000 0.00000000e+000 0.00000000e+000 1.00000000e+000
 1.00000000e+000 3.34212927e+001 2.45754515e+001 2.18612046e+001 1.79621669e+001 8.14672752e+001 4.37756042e+001 1.01027520e+003 1.00632540e+003 3.45268403e+000 1.27316421e+000 2.11118097e+001 0.00000000e+000 0.00000000e+000 0.00000000e+000 1.00000000e+000
 1.00000000e+000 3.35029405e+001 2.45799993e+001 2.21683930e+001 1.81636154e+001 8.48365771e+001 4.53182265e+001 1.00945730e+003 1.00463300e+003 4.44243418e+000 2.11550838e+000 2.17156179e+001 0.00000000e+000 0.00000000e+000 0.00000000e+000 1.00000000e+000
 1.00000000e+000 3.41671096e+001 2.48288954e+001 2.21601731e+001 1.72443239e+001 8.23534040e+001 4.30831112e+001 1.00884957e+003 1.00368774e+003 5.25892708e+000 3.15679707e+000 2.19014470e+001 0.00000000e+000 0.00000000e+000 0.00000000e+000 1.00000000e+000
 1.00000000e+000 3.27817671e+001 2.20480999e+001 2.04082662e+001 1.40226285e+001 7.79275573e+001 3.73865550e+001 1.01326378e+003 1.01151494e+003 3.34135837e+000 3.38790523e+000 2.10636690e+001 0.00000000e+000 0.00000000e+000 0.00000000e+000 1.00000000e+000
 1.00000000e+000 3.39344766e+001 2.41423606e+001 2.00138500e+001 1.50418589e+001 7.70838272e+001 3.55082054e+001 1.00893892e+003 1.00357708e+003 4.84612685e+000 1.61249871e+000 2.01209322e+001 0.00000000e+000 0.00000000e+000 0.00000000e+000 1.00000000e+000
 1.00000000e+000 3.36970134e+001 2.36238719e+001 1.96441082e+001 1.44617566e+001 7.64943641e+001 3.38754462e+001 1.01059255e+003 1.00569693e+003 4.60864267e+000 1.61733327e+000 1.99406420e+001 0.00000000e+000 0.00000000e+000 0.00000000e+000 1.00000000e+000
 1.00000000e+000 3.35372538e+001 2.30050520e+001 1.82464717e+001 1.35893991e+001 7.59032874e+001 3.34395027e+001 1.01195471e+003 1.00672576e+003 4.45328876e+000 1.50918527e+000 2.01429353e+001 0.00000000e+000 0.00000000e+000 0.00000000e+000 1.00000000e+000
 1.00000000e+000 3.38477844e+001 2.18772279e+001 1.83790045e+001 1.09716003e+001 7.43090101e+001 2.96939604e+001 1.01050818e+003 1.00655319e+003 4.19046739e+000 1.42857322e+000 2.01975731e+001 0.00000000e+000 0.00000000e+000 0.00000000e+000 1.00000000e+000
 1.00000000e+000 3.49951571e+001 2.25400501e+001 1.87602878e+001 1.00546932e+001 7.04529791e+001 2.69596957e+001 1.00938020e+003 1.00588521e+003 4.55366618e+000 2.26145963e+000 2.13461389e+001 0.00000000e+000 0.00000000e+000 0.00000000e+000 1.00000000e+000
 1.00000000e+000 3.57495964e+001 2.46250207e+001 1.86289837e+001 1.21280872e+001 6.59329346e+001 2.92254570e+001 1.01003314e+003 1.00595703e+003 4.46568260e+000 2.37895937e+000 2.26182116e+001 0.00000000e+000 0.00000000e+000 0.00000000e+000 1.00000000e+000
 1.00000000e+000 3.32943632e+001 2.37886848e+001 2.03599077e+001 1.63791222e+001 7.85894005e+001 3.84814906e+001 1.01238899e+003 1.00807777e+003 3.38376743e+000 6.59265571e-001 1.99283621e+001 0.00000000e+000 0.00000000e+000 0.00000000e+000 1.00000000e+000
 1.00000000e+000 3.38635444e+001 2.23453510e+001 1.93966119e+001 1.32717291e+001 7.97859416e+001 3.68516991e+001 1.01205100e+003 1.00695584e+003 4.77094070e+000 2.31360986e+000 2.11550408e+001 1.00000000e+000 0.00000000e+000 0.00000000e+000 0.00000000e+000
 1.00000000e+000 3.33670840e+001 2.18688688e+001 1.81718124e+001 1.04575492e+001 7.14416876e+001 2.75119157e+001 1.01049492e+003 1.00687913e+003 4.79149616e+000 2.23236325e+000 2.10202369e+001 0.00000000e+000 0.00000000e+000 0.00000000e+000 1.00000000e+000
 1.00000000e+000 3.25363366e+001 1.98713216e+001 1.44091369e+001 8.16714308e+000 6.70275845e+001 2.46909947e+001 1.01175012e+003 1.00670988e+003 4.93998004e+000 1.89256377e+000 2.17137329e+001 0.00000000e+000 0.00000000e+000 0.00000000e+000 1.00000000e+000
 1.00000000e+000 3.18919626e+001 1.88972485e+001 1.48792554e+001 7.40504934e+000 7.17536688e+001 2.63479327e+001 1.01290814e+003 1.00882546e+003 4.12438158e+000 9.16908303e-001 2.03720466e+001 0.00000000e+000 0.00000000e+000 0.00000000e+000 1.00000000e+000
 1.00000000e+000 3.15026953e+001 1.85739811e+001 1.39392126e+001 7.04905865e+000 6.97707699e+001 2.48050093e+001 1.01195530e+003 1.00731558e+003 4.33802710e+000 6.10725605e-001 2.03745932e+001 0.00000000e+000 0.00000000e+000 0.00000000e+000 1.00000000e+000
 1.00000000e+000 3.18572652e+001 1.86264793e+001 1.42198019e+001 6.88646089e+000 6.81604097e+001 2.40645666e+001 1.01127444e+003 1.00742709e+003 4.26103977e+000 1.50667158e+000 2.12717989e+001 0.00000000e+000 0.00000000e+000 0.00000000e+000 1.00000000e+000
 1.00000000e+000 3.39330103e+001 1.98602552e+001 1.47637257e+001 5.92172259e+000 6.46374691e+001 2.19785676e+001 1.01367436e+003 1.00973004e+003 4.81211469e+000 2.23564619e+000 2.28751642e+001 0.00000000e+000 0.00000000e+000 0.00000000e+000 1.00000000e+000
 1.00000000e+000 3.20702937e+001 2.00945642e+001 1.59726435e+001 8.44654407e+000 6.85354625e+001 2.54217473e+001 1.01417477e+003 1.01039524e+003 4.32746241e+000 1.27306741e+000 1.96436609e+001 0.00000000e+000 0.00000000e+000 1.00000000e+000 0.00000000e+000
 1.00000000e+000 3.00791083e+001 2.11676562e+001 1.80425585e+001 1.42730024e+001 8.34878104e+001 4.20167320e+001 1.01291488e+003 1.00714085e+003 4.66338610e+000 8.36701603e-001 1.87268477e+001 0.00000000e+000 0.00000000e+000 0.00000000e+000 1.00000000e+000
 1.00000000e+000 3.31172012e+001 2.14721376e+001 1.75291429e+001 1.13959753e+001 7.48728971e+001 3.04304633e+001 1.01475680e+003 1.01005060e+003 4.47666012e+000 1.67170174e+000 2.00385197e+001 0.00000000e+000 0.00000000e+000 0.00000000e+000 1.00000000e+000
 1.00000000e+000 3.27461642e+001 2.09520179e+001 1.72950897e+001 1.09552251e+001 7.47358101e+001 2.99715604e+001 1.01461551e+003 1.01000354e+003 4.48147347e+000 1.54262281e+000 2.00534023e+001 0.00000000e+000 0.00000000e+000 0.00000000e+000 1.00000000e+000
 1.00000000e+000 3.19943831e+001 2.07028420e+001 1.64706076e+001 1.12769731e+001 7.48278381e+001 3.06083723e+001 1.01270293e+003 1.00780140e+003 4.28494281e+000 1.02414634e+000 1.97627194e+001 0.00000000e+000 0.00000000e+000 0.00000000e+000 1.00000000e+000
 1.00000000e+000 3.40714696e+001 2.16585672e+001 1.74129358e+001 1.02549552e+001 7.15621147e+001 2.83813430e+001 1.00974855e+003 1.00519272e+003 4.71077204e+000 2.27298622e+000 2.10240476e+001 0.00000000e+000 0.00000000e+000 0.00000000e+000 1.00000000e+000
 1.00000000e+000 3.18198219e+001 2.06467634e+001 1.72974615e+001 1.18586182e+001 7.82990448e+001 3.28939390e+001 1.01007135e+003 1.00490751e+003 4.40928762e+000 7.78408965e-001 1.93669056e+001 0.00000000e+000 0.00000000e+000 0.00000000e+000 1.00000000e+000
 1.00000000e+000 3.24188824e+001 2.17042544e+001 1.81446202e+001 1.26638495e+001 7.82843656e+001 3.32966967e+001 1.01313926e+003 1.00814119e+003 4.48737015e+000 1.14301939e+000 1.93169717e+001 0.00000000e+000 0.00000000e+000 0.00000000e+000 1.00000000e+000
 1.00000000e+000 3.27354163e+001 2.09631233e+001 1.68308534e+001 1.13264173e+001 7.53209457e+001 3.13951981e+001 1.01465831e+003 1.00997420e+003 4.27799671e+000 1.73510516e+000 2.05610598e+001 0.00000000e+000 0.00000000e+000 0.00000000e+000 1.00000000e+000
 1.00000000e+000 3.35192082e+001 2.13223103e+001 1.70032360e+001 1.07879620e+001 7.24743026e+001 3.00847830e+001 1.01346156e+003 1.00884879e+003 4.54569612e+000 2.33374350e+000 2.12513574e+001 0.00000000e+000 0.00000000e+000 0.00000000e+000 1.00000000e+000
 1.00000000e+000 3.25345350e+001 2.18726413e+001 1.77863221e+001 1.21792365e+001 7.19629162e+001 2.98502142e+001 1.01205470e+003 1.00744007e+003 4.63987531e+000 1.83737226e+000 1.94598203e+001 0.00000000e+000 0.00000000e+000 0.00000000e+000 1.00000000e+000
 1.00000000e+000 3.31201677e+001 2.10424521e+001 1.71398259e+001 1.03903242e+001 7.43851882e+001 2.90978904e+001 1.01283870e+003 1.00830471e+003 4.19404739e+000 1.02758745e+000 1.95949374e+001 0.00000000e+000 0.00000000e+000 0.00000000e+000 1.00000000e+000
 1.00000000e+000 3.27030027e+001 2.07650943e+001 1.69338531e+001 1.09187663e+001 7.55166099e+001 3.07788229e+001 1.01301468e+003 1.00777903e+003 4.64847226e+000 1.25343209e+000 2.03282715e+001 0.00000000e+000 0.00000000e+000 0.00000000e+000 1.00000000e+000
 1.00000000e+000 3.40038447e+001 2.11981864e+001 1.74796054e+001 9.75022292e+000 7.27946071e+001 2.88565537e+001 1.01378548e+003 1.00939798e+003 4.84155597e+000 2.22100178e+000 2.20356479e+001 0.00000000e+000 0.00000000e+000 0.00000000e+000 1.00000000e+000
 1.00000000e+000 3.27583323e+001 2.02008316e+001 1.51666626e+001 8.74090167e+000 6.98333785e+001 2.62498603e+001 1.01256445e+003 1.00826627e+003 4.10704977e+000 1.20971471e+000 2.08665289e+001 0.00000000e+000 0.00000000e+000 0.00000000e+000 1.00000000e+000
 1.00000000e+000 3.38685241e+001 2.11954873e+001 1.61716989e+001 9.91054493e+000 6.76335361e+001 2.72421364e+001 1.01235698e+003 1.00734198e+003 5.54323748e+000 3.78600346e+000 2.34912365e+001 0.00000000e+000 0.00000000e+000 0.00000000e+000 1.00000000e+000
 1.00000000e+000 2.99106048e+001 1.81678903e+001 1.57490391e+001 1.00684064e+001 7.98611543e+001 3.21123048e+001 1.01503867e+003 1.01020575e+003 4.22120665e+000 8.60342528e-001 1.83311766e+001 0.00000000e+000 0.00000000e+000 0.00000000e+000 1.00000000e+000
 1.00000000e+000 2.85345667e+001 1.76879310e+001 1.49596368e+001 1.09812418e+001 8.23710250e+001 3.59142426e+001 1.01628881e+003 1.01111340e+003 4.23752939e+000 5.43431250e-001 1.93592157e+001 0.00000000e+000 0.00000000e+000 1.00000000e+000 0.00000000e+000
 1.00000000e+000 2.83982448e+001 1.65635014e+001 1.44396328e+001 9.99693184e+000 8.35306460e+001 3.55452226e+001 1.01715197e+003 1.01215935e+003 3.83024947e+000 7.14425500e-001 1.83664257e+001 0.00000000e+000 1.00000000e+000 0.00000000e+000 1.00000000e+000
 1.00000000e+000 2.76369028e+001 1.50301379e+001 1.36263755e+001 8.02764480e+000 8.28844929e+001 3.26491276e+001 1.01699673e+003 1.01253750e+003 3.63326231e+000 3.73426438e-001 1.76433828e+001 0.00000000e+000 0.00000000e+000 0.00000000e+000 1.00000000e+000
 1.00000000e+000 2.69005713e+001 1.55104545e+001 1.56927278e+001 9.71848344e+000 8.36695130e+001 3.32748630e+001 1.01596635e+003 1.01207712e+003 3.95951465e+000 4.21176610e-001 1.69972861e+001 0.00000000e+000 0.00000000e+000 0.00000000e+000 1.00000000e+000
 1.00000000e+000 2.83448838e+001 1.42674932e+001 1.14935334e+001 4.74566171e+000 7.44211498e+001 2.63097731e+001 1.01578405e+003 1.01148744e+003 3.93087049e+000 8.59456867e-001 1.94675927e+001 0.00000000e+000 0.00000000e+000 1.00000000e+000 0.00000000e+000
 1.00000000e+000 2.76234164e+001 1.26877716e+001 1.06151397e+001 2.61659669e+000 7.17065945e+001 2.35678737e+001 1.01293370e+003 1.01167068e+003 2.27602797e+000 8.97773519e-001 1.99031923e+001 0.00000000e+000 0.00000000e+000 0.00000000e+000 1.00000000e+000
 1.00000000e+000 2.83781077e+001 1.47535014e+001 1.19869326e+001 5.55542161e+000 7.64493856e+001 2.72554795e+001 1.01592229e+003 1.01160409e+003 3.76546133e+000 -1.03758683e-001 1.97535775e+001 0.00000000e+000 0.00000000e+000 0.00000000e+000 1.00000000e+000
 1.00000000e+000 2.86454128e+001 1.40780503e+001 1.15976785e+001 4.47191843e+000 7.53043289e+001 2.64679427e+001 1.01682994e+003 1.01242840e+003 3.92776295e+000 6.52542946e-001 1.97918226e+001 0.00000000e+000 1.00000000e+000 0.00000000e+000 0.00000000e+000
 1.00000000e+000 2.82694492e+001 1.42653466e+001 1.07253749e+001 3.66400380e+000 7.07492865e+001 2.41093322e+001 1.01611897e+003 1.01150459e+003 4.59932288e+000 1.54484188e+000 1.94090481e+001 0.00000000e+000 0.00000000e+000 1.00000000e+000 0.00000000e+000
 1.00000000e+000 2.71742326e+001 1.49433876e+001 1.18646410e+001 6.84024876e+000 7.71800803e+001 2.89537256e+001 1.01624812e+003 1.01123622e+003 4.18305325e+000 5.16266714e-001 1.75431330e+001 0.00000000e+000 0.00000000e+000 0.00000000e+000 1.00000000e+000
 1.00000000e+000 2.66857776e+001 1.50074097e+001 1.38426404e+001 8.04410849e+000 8.15420349e+001 3.34739701e+001 1.01655847e+003 1.01259827e+003 3.47289028e+000 -3.05402338e-001 1.71572243e+001 0.00000000e+000 0.00000000e+000 0.00000000e+000 1.00000000e+000
 1.00000000e+000 2.73349712e+001 1.50203719e+001 1.32070663e+001 7.23686606e+000 8.19532169e+001 3.31378603e+001 1.01741901e+003 1.01306653e+003 3.78289530e+000 3.39330675e-001 1.75735798e+001 0.00000000e+000 0.00000000e+000 0.00000000e+000 1.00000000e+000
 1.00000000e+000 2.83182793e+001 1.50132459e+001 1.24381516e+001 6.24044099e+000 7.96384465e+001 3.10100191e+001 1.01785212e+003 1.01291273e+003 4.52911963e+000 1.15748044e+000 2.00626812e+001 0.00000000e+000 0.00000000e+000 0.00000000e+000 1.00000000e+000
 1.00000000e+000 2.75858572e+001 1.39436187e+001 1.16101951e+001 5.43851581e+000 7.68921726e+001 2.78367299e+001 1.01867164e+003 1.01423124e+003 3.71300787e+000 1.45743969e-001 1.86422341e+001 0.00000000e+000 0.00000000e+000 0.00000000e+000 1.00000000e+000
 1.00000000e+000 2.64644227e+001 1.35327181e+001 1.14730334e+001 5.94966410e+000 7.75946770e+001 2.85695126e+001 1.01919840e+003 1.01518208e+003 3.35172122e+000 -2.05003883e-001 1.78494806e+001 0.00000000e+000 0.00000000e+000 0.00000000e+000 1.00000000e+000
 1.00000000e+000 2.77178737e+001 1.43011107e+001 1.12537876e+001 5.43380505e+000 7.60814688e+001 2.72660023e+001 1.01886963e+003 1.01439435e+003 3.51102688e+000 -2.01110667e-001 1.83620189e+001 0.00000000e+000 0.00000000e+000 0.00000000e+000 1.00000000e+000
 1.00000000e+000 2.71463087e+001 1.35923145e+001 1.15251358e+001 4.65580006e+000 7.72047465e+001 2.84137747e+001 1.01787717e+003 1.01399011e+003 3.51876026e+000 -5.90387497e-002 1.85452609e+001 0.00000000e+000 0.00000000e+000 0.00000000e+000 1.00000000e+000
 1.00000000e+000 2.70678704e+001 1.35424248e+001 1.12669741e+001 5.50681769e+000 7.69128039e+001 2.85519586e+001 1.01738009e+003 1.01319816e+003 3.62562570e+000 3.12427098e-001 1.93001670e+001 0.00000000e+000 0.00000000e+000 0.00000000e+000 1.00000000e+000
 1.00000000e+000 2.73319945e+001 1.32361670e+001 1.00696409e+001 4.11999886e+000 7.47250490e+001 2.59629879e+001 1.01789621e+003 1.01337206e+003 3.62150630e+000 1.12972433e-001 1.89947150e+001 0.00000000e+000 0.00000000e+000 0.00000000e+000 1.00000000e+000
 1.00000000e+000 2.71734761e+001 1.35791001e+001 1.10191188e+001 5.00622219e+000 7.60430181e+001 2.75842762e+001 1.01868837e+003 1.01431001e+003 3.71301060e+000 2.22691139e-001 1.87941470e+001 0.00000000e+000 0.00000000e+000 0.00000000e+000 1.00000000e+000
 1.00000000e+000 2.62007670e+001 1.26128636e+001 1.07134512e+001 5.26436244e+000 8.12316493e+001 3.03635371e+001 1.01742005e+003 1.01255082e+003 3.67499292e+000 -1.87118060e-001 1.83241327e+001 0.00000000e+000 0.00000000e+000 0.00000000e+000 1.00000000e+000
 1.00000000e+000 2.57667881e+001 1.20854952e+001 1.00621902e+001 4.78904565e+000 7.87555270e+001 2.91613955e+001 1.01857067e+003 1.01428823e+003 3.20850130e+000 -1.03609376e-002 1.77113898e+001 0.00000000e+000 0.00000000e+000 0.00000000e+000 1.00000000e+000
 1.00000000e+000 2.58917909e+001 1.21141403e+001 1.06955790e+001 4.16084419e+000 7.97545222e+001 2.97750277e+001 1.01680882e+003 1.01321099e+003 3.14589061e+000 -1.84199243e-001 1.82846771e+001 0.00000000e+000 0.00000000e+000 0.00000000e+000 1.00000000e+000
 1.00000000e+000 2.51516239e+001 1.15790100e+001 1.01250759e+001 4.93194920e+000 8.15258821e+001 3.06618590e+001 1.01795563e+003 1.01341489e+003 3.38820043e+000 -2.48732459e-001 1.77970732e+001 0.00000000e+000 0.00000000e+000 0.00000000e+000 1.00000000e+000
 1.00000000e+000 2.57930185e+001 1.12365117e+001 9.95472618e+000 3.82188437e+000 8.18299799e+001 2.98298451e+001 1.01920013e+003 1.01474697e+003 3.55185526e+000 -3.59597085e-001 1.95770586e+001 0.00000000e+000 0.00000000e+000 0.00000000e+000 1.00000000e+000
 1.00000000e+000 2.63866202e+001 1.25220477e+001 1.04472269e+001 4.53151431e+000 7.84515574e+001 2.86518320e+001 1.01710410e+003 1.01234298e+003 3.91832574e+000 -1.77750557e-001 1.94686190e+001 0.00000000e+000 0.00000000e+000 0.00000000e+000 1.00000000e+000
 1.00000000e+000 2.60168904e+001 1.25695808e+001 1.07230607e+001 5.35384829e+000 7.88317467e+001 3.04033084e+001 1.01589284e+003 1.01095241e+003 4.13227171e+000 3.61501210e-001 1.95086234e+001 0.00000000e+000 0.00000000e+000 0.00000000e+000 1.00000000e+000
 1.00000000e+000 2.63877388e+001 1.24032902e+001 1.07680258e+001 4.56877996e+000 8.02601114e+001 2.94936598e+001 1.01628188e+003 1.01157940e+003 3.66865767e+000 -2.70587087e-001 1.83338896e+001 0.00000000e+000 0.00000000e+000 1.00000000e+000 0.00000000e+000
 1.00000000e+000 2.71669608e+001 1.30723933e+001 1.11248049e+001 4.57017738e+000 7.66987899e+001 2.79198429e+001 1.01567278e+003 1.01132359e+003 3.78277156e+000 5.38203050e-001 1.87971387e+001 0.00000000e+000 0.00000000e+000 0.00000000e+000 1.00000000e+000
 1.00000000e+000 2.76122868e+001 1.38644268e+001 1.10977562e+001 5.35787789e+000 7.55064918e+001 2.85161882e+001 1.01470590e+003 1.00999326e+003 4.04473291e+000 7.51494176e-001 2.01085971e+001 0.00000000e+000 0.00000000e+000 0.00000000e+000 1.00000000e+000
 1.00000000e+000 2.61620487e+001 1.19408702e+001 1.06094297e+001 4.81934019e+000 8.17113401e+001 3.10290340e+001 1.01710699e+003 1.01242696e+003 3.60228384e+000 2.19925678e-001 1.87336296e+001 0.00000000e+000 0.00000000e+000 0.00000000e+000 1.00000000e+000
 1.00000000e+000 2.63892997e+001 1.30949515e+001 1.09743048e+001 5.48411937e+000 7.62469677e+001 2.87133483e+001 1.01534213e+003 1.01080565e+003 3.93084782e+000 5.88676896e-001 1.88540348e+001 0.00000000e+000 0.00000000e+000 0.00000000e+000 1.00000000e+000
 1.00000000e+000 2.61708943e+001 1.39030408e+001 1.36180867e+001 7.58475440e+000 8.33144862e+001 3.37653544e+001 1.01472269e+003 1.01037410e+003 3.99389996e+000 1.69198789e-001 1.79135425e+001 0.00000000e+000 0.00000000e+000 1.00000000e+000 0.00000000e+000
 1.00000000e+000 2.57078711e+001 1.19872926e+001 1.12086550e+001 5.68369575e+000 8.48483804e+001 3.28288514e+001 1.01647189e+003 1.01157006e+003 3.79582879e+000 1.07247248e-001 1.84730974e+001 0.00000000e+000 0.00000000e+000 1.00000000e+000 0.00000000e+000
 1.00000000e+000 2.34700575e+001 1.11095493e+001 1.19443592e+001 5.77314116e+000 8.76533573e+001 3.60286894e+001 1.01792835e+003 1.01450925e+003 3.15110499e+000 -8.08882207e-001 1.70187760e+001 0.00000000e+000 0.00000000e+000 0.00000000e+000 1.00000000e+000
 1.00000000e+000 2.45473969e+001 1.34986950e+001 1.23480127e+001 9.04592879e+000 8.75300375e+001 3.79331611e+001 1.01816623e+003 1.01355147e+003 3.35315941e+000 -5.21034545e-001 1.75127697e+001 0.00000000e+000 0.00000000e+000 1.00000000e+000 0.00000000e+000
 1.00000000e+000 2.53217967e+001 1.30002793e+001 1.32415574e+001 7.57013744e+000 9.10119383e+001 3.80863613e+001 1.02011992e+003 1.01555632e+003 3.86225799e+000 2.92466403e-001 1.70594752e+001 0.00000000e+000 0.00000000e+000 0.00000000e+000 1.00000000e+000
 1.00000000e+000 2.39378008e+001 1.21065160e+001 1.15601865e+001 7.70009515e+000 8.89788495e+001 3.68047105e+001 1.01995829e+003 1.01453406e+003 4.25713755e+000 3.61713637e-001 1.70805991e+001 0.00000000e+000 0.00000000e+000 0.00000000e+000 1.00000000e+000
 1.00000000e+000 2.31376829e+001 1.09530674e+001 1.09853639e+001 6.77687544e+000 8.72829333e+001 3.51098948e+001 1.02068513e+003 1.01626557e+003 3.10686259e+000 -8.68787533e-001 1.58502556e+001 0.00000000e+000 0.00000000e+000 0.00000000e+000 1.00000000e+000
 1.00000000e+000 2.37761390e+001 1.31475276e+001 1.30980330e+001 9.44694867e+000 9.07922465e+001 4.06359937e+001 1.02036843e+003 1.01574589e+003 3.37902126e+000 -6.47028049e-001 1.62354361e+001 0.00000000e+000 0.00000000e+000 1.00000000e+000 0.00000000e+000
 1.00000000e+000 2.00732058e+001 1.27096159e+001 1.68720956e+001 1.24745516e+001 9.23322315e+001 4.33224084e+001 1.01798749e+003 1.01476827e+003 4.23987410e+000 5.84293780e-001 1.19868477e+001 0.00000000e+000 0.00000000e+000 0.00000000e+000 1.00000000e+000
 1.00000000e+000 2.36222580e+001 1.09803840e+001 1.14209820e+001 6.36540989e+000 9.07568076e+001 3.75184185e+001 1.02109859e+003 1.01597966e+003 4.06379293e+000 1.44719499e-001 1.68029747e+001 0.00000000e+000 0.00000000e+000 0.00000000e+000 1.00000000e+000
 1.00000000e+000 2.45430831e+001 1.05078962e+001 1.03962765e+001 4.22963875e+000 8.56635002e+001 3.41131631e+001 1.02152945e+003 1.01712613e+003 3.98018510e+000 9.30908855e-001 1.86777002e+001 0.00000000e+000 0.00000000e+000 1.00000000e+000 0.00000000e+000
 1.00000000e+000 2.39243201e+001 1.19095070e+001 1.05017160e+001 6.81438728e+000 8.42872735e+001 3.40326036e+001 1.02218385e+003 1.01738430e+003 3.88584483e+000 7.29072318e-001 1.71171514e+001 0.00000000e+000 0.00000000e+000 1.00000000e+000 0.00000000e+000
 1.00000000e+000 2.29905973e+001 9.26234217e+000 1.07434229e+001 4.81543650e+000 9.21324248e+001 3.76257660e+001 1.02289670e+003 1.01828735e+003 4.01399093e+000 4.60725198e-001 1.78714399e+001 0.00000000e+000 0.00000000e+000 1.00000000e+000 0.00000000e+000
 1.00000000e+000 2.23252036e+001 8.10631873e+000 9.77755522e+000 3.68855017e+000 9.28755119e+001 3.73506319e+001 1.02310090e+003 1.01853339e+003 3.72473438e+000 2.25345921e-001 1.70875629e+001 0.00000000e+000 0.00000000e+000 1.00000000e+000 0.00000000e+000
 1.00000000e+000 2.14862967e+001 8.19571876e+000 9.32594466e+000 4.40648151e+000 9.02821595e+001 3.47391776e+001 1.02397407e+003 1.01985011e+003 2.67654132e+000 -1.44769895e+000 1.49660533e+001 0.00000000e+000 0.00000000e+000 1.00000000e+000 0.00000000e+000
 1.00000000e+000 2.22454379e+001 8.27287150e+000 9.43081144e+000 3.36483371e+000 9.01524235e+001 3.49348764e+001 1.02183586e+003 1.01739768e+003 3.55028584e+000 -2.62420861e-001 1.63196983e+001 0.00000000e+000 0.00000000e+000 1.00000000e+000 0.00000000e+000
 1.00000000e+000 2.16178858e+001 8.28946280e+000 9.74873426e+000 4.06222149e+000 9.07550863e+001 3.66189203e+001 1.02065210e+003 1.01627727e+003 3.58328045e+000 -1.28929890e-001 1.59445949e+001 0.00000000e+000 0.00000000e+000 1.00000000e+000 0.00000000e+000
 1.00000000e+000 2.21907248e+001 8.73581861e+000 9.69211293e+000 3.34837452e+000 8.73791638e+001 3.35211065e+001 1.01943748e+003 1.01532873e+003 3.50672770e+000 -5.49967084e-001 1.58722693e+001 1.00000000e+000 0.00000000e+000 0.00000000e+000 0.00000000e+000
 1.00000000e+000 2.32792353e+001 1.06498398e+001 1.00198268e+001 5.31472300e+000 8.70592472e+001 3.44471611e+001 1.02100704e+003 1.01590559e+003 3.88565564e+000 -3.40105585e-001 1.66103683e+001 0.00000000e+000 0.00000000e+000 1.00000000e+000 0.00000000e+000
 1.00000000e+000 2.27697831e+001 1.04863326e+001 1.08938253e+001 5.93421248e+000 8.92166197e+001 3.64658922e+001 1.02273390e+003 1.01780397e+003 3.86476799e+000 -4.01216464e-001 1.58762277e+001 0.00000000e+000 0.00000000e+000 1.00000000e+000 0.00000000e+000
 1.00000000e+000 1.98994574e+001 9.03928280e+000 1.22134522e+001 6.05467465e+000 9.60146140e+001 4.53802597e+001 1.02389325e+003 1.02047090e+003 3.66540931e+000 -2.32729403e-002 1.51212250e+001 0.00000000e+000 0.00000000e+000 1.00000000e+000 0.00000000e+000
 1.00000000e+000 1.84142604e+001 7.79513042e+000 1.04228794e+001 6.78333745e+000 9.81501948e+001 4.49609905e+001 1.02276831e+003 1.01876461e+003 3.23660943e+000 -5.39406368e-001 1.42922463e+001 0.00000000e+000 0.00000000e+000 1.00000000e+000 0.00000000e+000
 1.00000000e+000 1.89465603e+001 7.18472067e+000 9.80986587e+000 4.98248799e+000 9.70614060e+001 4.28602185e+001 1.02299483e+003 1.01918901e+003 3.16013679e+000 -6.94942786e-001 1.48770167e+001 0.00000000e+000 0.00000000e+000 0.00000000e+000 1.00000000e+000
 1.00000000e+000 1.96885768e+001 7.98088809e+000 9.41633757e+000 4.92506898e+000 9.15273637e+001 3.97211134e+001 1.02156738e+003 1.01753580e+003 3.49996011e+000 -7.06740977e-002 1.54200903e+001 0.00000000e+000 0.00000000e+000 1.00000000e+000 0.00000000e+000
