 1.00000000e+000 5.30303636e+000 9.24695713e+000 8.58980534e+001 1.01918765e+003 -2.34570093e+000
 1.00000000e+000 5.30303636e+000 9.24695713e+000 8.58980534e+001 1.01918765e+003 -2.34570093e+000
 1.00000000e+000 5.30303636e+000 9.24695713e+000 8.58980534e+001 1.01918765e+003 -2.34570093e+000
 1.00000000e+000 6.12503134e+000 8.75930248e+000 8.52350585e+001 1.01871329e+003 -1.73116442e+000
 1.00000000e+000 6.61822833e+000 8.46670969e+000 8.48372615e+001 1.01842868e+003 -1.36244252e+000
 1.00000000e+000 8.72253043e+000 6.58755271e+000 8.48866967e+001 1.01830172e+003 8.07058875e-001
 1.00000000e+000 8.74709132e+000 5.69717302e+000 9.20469747e+001 1.01849429e+003 1.91713289e+000
 1.00000000e+000 8.97228648e+000 5.56792290e+000 9.19077353e+001 1.01940466e+003 2.07905749e+000
 1.00000000e+000 9.19748163e+000 5.43867277e+000 9.17684960e+001 1.02031502e+003 2.24098209e+000
 1.00000000e+000 9.17292074e+000 6.32905245e+000 8.46082181e+001 1.02012246e+003 1.13090808e+000
 1.00000000e+000 1.01018690e+001 6.02299167e+000 7.84255683e+001 1.02046704e+003 1.32998434e+000
 1.00000000e+000 1.10637021e+001 6.32818577e+000 7.04696964e+001 1.01970524e+003 9.57354140e-001
 1.00000000e+000 1.20532928e+001 5.97954403e+000 6.49259935e+001 1.01871776e+003 1.29026590e+000
 1.00000000e+000 1.28666324e+001 5.34523376e+000 5.72982679e+001 1.01928656e+003 1.75640755e+000
 1.00000000e+000 1.44809343e+001 3.99521342e+000 5.29973911e+001 1.01902597e+003 3.15265498e+000
 1.00000000e+000 1.41521363e+001 4.19027528e+000 5.32625891e+001 1.01921571e+003 2.90684037e+000
 1.00000000e+000 1.37593454e+001 4.18051249e+000 5.82825364e+001 1.01881847e+003 3.02654052e+000
 1.00000000e+000 1.07085906e+001 5.01923972e+000 7.95557164e+001 1.01808333e+003 2.39917542e+000
 1.00000000e+000 9.92579560e+000 4.37148243e+000 9.28853634e+001 1.01994180e+003 3.38820777e+000
 1.00000000e+000 1.18656987e+001 2.58985638e+000 9.30673976e+001 1.01990972e+003 5.43480185e+000
 1.00000000e+000 1.35804067e+001 9.37480457e-001 9.33886712e+001 1.01896727e+003 7.31947134e+000
 1.00000000e+000 9.17292074e+000 6.32905245e+000 8.46082181e+001 1.02012246e+003 1.13090808e+000
 1.00000000e+000 1.01018690e+001 6.02299167e+000 7.84255683e+001 1.02046704e+003 1.32998434e+000
 1.00000000e+000 1.37593454e+001 4.18051249e+000 5.82825364e+001 1.01881847e+003 3.02654052e+000
