 1.00000000e+000 1.60021683e+001 8.00427114e+000 1.19997665e+001 7.99907809e+000 9.99998743e+001 6.70003833e+001 1.02098390e+003 1.01598695e+003 1.99600438e+000 -5.29162121e-005 9.99433111e+000 0.00000000e+000 1.00000000e+000 0.00000000e+000 0.00000000e+000
 1.00000000e+000 1.69912073e+001 8.01441871e+000 1.09810290e+001 6.99925452e+000 1.00017937e+002 6.29963293e+001 1.02297660e+003 1.01798684e+003 1.00825360e+000 4.46961665e-003 1.10155386e+001 0.00000000e+000 0.00000000e+000 1.00000000e+000 0.00000000e+000
 1.00000000e+000 1.49637354e+001 1.00133134e+001 9.97133253e+000 6.97114991e+000 1.00016006e+002 6.30043403e+001 1.02291253e+003 1.01997451e+003 9.62980308e-001 -4.47097915e-003 1.90225969e+001 0.00000000e+000 0.00000000e+000 1.00000000e+000 0.00000000e+000
 1.00000000e+000 1.40065080e+001 8.99955745e+000 9.99766853e+000 4.99836156e+000 9.40014407e+001 5.49976871e+001 1.02299583e+003 1.01798766e+003 2.00088427e+000 -1.57226063e-003 2.29946996e+001 0.00000000e+000 0.00000000e+000 1.00000000e+000 0.00000000e+000
 1.00000000e+000 1.40068695e+001 6.99584177e+000 1.00029301e+001 5.00014996e+000 9.39980351e+001 7.19992056e+001 1.02098994e+003 1.01798769e+003 1.00097150e+000 -3.00277323e-004 1.39943811e+001 0.00000000e+000 0.00000000e+000 1.00000000e+000 0.00000000e+000
 1.00000000e+000 1.50058962e+001 6.99367115e+000 8.99986878e+000 5.99687728e+000 9.99998248e+001 5.90005216e+001 1.02198958e+003 1.01898507e+003 9.97059288e-001 -2.37631993e-004 1.09958218e+001 0.00000000e+000 0.00000000e+000 1.00000000e+000 0.00000000e+000
 1.00000000e+000 1.00109930e+001 6.99416770e+000 9.00428269e+000 5.99397756e+000 9.99808425e+001 8.19879776e+001 1.02199694e+003 1.01898352e+003 9.99063173e-001 2.80416286e-002 1.59638376e+001 0.00000000e+000 0.00000000e+000 1.00000000e+000 0.00000000e+000
 1.00000000e+000 1.30067563e+001 6.99082132e+000 7.99730475e+000 3.98590399e+000 1.00006158e+002 5.80010110e+001 1.02199174e+003 1.01697453e+003 1.99403328e+000 -7.04436264e-003 1.59975163e+001 0.00000000e+000 0.00000000e+000 1.00000000e+000 0.00000000e+000
 1.00000000e+000 1.50110450e+001 5.98621299e+000 9.00598332e+000 5.00628878e+000 9.99986896e+001 5.50056266e+001 1.02300199e+003 1.01799237e+003 9.99769685e-001 -2.86876933e-003 9.99046259e+000 0.00000000e+000 0.00000000e+000 1.00000000e+000 0.00000000e+000
 1.00000000e+000 1.10019377e+001 5.00410332e+000 7.99764034e+000 3.99838944e+000 1.00004641e+002 7.59970020e+001 1.02298088e+003 1.01898431e+003 9.99789028e-001 -3.24024602e-003 1.60012719e+001 0.00000000e+000 0.00000000e+000 1.00000000e+000 0.00000000e+000
 1.00000000e+000 1.30252918e+001 5.99428394e+000 8.02335159e+000 5.00555618e+000 9.99825314e+001 6.69987004e+001 1.02299828e+003 1.01900773e+003 1.01957655e+000 2.34959321e-003 1.39853361e+001 0.00000000e+000 0.00000000e+000 1.00000000e+000 0.00000000e+000
 1.00000000e+000 1.49977242e+001 5.99503722e+000 7.99356797e+000 5.00744399e+000 1.00008709e+002 5.10039374e+001 1.02297819e+003 1.01898060e+003 1.98701484e+000 -4.30779216e-003 1.09993459e+001 0.00000000e+000 0.00000000e+000 1.00000000e+000 0.00000000e+000
 1.00000000e+000 1.69930393e+001 5.02028333e+000 8.98315385e+000 3.98531931e+000 1.00012703e+002 5.19899544e+001 1.02295883e+003 1.01797693e+003 3.00753918e+000 2.07294847e-003 1.59922506e+001 0.00000000e+000 0.00000000e+000 1.00000000e+000 0.00000000e+000
 1.00000000e+000 1.59834638e+001 5.01130101e+000 8.98736667e+000 2.98889396e+000 9.30031653e+001 5.50005679e+001 1.02295956e+003 1.01897994e+003 1.97803899e+000 -7.80853560e-004 1.40106197e+001 0.00000000e+000 0.00000000e+000 1.00000000e+000 0.00000000e+000
 1.00000000e+000 1.70053505e+001 4.99737672e+000 1.00070289e+001 4.99954126e+000 1.00000739e+002 5.20015533e+001 1.02499220e+003 1.01998837e+003 9.95759312e-001 -3.01176310e-003 1.39938548e+001 0.00000000e+000 0.00000000e+000 1.00000000e+000 0.00000000e+000
 1.00000000e+000 1.50012086e+001 4.00478467e+000 9.99731628e+000 3.99617254e+000 1.00003027e+002 6.29962665e+001 1.02298639e+003 1.01898649e+003 1.00315016e+000 -2.25462875e-003 1.30059723e+001 0.00000000e+000 0.00000000e+000 1.00000000e+000 0.00000000e+000
 1.00000000e+000 1.60117793e+001 6.99030449e+000 1.00083576e+001 7.00721530e+000 9.99947247e+001 5.89991437e+001 1.02201128e+003 1.01899140e+003 1.00243048e+000 -5.37808561e-003 9.98714158e+000 0.00000000e+000 0.00000000e+000 1.00000000e+000 0.00000000e+000
 1.00000000e+000 1.59976102e+001 7.00567544e+000 1.10026099e+001 6.99506868e+000 9.99897550e+001 6.29869518e+001 1.02399907e+003 1.01998124e+003 1.01134524e+000 -4.76698362e-003 9.99971784e+000 0.00000000e+000 0.00000000e+000 1.00000000e+000 0.00000000e+000
 1.00000000e+000 2.00059662e+001 4.99281094e+000 1.20041640e+001 4.99979241e+000 9.99963272e+001 4.30021075e+001 1.02199699e+003 1.01799059e+003 9.98119439e-001 -1.46134585e-003 7.99410583e+000 0.00000000e+000 0.00000000e+000 1.00000000e+000 0.00000000e+000
 1.00000000e+000 1.40057689e+001 4.99136203e+000 1.00041265e+001 4.99718280e+000 9.99980581e+001 6.70017265e+001 1.02099963e+003 1.01598942e+003 9.95349304e-001 -4.71216330e-003 1.09954517e+001 0.00000000e+000 0.00000000e+000 1.00000000e+000 0.00000000e+000
 1.00000000e+000 1.70009491e+001 4.01464698e+000 8.99820472e+000 3.98204691e+000 9.99888214e+001 4.19898842e+001 1.01897471e+003 1.01497688e+003 3.00167029e+000 1.59821584e-002 1.29833503e+001 0.00000000e+000 0.00000000e+000 1.00000000e+000 0.00000000e+000
 1.00000000e+000 2.09988221e+001 5.00261367e+000 7.99981451e+000 1.99636629e+000 9.99977747e+001 2.80001480e+001 1.01598509e+003 1.01199187e+003 4.99313443e+000 2.69484008e-004 2.09974952e+001 0.00000000e+000 0.00000000e+000 1.00000000e+000 0.00000000e+000
 1.00000000e+000 2.39990797e+001 9.00003322e+000 1.09953790e+001 5.99534566e+000 1.00003068e+002 3.59999831e+001 1.01398218e+003 1.00998659e+003 4.99383276e+000 9.04560079e-005 1.10013855e+001 0.00000000e+000 0.00000000e+000 1.00000000e+000 0.00000000e+000
 1.00000000e+000 2.40023768e+001 9.99642222e+000 1.19975088e+001 4.99837630e+000 9.40019195e+001 2.90013086e+001 1.01198885e+003 1.00898516e+003 4.99643284e+000 -6.89724758e-004 1.59983396e+001 0.00000000e+000 0.00000000e+000 1.00000000e+000 0.00000000e+000
 1.00000000e+000 2.50053380e+001 7.99795489e+000 9.00484475e+000 1.00013548e+000 9.99921252e+001 2.10072766e+001 1.01499946e+003 1.01098809e+003 4.00462106e+000 9.99351033e-001 1.00001893e+001 0.00000000e+000 0.00000000e+000 1.00000000e+000 0.00000000e+000
 1.00000000e+000 2.70026200e+001 9.99778352e+000 1.19997784e+001 3.99933865e+000 9.99996686e+001 2.60004155e+001 1.01798918e+003 1.01398858e+003 3.99820609e+000 2.40247332e-004 1.29967152e+001 0.00000000e+000 0.00000000e+000 1.00000000e+000 0.00000000e+000
 1.00000000e+000 2.50020603e+001 1.39996003e+001 1.59989047e+001 9.99953271e+000 8.80019883e+001 4.10025852e+001 1.01998222e+003 1.01398954e+003 2.99452932e+000 9.99512856e-001 1.39973292e+001 0.00000000e+000 0.00000000e+000 1.00000000e+000 0.00000000e+000
 1.00000000e+000 2.00027683e+001 1.49942531e+001 1.49982489e+001 1.19883275e+001 9.99996179e+001 6.79957723e+001 1.01798956e+003 1.01298449e+003 2.99322656e+000 9.99650320e-001 1.59964662e+001 0.00000000e+000 1.00000000e+000 0.00000000e+000 0.00000000e+000
 1.00000000e+000 2.09997592e+001 1.20011146e+001 1.59964064e+001 1.19990000e+001 1.00002168e+002 6.39983663e+001 1.01798336e+003 1.01498765e+003 3.99416152e+000 5.65596421e-004 1.29979324e+001 1.00000000e+000 0.00000000e+000 0.00000000e+000 0.00000000e+000
 1.00000000e+000 2.09896358e+001 1.29996125e+001 1.49827136e+001 9.99194503e+000 1.00010793e+002 4.89936066e+001 1.01596747e+003 1.01197809e+003 2.99658569e+000 1.97047533e-003 2.30214222e+001 0.00000000e+000 0.00000000e+000 1.00000000e+000 0.00000000e+000
 1.00000000e+000 1.50126772e+001 1.29786575e+001 1.40034423e+001 1.20085366e+001 1.00001293e+002 8.80061161e+001 1.01500285e+003 1.01000245e+003 4.00577718e+000 9.99761776e-001 2.90022102e+001 0.00000000e+000 0.00000000e+000 1.00000000e+000 0.00000000e+000
 1.00000000e+000 1.90053590e+001 1.19941479e+001 1.40035598e+001 1.10016583e+001 9.99967434e+001 6.40006756e+001 1.02099641e+003 1.01198785e+003 2.99921241e+000 -1.08892014e-003 1.09920485e+001 1.00000000e+000 0.00000000e+000 0.00000000e+000 0.00000000e+000
 1.00000000e+000 1.69953042e+001 1.19917815e+001 1.40007517e+001 1.20016770e+001 9.99935647e+001 7.19901413e+001 1.02400960e+003 1.01999360e+003 1.99057972e+000 -1.18997493e-003 1.39971299e+001 0.00000000e+000 1.00000000e+000 0.00000000e+000 0.00000000e+000
 1.00000000e+000 2.00048986e+001 8.99578807e+000 1.20020920e+001 8.99864672e+000 9.99980532e+001 4.89993566e+001 1.02199258e+003 1.01798855e+003 3.99931689e+000 -8.60248687e-004 1.09952381e+001 0.00000000e+000 0.00000000e+000 1.00000000e+000 0.00000000e+000
 1.00000000e+000 2.00032087e+001 9.00859497e+000 1.09820181e+001 6.00066472e+000 9.30213495e+001 3.99950767e+001 1.02099917e+003 1.01698678e+003 4.98431767e+000 1.00593760e+000 1.29732733e+001 0.00000000e+000 0.00000000e+000 1.00000000e+000 0.00000000e+000
 1.00000000e+000 2.20101859e+001 8.99372835e+000 1.09988210e+001 8.00347400e+000 1.00005711e+002 4.29996600e+001 1.01998826e+003 1.01598883e+003 4.00344549e+000 1.00151444e+000 1.89951301e+001 0.00000000e+000 0.00000000e+000 1.00000000e+000 0.00000000e+000
 1.00000000e+000 2.30100125e+001 8.98613623e+000 1.20048516e+001 6.00710631e+000 9.99904105e+001 3.49991804e+001 1.01799636e+003 1.01299454e+003 4.99667036e+000 1.00511200e+000 1.59914117e+001 0.00000000e+000 0.00000000e+000 0.00000000e+000 1.00000000e+000
 1.00000000e+000 2.40071112e+001 1.29947611e+001 1.50011656e+001 9.99873296e+000 8.79981114e+001 4.99993452e+001 1.01399162e+003 1.00998770e+003 2.99872148e+000 1.00100421e+000 1.29923060e+001 0.00000000e+000 0.00000000e+000 1.00000000e+000 0.00000000e+000
 1.00000000e+000 2.30009691e+001 1.40002319e+001 1.49971273e+001 1.19986431e+001 9.40052783e+001 5.29980751e+001 1.01397881e+003 1.01098998e+003 2.99605101e+000 1.00124601e+000 1.40014859e+001 0.00000000e+000 0.00000000e+000 0.00000000e+000 1.00000000e+000
 1.00000000e+000 2.29899759e+001 1.00066387e+001 1.29804741e+001 1.99730569e+000 1.00013871e+002 2.49928157e+001 1.01697678e+003 1.01198228e+003 4.99631327e+000 5.47248666e-003 1.30110003e+001 0.00000000e+000 0.00000000e+000 1.00000000e+000 0.00000000e+000
 1.00000000e+000 2.09983441e+001 9.00106676e+000 8.99288830e+000 3.99701118e+000 9.30069748e+001 3.30001753e+001 1.01598065e+003 1.01298583e+003 4.99258244e+000 1.00069450e+000 1.40008857e+001 0.00000000e+000 0.00000000e+000 1.00000000e+000 0.00000000e+000
 1.00000000e+000 2.09922570e+001 8.01530601e+000 7.99608117e+000 2.98705298e+000 9.29984689e+001 3.29943093e+001 1.01697141e+003 1.01398687e+003 4.98228636e+000 1.00142543e+000 1.29960863e+001 0.00000000e+000 0.00000000e+000 1.00000000e+000 0.00000000e+000
 1.00000000e+000 2.19866537e+001 9.00587155e+000 1.19920275e+001 6.00045629e+000 9.30026974e+001 4.30072588e+001 1.01799144e+003 1.01398809e+003 2.99728166e+000 9.91946708e-001 2.29905691e+001 0.00000000e+000 0.00000000e+000 0.00000000e+000 1.00000000e+000
 1.00000000e+000 2.39969279e+001 9.00415398e+000 1.09918123e+001 5.99947653e+000 1.00005845e+002 3.10008575e+001 1.01497901e+003 1.01198601e+003 4.99406093e+000 2.16985685e-003 2.69991388e+001 0.00000000e+000 0.00000000e+000 1.00000000e+000 0.00000000e+000
 1.00000000e+000 2.50023247e+001 1.09864873e+001 1.20020506e+001 8.00958209e+000 9.39884431e+001 3.39885050e+001 1.01499296e+003 1.01199416e+003 4.99166764e+000 1.00573420e+000 2.29927283e+001 0.00000000e+000 0.00000000e+000 1.00000000e+000 0.00000000e+000
 1.00000000e+000 2.70070377e+001 1.19984926e+001 1.20021155e+001 4.99798910e+000 9.39988099e+001 2.80000825e+001 1.01699030e+003 1.01298665e+003 5.00113844e+000 1.00243960e+000 1.29970635e+001 0.00000000e+000 0.00000000e+000 0.00000000e+000 1.00000000e+000
 1.00000000e+000 2.50093652e+001 1.69968554e+001 1.49994339e+001 9.99585974e+000 7.69973236e+001 4.09964324e+001 1.01598889e+003 1.01298816e+003 4.00024794e+000 1.00352298e+000 2.39951139e+001 0.00000000e+000 0.00000000e+000 0.00000000e+000 1.00000000e+000
 1.00000000e+000 2.30038591e+001 1.89963420e+001 1.50006635e+001 9.99877708e+000 7.80002378e+001 4.69984421e+001 1.01398889e+003 1.00998747e+003 3.99915091e+000 2.00071187e+000 3.19957774e+001 0.00000000e+000 0.00000000e+000 0.00000000e+000 1.00000000e+000
 1.00000000e+000 2.10169412e+001 1.69854921e+001 1.60051560e+001 1.39979259e+001 8.79837926e+001 6.39917427e+001 1.01200302e+003 1.00599953e+003 3.01627691e+000 9.96275598e-001 5.49794823e+001 1.00000000e+000 0.00000000e+000 0.00000000e+000 0.00000000e+000
 1.00000000e+000 2.10159022e+001 1.39868300e+001 1.60077520e+001 5.00150221e+000 9.40035250e+001 3.70069614e+001 1.01500364e+003 1.00299420e+003 5.00809936e+000 1.99522266e+000 3.39853940e+001 0.00000000e+000 1.00000000e+000 0.00000000e+000 0.00000000e+000
 1.00000000e+000 2.19951024e+001 1.10055575e+001 9.99172815e+000 5.99880257e+000 9.40048911e+001 3.49968435e+001 1.01898245e+003 1.01598796e+003 4.99767418e+000 2.00189179e+000 1.90016472e+001 1.00000000e+000 0.00000000e+000 0.00000000e+000 0.00000000e+000
 1.00000000e+000 2.29987164e+001 1.10059168e+001 1.19942834e+001 5.99769419e+000 8.20017459e+001 4.09964018e+001 1.01897904e+003 1.01598715e+003 5.99620637e+000 3.00301344e+000 2.70005835e+001 0.00000000e+000 0.00000000e+000 0.00000000e+000 1.00000000e+000
 1.00000000e+000 2.49915497e+001 1.10072659e+001 1.30111492e+001 8.98857750e+000 9.39790525e+001 4.09815111e+001 1.01700217e+003 1.01397534e+003 4.99679362e+000 1.00069500e+000 2.29848894e+001 0.00000000e+000 0.00000000e+000 0.00000000e+000 1.00000000e+000
 1.00000000e+000 2.69944200e+001 1.50017444e+001 1.49828988e+001 1.10095763e+001 8.80117962e+001 3.69914052e+001 1.01799535e+003 1.01297508e+003 5.00368977e+000 1.00503396e+000 9.99287836e+000 0.00000000e+000 0.00000000e+000 1.00000000e+000 0.00000000e+000
 1.00000000e+000 2.69981879e+001 1.69981946e+001 1.59916086e+001 1.10102809e+001 8.80110627e+001 3.90068810e+001 1.01697442e+003 1.01298612e+003 4.99854097e+000 1.00004540e+000 2.10066575e+001 0.00000000e+000 0.00000000e+000 0.00000000e+000 1.00000000e+000
 1.00000000e+000 2.69925451e+001 1.39882499e+001 1.60028907e+001 1.10010885e+001 9.99925679e+001 3.69962771e+001 1.01499955e+003 1.00997286e+003 7.00423206e+000 -2.06974630e-003 2.30047840e+001 0.00000000e+000 0.00000000e+000 0.00000000e+000 1.00000000e+000
 1.00000000e+000 2.90011072e+001 1.60070164e+001 1.70001318e+001 1.19997035e+001 8.80053088e+001 3.89973838e+001 1.01298202e+003 1.01000180e+003 4.98916918e+000 1.00149572e+000 1.89918069e+001 0.00000000e+000 0.00000000e+000 1.00000000e+000 0.00000000e+000
 1.00000000e+000 2.80055233e+001 1.89947962e+001 1.80030595e+001 1.29999539e+001 7.79981796e+001 4.19987854e+001 1.01399294e+003 1.00999115e+003 4.00059490e+000 2.00005856e+000 1.89944738e+001 0.00000000e+000 0.00000000e+000 0.00000000e+000 1.00000000e+000
 1.00000000e+000 2.90310356e+001 1.89744856e+001 1.80020327e+001 1.30072304e+001 8.80075645e+001 3.69988055e+001 1.01600453e+003 1.00997384e+003 5.02250099e+000 1.00376321e+000 2.69748793e+001 0.00000000e+000 0.00000000e+000 0.00000000e+000 1.00000000e+000
 1.00000000e+000 2.80161354e+001 1.89857457e+001 1.90151632e+001 1.40021845e+001 9.39861366e+001 5.39926953e+001 1.01302303e+003 1.00799166e+003 4.01995790e+000 1.00240010e+000 3.69853979e+001 0.00000000e+000 0.00000000e+000 0.00000000e+000 1.00000000e+000
 1.00000000e+000 2.99946444e+001 1.79960616e+001 1.89977797e+001 1.10040317e+001 7.80006915e+001 3.69979715e+001 1.00998789e+003 1.00698475e+003 4.99025387e+000 2.00179020e+000 2.59979722e+001 0.00000000e+000 0.00000000e+000 0.00000000e+000 1.00000000e+000
 1.00000000e+000 2.69960232e+001 1.60010849e+001 1.59928268e+001 -3.99747601e+000 7.80066620e+001 1.60022378e+001 1.01398281e+003 1.00998631e+003 3.99539534e+000 1.00092516e+000 3.20012257e+001 0.00000000e+000 0.00000000e+000 0.00000000e+000 1.00000000e+000
 1.00000000e+000 1.89968167e+001 1.20023076e+001 3.99928098e+000 -4.00074365e+000 5.80001785e+001 2.19992921e+001 1.01698410e+003 1.01298751e+003 3.99720007e+000 1.00027338e+000 3.70006474e+001 0.00000000e+000 0.00000000e+000 0.00000000e+000 1.00000000e+000
 1.00000000e+000 2.29997295e+001 7.99975768e+000 5.99898629e+000 1.99884471e+000 7.10022800e+001 2.50012119e+001 1.01498421e+003 1.01098831e+003 4.99723755e+000 1.99974446e+000 3.40002083e+001 0.00000000e+000 0.00000000e+000 0.00000000e+000 1.00000000e+000
 1.00000000e+000 2.59978661e+001 9.00392995e+000 5.99538433e+000 2.99831371e+000 7.60035044e+001 2.29988540e+001 1.01598124e+003 1.01298565e+003 5.99668175e+000 1.00218020e+000 2.70004263e+001 0.00000000e+000 0.00000000e+000 0.00000000e+000 1.00000000e+000
 1.00000000e+000 2.50063175e+001 8.98569980e+000 7.99895652e+000 4.98899471e+000 8.20026039e+001 2.80022402e+001 1.01599382e+003 1.01298132e+003 4.99471416e+000 9.97626688e-001 3.39959812e+001 0.00000000e+000 0.00000000e+000 0.00000000e+000 1.00000000e+000
 1.00000000e+000 2.59977032e+001 1.09882821e+001 8.99660940e+000 5.00852242e+000 7.10135097e+001 2.59982979e+001 1.01299491e+003 1.01100254e+003 4.98217874e+000 1.00281755e+000 2.89991454e+001 0.00000000e+000 0.00000000e+000 0.00000000e+000 1.00000000e+000
 1.00000000e+000 2.89988286e+001 1.30008916e+001 1.20050934e+001 1.00236322e+000 7.69981247e+001 1.60066296e+001 1.01498459e+003 1.01098676e+003 6.99522438e+000 9.96503590e-001 1.89950314e+001 0.00000000e+000 0.00000000e+000 0.00000000e+000 1.00000000e+000
 1.00000000e+000 2.90051911e+001 1.59962050e+001 1.30035427e+001 7.99882181e+000 7.19991558e+001 3.00010746e+001 1.01299311e+003 1.00898995e+003 5.00016802e+000 1.99912219e+000 2.29931795e+001 0.00000000e+000 0.00000000e+000 0.00000000e+000 1.00000000e+000
 1.00000000e+000 2.59964267e+001 1.49896220e+001 1.40023034e+001 8.00224415e+000 8.79958093e+001 3.39960640e+001 1.01199507e+003 1.00898801e+003 3.98802784e+000 1.00044444e+000 1.39927017e+001 0.00000000e+000 0.00000000e+000 0.00000000e+000 1.00000000e+000
 1.00000000e+000 2.80020459e+001 1.50018770e+001 1.30052134e+001 6.00244447e+000 8.79935903e+001 2.49987767e+001 1.01398809e+003 1.00999454e+003 5.00675287e+000 1.00094259e+000 1.90003074e+001 0.00000000e+000 0.00000000e+000 0.00000000e+000 1.00000000e+000
 1.00000000e+000 2.80055537e+001 1.49952852e+001 1.40040439e+001 1.09992347e+001 8.19975255e+001 3.50002595e+001 1.01699419e+003 1.00599082e+003 3.00035223e+000 -4.67396903e-004 9.99421684e+000 0.00000000e+000 0.00000000e+000 0.00000000e+000 1.00000000e+000
 1.00000000e+000 2.60040203e+001 1.50055069e+001 1.40090868e+001 1.20012319e+001 8.19903567e+001 4.19992285e+001 1.01698572e+003 1.01199612e+003 4.00198988e+000 1.00153095e+000 2.29960219e+001 0.00000000e+000 0.00000000e+000 1.00000000e+000 0.00000000e+000
 1.00000000e+000 2.90014413e+001 1.69912311e+001 1.40080347e+001 8.99893654e+000 7.69813674e+001 2.99866958e+001 1.01300731e+003 1.00799439e+003 2.99326843e+000 9.96208045e-001 1.39864865e+001 0.00000000e+000 0.00000000e+000 0.00000000e+000 1.00000000e+000
 1.00000000e+000 3.19993135e+001 1.89844656e+001 1.39900845e+001 9.00270454e+000 6.40156100e+001 2.39982093e+001 1.01097040e+003 1.00698355e+003 6.99188127e+000 1.00288256e+000 2.60053417e+001 0.00000000e+000 0.00000000e+000 0.00000000e+000 1.00000000e+000
 1.00000000e+000 3.30064367e+001 1.90152674e+001 1.49613281e+001 3.01100288e+000 7.30117705e+001 1.60075338e+001 1.01495437e+003 1.00997129e+003 4.99131746e+000 1.01642063e+000 1.89980604e+001 0.00000000e+000 0.00000000e+000 0.00000000e+000 1.00000000e+000
 1.00000000e+000 3.20049564e+001 1.79937771e+001 1.40020081e+001 2.99514528e+000 7.69995909e+001 1.80021138e+001 1.01499123e+003 1.01198779e+003 5.99761244e+000 1.99871554e+000 1.09965144e+001 0.00000000e+000 0.00000000e+000 0.00000000e+000 1.00000000e+000
 1.00000000e+000 2.99970619e+001 1.90031619e+001 1.39954189e+001 5.99802992e+000 6.00045540e+001 2.69982503e+001 1.01398362e+003 1.01098858e+003 4.99697781e+000 2.00119658e+000 2.60008404e+001 0.00000000e+000 0.00000000e+000 0.00000000e+000 1.00000000e+000
 1.00000000e+000 3.10003288e+001 1.60008847e+001 1.30006356e+001 8.00276319e+000 8.19985683e+001 2.40011450e+001 1.01299528e+003 1.00899429e+003 7.99967855e+000 1.00043878e+000 2.89955693e+001 0.00000000e+000 0.00000000e+000 0.00000000e+000 1.00000000e+000
 1.00000000e+000 3.29935546e+001 1.69997180e+001 1.50084619e+001 9.99078822e+000 7.19758325e+001 2.69911718e+001 1.01300556e+003 1.00897916e+003 6.00049999e+000 2.00022928e+000 1.89906986e+001 0.00000000e+000 0.00000000e+000 0.00000000e+000 1.00000000e+000
 1.00000000e+000 3.50155907e+001 1.99828151e+001 1.60033394e+001 9.99609016e+000 7.29903240e+001 2.29951790e+001 1.01499833e+003 1.01098895e+003 5.00127587e+000 1.01188523e+000 1.59813438e+001 0.00000000e+000 0.00000000e+000 0.00000000e+000 1.00000000e+000
 1.00000000e+000 3.49944795e+001 2.10083066e+001 1.69903839e+001 7.99779870e+000 7.30037558e+001 1.99996396e+001 1.01497441e+003 1.01098617e+003 3.99637720e+000 1.00367327e+000 1.40044507e+001 0.00000000e+000 0.00000000e+000 0.00000000e+000 1.00000000e+000
 1.00000000e+000 3.30021774e+001 1.89980784e+001 1.69989842e+001 1.29986242e+001 8.29981836e+001 2.90008145e+001 1.01499316e+003 1.00898976e+003 5.00012946e+000 9.98688871e-001 1.89961807e+001 0.00000000e+000 0.00000000e+000 0.00000000e+000 1.00000000e+000
 1.00000000e+000 3.30018491e+001 2.00005548e+001 1.79995440e+001 1.20005923e+001 8.29995068e+001 2.79962127e+001 1.01399426e+003 1.00898671e+003 5.00029933e+000 1.00200019e+000 1.29908951e+001 0.00000000e+000 0.00000000e+000 0.00000000e+000 1.00000000e+000
 1.00000000e+000 3.29993130e+001 2.19938994e+001 1.70028937e+001 1.29944327e+001 6.40020946e+001 3.09996387e+001 1.01498652e+003 1.01098895e+003 4.00053106e+000 1.99772334e+000 1.90047812e+001 0.00000000e+000 0.00000000e+000 1.00000000e+000 0.00000000e+000
 1.00000000e+000 3.20112817e+001 1.89917909e+001 1.70069856e+001 1.09997449e+001 7.80013159e+001 2.70000584e+001 1.01499488e+003 1.00999233e+003 5.00531047e+000 9.99284565e-001 1.89913014e+001 0.00000000e+000 0.00000000e+000 0.00000000e+000 1.00000000e+000
 1.00000000e+000 3.40087545e+001 1.99948961e+001 1.50047528e+001 1.19970750e+001 7.30006395e+001 2.79988376e+001 1.01299180e+003 1.00698922e+003 5.00414915e+000 1.00029645e+000 1.89919503e+001 0.00000000e+000 0.00000000e+000 0.00000000e+000 1.00000000e+000
 1.00000000e+000 3.40030059e+001 2.39955576e+001 1.79968706e+001 1.20041247e+001 5.80078726e+001 3.00044689e+001 1.00998640e+003 1.00399193e+003 4.00049950e+000 1.99978043e+000 1.60013951e+001 0.00000000e+000 0.00000000e+000 0.00000000e+000 1.00000000e+000
 1.00000000e+000 3.29919830e+001 2.20047961e+001 1.89868296e+001 1.49943973e+001 7.30130013e+001 3.39839006e+001 1.00996392e+003 1.00598499e+003 4.98567714e+000 2.00746310e+000 1.60018300e+001 0.00000000e+000 0.00000000e+000 0.00000000e+000 1.00000000e+000
 1.00000000e+000 3.30001278e+001 1.80018331e+001 1.89970405e+001 9.99637120e+000 8.80023318e+001 2.40007353e+001 1.01098645e+003 1.00698670e+003 5.99990856e+000 1.00012736e+000 3.39979415e+001 0.00000000e+000 1.00000000e+000 0.00000000e+000 0.00000000e+000
 1.00000000e+000 3.39952917e+001 1.89911270e+001 1.59955955e+001 1.29989524e+001 7.80022767e+001 2.79979728e+001 1.00999337e+003 1.00497397e+003 4.99979417e+000 9.99903785e-001 3.40002223e+001 0.00000000e+000 0.00000000e+000 1.00000000e+000 0.00000000e+000
 1.00000000e+000 3.69861932e+001 1.90025472e+001 1.59629014e+001 5.00283411e+000 7.80297311e+001 1.39855807e+001 1.00698523e+003 1.00298246e+003 6.00437141e+000 1.01648454e+000 2.60259086e+001 0.00000000e+000 0.00000000e+000 1.00000000e+000 0.00000000e+000
 1.00000000e+000 3.60025640e+001 2.40072582e+001 1.49945718e+001 7.99493645e+000 5.70058792e+001 1.79945939e+001 1.00497931e+003 9.99988727e+002 4.00332715e+000 2.00372094e+000 2.09976828e+001 0.00000000e+000 0.00000000e+000 0.00000000e+000 1.00000000e+000
 1.00000000e+000 3.30019839e+001 2.10027254e+001 1.59939417e+001 8.98877758e+000 5.60097103e+001 2.99995201e+001 1.00797497e+003 1.00099596e+003 5.00182837e+000 3.00219569e+000 4.00136773e+001 0.00000000e+000 0.00000000e+000 0.00000000e+000 1.00000000e+000
 1.00000000e+000 3.60008514e+001 2.29973871e+001 1.49983993e+001 9.96235217e-001 6.10026874e+001 1.10003436e+001 1.01198835e+003 1.00898664e+003 5.99721285e+000 1.99999141e+000 1.89975563e+001 1.00000000e+000 0.00000000e+000 0.00000000e+000 0.00000000e+000
 1.00000000e+000 3.39986900e+001 1.90011363e+001 1.00044490e+001 -9.94679397e-001 5.19975650e+001 1.09966967e+001 1.01399272e+003 1.00999347e+003 8.99711336e+000 2.00156586e+000 2.29946395e+001 0.00000000e+000 0.00000000e+000 0.00000000e+000 1.00000000e+000
 1.00000000e+000 3.70009660e+001 1.99990522e+001 1.10002506e+001 3.99805383e+000 5.20016802e+001 1.30000361e+001 1.01598865e+003 1.01198881e+003 4.99904229e+000 2.00024733e+000 3.39964081e+001 0.00000000e+000 0.00000000e+000 0.00000000e+000 1.00000000e+000
 1.00000000e+000 3.69985603e+001 2.10035928e+001 2.79966966e+001 4.99834253e+000 9.40004136e+001 1.49994355e+001 1.01198412e+003 1.00798716e+003 9.99619450e+000 1.00104048e+000 2.39960683e+001 0.00000000e+000 0.00000000e+000 0.00000000e+000 1.00000000e+000
 1.00000000e+000 3.90022316e+001 2.19976864e+001 1.20021641e+001 2.99837579e+000 5.00010217e+001 1.09996627e+001 1.00999015e+003 1.00598974e+003 4.99985676e+000 1.00035178e+000 2.89956542e+001 0.00000000e+000 0.00000000e+000 0.00000000e+000 1.00000000e+000
 1.00000000e+000 4.09969448e+001 2.39998578e+001 1.19990935e+001 3.00365849e+000 4.40027532e+001 9.99543776e+000 1.00998090e+003 1.00598748e+003 3.99791311e+000 1.00291228e+000 2.69984099e+001 0.00000000e+000 0.00000000e+000 0.00000000e+000 1.00000000e+000
 1.00000000e+000 4.19984992e+001 1.09999593e+001 1.29958866e+001 4.99733977e+000 6.70043541e+001 9.99917735e+000 1.01098611e+003 1.00598815e+003 2.99552417e+000 1.00114380e+000 4.19972642e+001 0.00000000e+000 0.00000000e+000 0.00000000e+000 1.00000000e+000
 1.00000000e+000 4.10134229e+001 2.60045632e+001 1.10003959e+001 5.99301559e+000 3.59901560e+001 1.20023643e+001 1.00899461e+003 1.00400548e+003 2.00325380e+000 1.00067701e+000 3.39897787e+001 0.00000000e+000 0.00000000e+000 0.00000000e+000 1.00000000e+000
 1.00000000e+000 4.10035992e+001 2.79944127e+001 1.30019621e+001 8.99470861e+000 3.49995190e+001 1.49930186e+001 1.00798633e+003 1.00398596e+003 3.99753812e+000 1.00215833e+000 3.99923989e+001 0.00000000e+000 0.00000000e+000 0.00000000e+000 1.00000000e+000
 1.00000000e+000 3.99996083e+001 2.80001938e+001 1.29998887e+001 5.99704923e+000 3.70021450e+001 1.29993822e+001 1.00998776e+003 1.00498801e+003 2.99849916e+000 1.00041363e+000 2.09970666e+001 0.00000000e+000 0.00000000e+000 0.00000000e+000 1.00000000e+000
 1.00000000e+000 4.00073968e+001 2.59980313e+001 1.30084245e+001 5.99589957e+000 4.39956541e+001 1.29987424e+001 1.00800022e+003 1.00399445e+003 4.99980952e+000 9.99948002e-001 1.59858256e+001 0.00000000e+000 0.00000000e+000 0.00000000e+000 1.00000000e+000
 1.00000000e+000 3.79991207e+001 2.80009440e+001 1.50028793e+001 9.00377675e+000 4.19994708e+001 2.20013833e+001 1.00998622e+003 1.00498865e+003 3.99846131e+000 9.97530612e-001 2.29910007e+001 0.00000000e+000 0.00000000e+000 0.00000000e+000 1.00000000e+000
 1.00000000e+000 3.80074298e+001 2.59923371e+001 1.70023769e+001 5.99778656e+000 5.09985542e+001 1.50010561e+001 1.01099074e+003 1.00598757e+003 5.00423463e+000 1.00008221e+000 2.69955601e+001 0.00000000e+000 0.00000000e+000 0.00000000e+000 1.00000000e+000
 1.00000000e+000 3.89983399e+001 2.40016579e+001 9.99722560e+000 4.99763461e+000 3.80057876e+001 1.29981805e+001 1.00798381e+003 1.00398895e+003 5.99514351e+000 1.00151243e+000 2.89975212e+001 0.00000000e+000 0.00000000e+000 0.00000000e+000 1.00000000e+000
 1.00000000e+000 3.89991014e+001 2.70006764e+001 1.29985847e+001 1.99762423e+000 3.40037026e+001 1.29995846e+001 1.00598594e+003 9.99988034e+002 2.99821033e+000 2.00047902e+000 2.69981479e+001 0.00000000e+000 0.00000000e+000 0.00000000e+000 1.00000000e+000
 1.00000000e+000 3.59981341e+001 2.49967607e+001 1.29958937e+001 1.99573249e+000 4.10063649e+001 1.20001058e+001 1.00798404e+003 1.00298294e+003 4.99814550e+000 1.99999312e+000 2.70018310e+001 0.00000000e+000 0.00000000e+000 0.00000000e+000 1.00000000e+000
 1.00000000e+000 3.70287403e+001 2.39798075e+001 1.40298666e+001 1.99617641e+000 3.89792470e+001 1.09999521e+001 1.01003202e+003 1.00599949e+003 5.01860393e+000 9.96823082e-001 2.89716144e+001 0.00000000e+000 0.00000000e+000 0.00000000e+000 1.00000000e+000
 1.00000000e+000 3.79986840e+001 2.20034198e+001 7.99810932e+000 2.99959878e+000 3.60036207e+001 1.19989224e+001 1.00998543e+003 1.00598975e+003 4.99915082e+000 1.00129317e+000 2.59981550e+001 0.00000000e+000 0.00000000e+000 0.00000000e+000 1.00000000e+000
 1.00000000e+000 4.10044034e+001 2.29963707e+001 1.00041034e+001 5.99819791e+000 3.79997680e+001 1.20007200e+001 1.00899362e+003 1.00499003e+003 3.00142733e+000 9.99668235e-001 3.39934247e+001 0.00000000e+000 0.00000000e+000 0.00000000e+000 1.00000000e+000
 1.00000000e+000 4.19993735e+001 2.70030908e+001 8.99360073e+000 3.99858728e+000 2.70113110e+001 9.99410048e+000 1.00799787e+003 1.00398749e+003 2.99829428e+000 1.00409347e+000 1.29926653e+001 0.00000000e+000 0.00000000e+000 0.00000000e+000 1.00000000e+000
 1.00000000e+000 4.29946799e+001 2.70081302e+001 1.19899528e+001 3.99875436e+000 3.00104090e+001 8.99312356e+000 1.00698031e+003 1.00198433e+003 4.00420937e+000 1.00455564e+000 1.90029461e+001 0.00000000e+000 0.00000000e+000 0.00000000e+000 1.00000000e+000
 1.00000000e+000 4.30029974e+001 2.90036623e+001 1.19993350e+001 4.99067347e+000 3.30068554e+001 1.00008696e+001 1.00398725e+003 9.98995840e+002 3.99041691e+000 1.00023058e+000 3.69971333e+001 0.00000000e+000 0.00000000e+000 0.00000000e+000 1.00000000e+000
 1.00000000e+000 3.60015939e+001 2.59990698e+001 1.60004947e+001 7.99788459e+000 5.10011878e+001 1.80004654e+001 1.00698935e+003 1.00298919e+003 4.99935098e+000 1.99988137e+000 2.89962546e+001 1.00000000e+000 0.00000000e+000 0.00000000e+000 0.00000000e+000
 1.00000000e+000 3.50049154e+001 2.20080874e+001 1.60032066e+001 1.09857306e+001 6.50018408e+001 2.30157387e+001 1.00899968e+003 1.00498773e+003 4.00948735e+000 2.99250103e+000 1.89992208e+001 0.00000000e+000 0.00000000e+000 0.00000000e+000 1.00000000e+000
 1.00000000e+000 3.70075053e+001 2.39968248e+001 1.30088482e+001 8.99902157e+000 4.69989217e+001 1.80012967e+001 1.00999224e+003 1.00599601e+003 4.99733824e+000 1.99972898e+000 1.39903549e+001 0.00000000e+000 0.00000000e+000 0.00000000e+000 1.00000000e+000
 1.00000000e+000 3.89976599e+001 2.59996575e+001 1.39931467e+001 1.09934457e+001 4.70083664e+001 1.80004157e+001 1.01098485e+003 1.00598464e+003 4.99695173e+000 2.99997825e+000 2.39993958e+001 0.00000000e+000 0.00000000e+000 0.00000000e+000 1.00000000e+000
 1.00000000e+000 4.00117777e+001 2.79907794e+001 1.60178761e+001 1.19857606e+001 4.49814784e+001 1.99939273e+001 1.00701034e+003 9.99981484e+002 5.00180758e+000 2.99797024e+000 2.69754664e+001 0.00000000e+000 0.00000000e+000 0.00000000e+000 1.00000000e+000
 1.00000000e+000 4.10013366e+001 2.99979170e+001 1.60003980e+001 3.99624483e+000 4.00018879e+001 1.10007509e+001 1.00298808e+003 9.94988683e+002 3.99844222e+000 9.99972787e-001 2.59969950e+001 0.00000000e+000 0.00000000e+000 0.00000000e+000 1.00000000e+000
 1.00000000e+000 3.80029758e+001 3.29970084e+001 7.00277965e+000 -2.00218332e+000 1.70019982e+001 1.00002502e+001 1.00099079e+003 9.96988976e+002 2.00025577e+000 -2.20874329e-005 2.89950556e+001 0.00000000e+000 0.00000000e+000 0.00000000e+000 1.00000000e+000
 1.00000000e+000 3.50084915e+001 2.39957756e+001 6.00220877e+000 9.97973659e-001 2.70082243e+001 1.30054412e+001 1.00399474e+003 1.00098656e+003 4.00686135e+000 9.98960256e-001 1.89915498e+001 0.00000000e+000 0.00000000e+000 0.00000000e+000 1.00000000e+000
 1.00000000e+000 3.69989362e+001 2.30017675e+001 9.99829334e+000 -3.27355543e-003 3.90034621e+001 9.99930302e+000 1.00598562e+003 1.00198810e+003 4.99610965e+000 1.00067372e+000 1.89978489e+001 0.00000000e+000 0.00000000e+000 0.00000000e+000 1.00000000e+000
 1.00000000e+000 3.80069889e+001 2.39946505e+001 6.00587128e+000 9.98332561e-001 2.89981518e+001 1.00004670e+001 1.00499705e+003 1.00199042e+003 4.00316630e+000 9.99558341e-001 1.89927802e+001 0.00000000e+000 0.00000000e+000 0.00000000e+000 1.00000000e+000
 1.00000000e+000 3.80047546e+001 2.49978073e+001 8.00543902e+000 9.95593710e-001 3.19971888e+001 9.99958414e+000 1.00699498e+003 1.00299057e+003 4.00154949e+000 9.99543140e-001 1.89932548e+001 0.00000000e+000 0.00000000e+000 0.00000000e+000 1.00000000e+000
 1.00000000e+000 3.79980118e+001 2.30013107e+001 7.99367854e+000 9.89773379e-001 3.20089947e+001 1.00011090e+001 1.00797914e+003 1.00497854e+003 4.99501377e+000 9.99543940e-001 1.90031541e+001 0.00000000e+000 0.00000000e+000 0.00000000e+000 1.00000000e+000
 1.00000000e+000 4.00029033e+001 2.39985358e+001 9.00352128e+000 9.95621023e-001 2.99992299e+001 8.99818692e+000 1.00899133e+003 1.00498729e+003 4.00142746e+000 1.00030738e+000 2.69929833e+001 0.00000000e+000 0.00000000e+000 0.00000000e+000 1.00000000e+000
 1.00000000e+000 4.20040568e+001 2.50000012e+001 1.09989990e+001 1.99531054e+000 3.20041465e+001 9.99806270e+000 1.00998230e+003 1.00498601e+003 5.00024521e+000 1.00132732e+000 1.89981234e+001 0.00000000e+000 0.00000000e+000 0.00000000e+000 1.00000000e+000
 1.00000000e+000 4.19973278e+001 2.99997329e+001 1.59968575e+001 6.99818568e+000 3.10034963e+001 1.19980748e+001 1.00698125e+003 1.00198567e+003 3.99774101e+000 2.00096488e+000 2.90000076e+001 0.00000000e+000 0.00000000e+000 0.00000000e+000 1.00000000e+000
 1.00000000e+000 4.10048356e+001 3.00038232e+001 1.89971330e+001 1.29945814e+001 4.50026904e+001 1.90050002e+001 1.00498556e+003 9.99984973e+002 3.00475586e+000 2.99771985e+000 2.29973108e+001 0.00000000e+000 0.00000000e+000 0.00000000e+000 1.00000000e+000
 1.00000000e+000 3.80027321e+001 2.79876272e+001 2.10004195e+001 1.00183046e+001 5.50045209e+001 1.90041713e+001 1.00699932e+003 1.00100019e+003 3.99439761e+000 1.00077612e+000 3.39938289e+001 0.00000000e+000 0.00000000e+000 0.00000000e+000 1.00000000e+000
 1.00000000e+000 4.10059865e+001 2.79946955e+001 1.80020863e+001 1.09973009e+001 4.10036952e+001 2.00014829e+001 1.00599219e+003 1.00099069e+003 4.99764635e+000 2.99928310e+000 1.59938952e+001 0.00000000e+000 0.00000000e+000 0.00000000e+000 1.00000000e+000
 1.00000000e+000 4.19992377e+001 2.79998584e+001 1.89981608e+001 4.99907377e+000 5.50001774e+001 9.99924571e+000 1.00498491e+003 1.00098714e+003 5.00114101e+000 1.00112834e+000 2.69996416e+001 0.00000000e+000 0.00000000e+000 0.00000000e+000 1.00000000e+000
 1.00000000e+000 4.20052105e+001 2.60042172e+001 9.99966991e+000 3.00052191e+000 3.59992371e+001 9.99592925e+000 1.00499782e+003 9.99996099e+002 5.00453964e+000 2.00315280e+000 3.39895438e+001 0.00000000e+000 0.00000000e+000 0.00000000e+000 1.00000000e+000
 1.00000000e+000 4.40014968e+001 2.79985536e+001 1.10015406e+001 3.99797542e+000 2.50023867e+001 8.99902199e+000 1.00298846e+003 9.97988797e+002 4.99968430e+000 2.00052363e+000 2.69962100e+001 0.00000000e+000 0.00000000e+000 0.00000000e+000 1.00000000e+000
 1.00000000e+000 4.40153709e+001 2.99817880e+001 1.50078559e+001 7.00108891e+000 3.29964613e+001 1.09985927e+001 1.00099472e+003 9.97990468e+002 4.00186202e+000 2.00036495e+000 1.89898534e+001 0.00000000e+000 0.00000000e+000 0.00000000e+000 1.00000000e+000
 1.00000000e+000 4.40018265e+001 2.90015333e+001 1.80029962e+001 7.00213256e+000 2.89981731e+001 1.49965110e+001 1.00098367e+003 9.98985487e+002 4.00831534e+000 2.00251327e+000 2.90017399e+001 0.00000000e+000 0.00000000e+000 0.00000000e+000 1.00000000e+000
 1.00000000e+000 4.40036745e+001 3.29951119e+001 1.90005781e+001 5.00170360e+000 3.29997558e+001 9.00235613e+000 1.00599251e+003 9.99988123e+002 4.00264498e+000 2.00094404e+000 2.59937097e+001 0.00000000e+000 0.00000000e+000 0.00000000e+000 1.00000000e+000
 1.00000000e+000 4.50028352e+001 3.29966728e+001 1.89970901e+001 7.00449215e+000 3.80081617e+001 1.20032841e+001 1.00299087e+003 9.98990343e+002 3.00103591e+000 1.00060673e+000 2.69959260e+001 0.00000000e+000 0.00000000e+000 0.00000000e+000 1.00000000e+000
 1.00000000e+000 4.00044380e+001 2.99964042e+001 1.80050342e+001 9.99808947e+000 4.29975568e+001 1.60005186e+001 1.00399474e+003 9.99990063e+002 5.00034255e+000 -4.64123177e-004 8.39928840e+001 0.00000000e+000 0.00000000e+000 0.00000000e+000 1.00000000e+000
 1.00000000e+000 3.50057036e+001 2.09934207e+001 2.20060724e+001 1.60017363e+001 9.39922153e+001 3.39977873e+001 1.00999712e+003 1.00299971e+003 5.00155074e+000 2.99997157e+000 3.39955818e+001 0.00000000e+000 1.00000000e+000 0.00000000e+000 0.00000000e+000
 1.00000000e+000 3.79932111e+001 2.70151962e+001 2.29882433e+001 1.79934025e+001 7.40093476e+001 3.19952854e+001 1.00697198e+003 1.00298995e+003 3.98498569e+000 1.00349332e+000 2.29944129e+001 1.00000000e+000 0.00000000e+000 0.00000000e+000 0.00000000e+000
 1.00000000e+000 3.79986774e+001 2.70019832e+001 2.29977872e+001 1.19903358e+001 7.40000228e+001 2.09945925e+001 1.00698857e+003 1.00399173e+003 3.99699805e+000 9.99694693e-001 2.30001444e+001 1.00000000e+000 0.00000000e+000 0.00000000e+000 0.00000000e+000
 1.00000000e+000 4.00039673e+001 2.80179714e+001 1.89986600e+001 9.99491165e+000 5.80051514e+001 1.90044089e+001 1.00598526e+003 1.00199392e+003 5.00735014e+000 2.00006474e+000 2.69927866e+001 0.00000000e+000 0.00000000e+000 0.00000000e+000 1.00000000e+000
 1.00000000e+000 4.20062042e+001 2.79958698e+001 1.60046416e+001 8.99730634e+000 4.29979025e+001 1.40005290e+001 1.00299544e+003 9.98991804e+002 4.00276782e+000 1.99936814e+000 3.39932147e+001 0.00000000e+000 0.00000000e+000 0.00000000e+000 1.00000000e+000
 1.00000000e+000 4.19862948e+001 2.99957538e+001 1.49974577e+001 3.99843722e+000 2.49962783e+001 1.29978114e+001 1.00300247e+003 9.98979864e+002 4.00311838e+000 9.98692872e-001 1.08000420e+002 0.00000000e+000 0.00000000e+000 0.00000000e+000 1.00000000e+000
 1.00000000e+000 4.30032097e+001 2.79879207e+001 1.40008807e+001 2.99196394e+000 3.30027115e+001 9.00508011e+000 1.00499811e+003 1.00099083e+003 3.99498459e+000 9.97002504e-001 2.90010262e+001 0.00000000e+000 0.00000000e+000 0.00000000e+000 1.00000000e+000
 1.00000000e+000 4.40045517e+001 2.69923806e+001 9.00373754e+000 4.99045504e+000 2.99939316e+001 9.99400009e+000 1.00499441e+003 1.00198809e+003 4.00776712e+000 2.00056391e+000 4.00050644e+001 0.00000000e+000 0.00000000e+000 0.00000000e+000 1.00000000e+000
 1.00000000e+000 4.49961787e+001 3.10032764e+001 1.19959160e+001 6.99584400e+000 2.70057248e+001 9.99852246e+000 1.00598145e+003 1.00098726e+003 4.99727843e+000 1.00108676e+000 2.70012943e+001 0.00000000e+000 0.00000000e+000 0.00000000e+000 1.00000000e+000
 1.00000000e+000 4.40079524e+001 3.19938725e+001 1.30064812e+001 7.99628373e+000 3.09978455e+001 1.20009767e+001 1.00399804e+003 9.99992044e+002 5.00442605e+000 1.99870939e+000 2.89922732e+001 0.00000000e+000 0.00000000e+000 0.00000000e+000 1.00000000e+000
 1.00000000e+000 4.59903865e+001 3.10033915e+001 1.29851614e+001 3.99505271e+000 3.10058654e+001 1.09966446e+001 1.00297942e+003 9.97987957e+002 4.99926127e+000 2.00222049e+000 2.70023826e+001 0.00000000e+000 0.00000000e+000 0.00000000e+000 1.00000000e+000
 1.00000000e+000 4.69996804e+001 3.19984260e+001 1.40002867e+001 6.99722406e+000 2.90016372e+001 8.99866618e+000 1.00098802e+003 9.95990194e+002 3.99940846e+000 2.00063627e+000 3.39970715e+001 0.00000000e+000 0.00000000e+000 0.00000000e+000 1.00000000e+000
 1.00000000e+000 4.70012485e+001 3.59983109e+001 1.90010336e+001 8.99728249e+000 3.10014894e+001 1.09997320e+001 9.99990259e+002 9.93990016e+002 4.00058347e+000 2.00012501e+000 2.89965233e+001 0.00000000e+000 0.00000000e+000 0.00000000e+000 1.00000000e+000
 1.00000000e+000 4.40134055e+001 3.20092932e+001 2.40099862e+001 1.50014030e+001 4.39990731e+001 2.39968893e+001 9.98012375e+002 9.92992543e+002 2.99231257e+000 1.01173930e+000 2.60093081e+001 0.00000000e+000 0.00000000e+000 0.00000000e+000 1.00000000e+000
 1.00000000e+000 4.40069667e+001 3.50005200e+001 2.20007616e+001 1.29964341e+001 4.70009329e+001 1.59982104e+001 9.96993028e+002 9.92983376e+002 2.01731145e+000 1.00316406e+000 2.69938509e+001 0.00000000e+000 0.00000000e+000 0.00000000e+000 1.00000000e+000
 1.00000000e+000 4.40125288e+001 3.19869583e+001 2.20006926e+001 1.50080141e+001 5.20078387e+001 2.00063020e+001 9.97002329e+002 9.92998304e+002 3.00886874e+000 9.99515411e-001 3.19948343e+001 1.00000000e+000 0.00000000e+000 0.00000000e+000 0.00000000e+000
 1.00000000e+000 3.99996729e+001 3.10013636e+001 2.29981600e+001 1.99989187e+001 6.20004254e+001 3.49980271e+001 9.99986527e+002 9.96989301e+002 3.99947404e+000 3.00028361e+000 2.89981691e+001 0.00000000e+000 0.00000000e+000 0.00000000e+000 1.00000000e+000
 1.00000000e+000 4.40000812e+001 3.00000124e+001 2.29980234e+001 1.49972594e+001 6.20010166e+001 1.99990896e+001 1.00798716e+003 9.94989348e+002 3.99963399e+000 1.00055120e+000 3.39976572e+001 0.00000000e+000 0.00000000e+000 0.00000000e+000 1.00000000e+000
 1.00000000e+000 4.50017661e+001 3.39944599e+001 2.49977444e+001 9.99405534e+000 5.90008939e+001 1.40006871e+001 9.98991830e+002 9.93986241e+002 3.00245002e+000 1.00166319e+000 3.69927775e+001 0.00000000e+000 0.00000000e+000 0.00000000e+000 1.00000000e+000
 1.00000000e+000 4.39983813e+001 2.90015111e+001 2.29993482e+001 1.09952836e+001 6.19985107e+001 1.40006236e+001 9.98978219e+002 9.93989104e+002 2.99697105e+000 9.99564575e-001 2.70035251e+001 0.00000000e+000 0.00000000e+000 0.00000000e+000 1.00000000e+000
 1.00000000e+000 4.49947065e+001 3.50009473e+001 1.99999765e+001 1.09968853e+001 3.50105835e+001 1.29964759e+001 9.99984902e+002 9.94989558e+002 3.99947520e+000 1.00123914e+000 2.70026248e+001 1.00000000e+000 0.00000000e+000 0.00000000e+000 0.00000000e+000
 1.00000000e+000 4.30088060e+001 3.39935106e+001 2.10143509e+001 1.39931015e+001 3.89867760e+001 1.80009764e+001 9.99999468e+002 9.95988827e+002 4.00159876e+000 1.99679778e+000 2.69864556e+001 0.00000000e+000 0.00000000e+000 0.00000000e+000 1.00000000e+000
 1.00000000e+000 4.50000690e+001 3.09961083e+001 1.90032671e+001 6.99964429e+000 4.89990496e+001 9.99984832e+000 1.00099694e+003 9.95992020e+002 4.00084784e+000 1.99860818e+000 1.89954310e+001 0.00000000e+000 0.00000000e+000 0.00000000e+000 1.00000000e+000
 1.00000000e+000 4.50030027e+001 3.20031757e+001 2.30024630e+001 1.29887219e+001 5.89943856e+001 1.89991891e+001 1.00099791e+003 9.93989139e+002 3.00060993e+000 1.99836833e+000 1.89900142e+001 0.00000000e+000 0.00000000e+000 0.00000000e+000 1.00000000e+000
 1.00000000e+000 4.40007027e+001 3.19981257e+001 2.40007628e+001 1.49970600e+001 6.19983524e+001 1.80012749e+001 9.98994363e+002 9.93991295e+002 3.99911826e+000 1.99910433e+000 2.29970608e+001 0.00000000e+000 0.00000000e+000 0.00000000e+000 1.00000000e+000
 1.00000000e+000 3.99999192e+001 3.00029069e+001 2.40001758e+001 1.90018573e+001 5.89989598e+001 3.29980270e+001 1.00098974e+003 9.96986092e+002 3.99939845e+000 1.00051815e+000 3.39907308e+001 0.00000000e+000 0.00000000e+000 0.00000000e+000 1.00000000e+000
 1.00000000e+000 3.60039671e+001 2.60046618e+001 2.49996258e+001 1.89951529e+001 7.89984380e+001 4.10029001e+001 1.00199227e+003 9.98987225e+002 5.00232635e+000 2.99772136e+000 2.59947031e+001 0.00000000e+000 0.00000000e+000 0.00000000e+000 1.00000000e+000
 1.00000000e+000 3.70025080e+001 2.59929097e+001 2.50064922e+001 2.19963967e+001 9.39897108e+001 4.40029331e+001 1.00098349e+003 9.94987262e+002 3.00228589e+000 9.96227681e-001 3.70047789e+001 0.00000000e+000 0.00000000e+000 0.00000000e+000 1.00000000e+000
 1.00000000e+000 3.39970921e+001 2.40043639e+001 2.69912421e+001 1.69979104e+001 1.00003796e+002 4.79971020e+001 9.97980691e+002 9.93987166e+002 3.99644123e+000 1.00136016e+000 2.30022329e+001 1.00000000e+000 0.00000000e+000 0.00000000e+000 0.00000000e+000
 1.00000000e+000 3.59979001e+001 2.90004532e+001 2.69943880e+001 1.69980360e+001 8.90009965e+001 4.59968653e+001 9.96984359e+002 9.93985947e+002 3.99979620e+000 2.00066663e+000 2.30028630e+001 1.00000000e+000 0.00000000e+000 0.00000000e+000 0.00000000e+000
 1.00000000e+000 3.79995823e+001 2.90007327e+001 2.69896561e+001 2.30064263e+001 8.40113607e+001 4.40045012e+001 9.97977751e+002 9.92990993e+002 3.99893511e+000 1.00036511e+000 1.90055918e+001 0.00000000e+000 0.00000000e+000 0.00000000e+000 1.00000000e+000
 1.00000000e+000 3.30040009e+001 2.80018692e+001 2.59991953e+001 2.39976112e+001 8.89994933e+001 5.90049495e+001 9.99995018e+002 9.96977173e+002 4.00111457e+000 1.99034541e+000 2.09980291e+001 0.00000000e+000 0.00000000e+000 0.00000000e+000 1.00000000e+000
 1.00000000e+000 3.89976624e+001 2.80001266e+001 2.69930980e+001 2.19965413e+001 8.40028426e+001 3.89963115e+001 9.99977196e+002 9.95984715e+002 3.99983250e+000 2.00458284e+000 2.29992326e+001 0.00000000e+000 0.00000000e+000 0.00000000e+000 1.00000000e+000
 1.00000000e+000 3.50074300e+001 2.69955331e+001 2.60035848e+001 2.39983406e+001 8.39964114e+001 5.29982649e+001 1.00099527e+003 9.94990300e+002 5.00080438e+000 1.99881492e+000 1.89926596e+001 0.00000000e+000 1.00000000e+000 0.00000000e+000 0.00000000e+000
 1.00000000e+000 3.99941220e+001 3.00086596e+001 2.59898985e+001 2.19941232e+001 7.90038738e+001 3.49925139e+001 9.98973157e+002 9.94981727e+002 3.99014049e+000 2.00151144e+000 2.90017093e+001 0.00000000e+000 0.00000000e+000 0.00000000e+000 1.00000000e+000
 1.00000000e+000 3.70016561e+001 2.99993051e+001 2.89980958e+001 2.19988514e+001 8.40010724e+001 4.69936848e+001 9.99980779e+002 9.95989869e+002 3.00157969e+000 2.00416926e+000 2.59972472e+001 0.00000000e+000 0.00000000e+000 0.00000000e+000 1.00000000e+000
 1.00000000e+000 4.00061491e+001 2.89941997e+001 2.59983388e+001 2.09989265e+001 8.40019018e+001 4.00045788e+001 9.99988243e+002 9.94985048e+002 2.99592102e+000 1.99687060e+000 1.39883204e+001 1.00000000e+000 0.00000000e+000 0.00000000e+000 0.00000000e+000
 1.00000000e+000 4.00015964e+001 2.80104407e+001 2.49877916e+001 2.19887220e+001 7.40063112e+001 3.50048914e+001 9.96991357e+002 9.93978296e+002 4.00164905e+000 1.99748085e+000 2.60019528e+001 0.00000000e+000 0.00000000e+000 0.00000000e+000 1.00000000e+000
 1.00000000e+000 3.79960020e+001 3.00061039e+001 2.60018969e+001 2.29979950e+001 7.39929502e+001 4.19970882e+001 9.97988396e+002 9.92995251e+002 2.99221716e+000 1.99291313e+000 2.59961564e+001 0.00000000e+000 0.00000000e+000 0.00000000e+000 1.00000000e+000
 1.00000000e+000 3.90052750e+001 2.99962348e+001 2.80026433e+001 7.99867209e+000 7.89965861e+001 1.70007092e+001 1.00099404e+003 9.95990165e+002 4.00190858e+000 2.99935268e+000 2.29940361e+001 0.00000000e+000 0.00000000e+000 0.00000000e+000 1.00000000e+000
 1.00000000e+000 3.80045267e+001 2.99983984e+001 2.70003882e+001 2.29987012e+001 6.70002755e+001 4.39976816e+001 1.00498766e+003 9.99988497e+002 5.00143634e+000 3.00024208e+000 1.89955630e+001 0.00000000e+000 0.00000000e+000 0.00000000e+000 1.00000000e+000
 1.00000000e+000 3.99990957e+001 3.10021749e+001 2.59926829e+001 2.29940265e+001 7.50004928e+001 3.79972603e+001 1.00498078e+003 9.98985386e+002 4.99993641e+000 3.00290715e+000 1.89991153e+001 0.00000000e+000 0.00000000e+000 0.00000000e+000 1.00000000e+000
 1.00000000e+000 4.00175873e+001 2.99874855e+001 2.80090789e+001 2.29952583e+001 8.39818782e+001 4.00101968e+001 1.00100546e+003 9.95000399e+002 5.01081465e+000 1.99466718e+000 2.89810219e+001 0.00000000e+000 0.00000000e+000 0.00000000e+000 1.00000000e+000
 1.00000000e+000 3.30003385e+001 2.39984422e+001 2.69968543e+001 2.09993140e+001 9.99996252e+001 6.19969446e+001 1.00498489e+003 1.00098892e+003 4.99623356e+000 1.00077012e+000 2.69980587e+001 0.00000000e+000 1.00000000e+000 0.00000000e+000 0.00000000e+000
 1.00000000e+000 3.20002853e+001 2.60008118e+001 2.69966020e+001 2.49970061e+001 9.40008483e+001 6.59981867e+001 1.00498181e+003 1.00198557e+003 4.99952528e+000 2.99919577e+000 2.60014067e+001 1.00000000e+000 0.00000000e+000 0.00000000e+000 0.00000000e+000
 1.00000000e+000 3.69779786e+001 2.70276417e+001 2.70022732e+001 2.39944113e+001 9.39784730e+001 5.29966100e+001 1.00395959e+003 9.98958408e+002 3.98079484e+000 2.00432138e+000 1.39863031e+001 1.00000000e+000 0.00000000e+000 0.00000000e+000 0.00000000e+000
 1.00000000e+000 3.59956048e+001 2.90060738e+001 2.69945237e+001 2.39945245e+001 8.89996249e+001 5.29941201e+001 1.00097854e+003 9.95983264e+002 5.99359577e+000 1.00152689e+000 1.89982044e+001 1.00000000e+000 0.00000000e+000 0.00000000e+000 0.00000000e+000
 1.00000000e+000 3.70083331e+001 2.49886826e+001 2.69669970e+001 2.40348436e+001 9.40101578e+001 4.99942935e+001 1.00097347e+003 9.97008749e+002 4.99541705e+000 1.01838142e+000 2.29850183e+001 0.00000000e+000 0.00000000e+000 0.00000000e+000 1.00000000e+000
 1.00000000e+000 2.90024567e+001 2.59975608e+001 2.59973704e+001 2.39915429e+001 9.40029973e+001 7.89942635e+001 1.00098666e+003 9.98986079e+002 3.98865185e+000 9.93729127e-001 2.60000098e+001 1.00000000e+000 0.00000000e+000 0.00000000e+000 0.00000000e+000
 1.00000000e+000 2.90095136e+001 2.39938760e+001 2.70045383e+001 1.99933148e+000 9.39951991e+001 1.80014338e+001 9.99998504e+002 9.93991660e+002 3.00311800e+000 9.99297792e-001 2.69911257e+001 1.00000000e+000 0.00000000e+000 0.00000000e+000 0.00000000e+000
 1.00000000e+000 2.80159256e+001 2.49942168e+001 2.60028348e+001 2.29975577e+001 9.99944617e+001 7.89947502e+001 1.00100070e+003 9.96004555e+002 3.00186563e+000 1.00871584e+000 1.89814617e+001 0.00000000e+000 1.00000000e+000 0.00000000e+000 0.00000000e+000
 1.00000000e+000 3.20029823e+001 2.69972795e+001 2.70037831e+001 2.40000000e+001 9.39962800e+001 6.60005017e+001 1.00097881e+003 9.98001617e+002 3.99625412e+000 2.00058974e+000 2.89951407e+001 0.00000000e+000 1.00000000e+000 0.00000000e+000 0.00000000e+000
 1.00000000e+000 3.40041964e+001 2.69955192e+001 2.69980456e+001 2.49955035e+001 9.39989264e+001 5.89931252e+001 1.00099586e+003 9.96986682e+002 4.00422020e+000 1.00120386e+000 2.29968489e+001 0.00000000e+000 1.00000000e+000 0.00000000e+000 0.00000000e+000
 1.00000000e+000 3.19977464e+001 2.80081510e+001 2.69993794e+001 1.99311587e+000 8.89943015e+001 1.79946166e+001 1.00298193e+003 9.99994031e+002 5.00081236e+000 2.00158066e+000 2.60038449e+001 0.00000000e+000 0.00000000e+000 0.00000000e+000 1.00000000e+000
 1.00000000e+000 3.40089528e+001 2.79946949e+001 2.80049266e+001 2.49933725e+001 8.90023895e+001 6.29984439e+001 1.00399849e+003 9.99989014e+002 5.00216506e+000 2.99227454e+000 2.69894226e+001 0.00000000e+000 1.00000000e+000 0.00000000e+000 0.00000000e+000
 1.00000000e+000 3.40013440e+001 2.80002913e+001 2.89954854e+001 1.99763316e+000 9.40021974e+001 1.59992132e+001 1.00498261e+003 1.00198608e+003 3.99508623e+000 2.00074885e+000 2.29960038e+001 0.00000000e+000 1.00000000e+000 0.00000000e+000 0.00000000e+000
 1.00000000e+000 3.30085956e+001 2.59933651e+001 2.90037162e+001 2.49982864e+001 9.99950809e+001 7.49979538e+001 1.00799394e+003 1.00198946e+003 4.00070487e+000 9.99822726e-001 2.69909843e+001 1.00000000e+000 0.00000000e+000 0.00000000e+000 0.00000000e+000
 1.00000000e+000 3.50003133e+001 2.79997381e+001 2.79923253e+001 2.49940832e+001 9.40064811e+001 5.60019485e+001 1.00299025e+003 9.97986812e+002 4.99229376e+000 9.96149232e-001 1.89957178e+001 0.00000000e+000 1.00000000e+000 0.00000000e+000 0.00000000e+000
 1.00000000e+000 3.70045129e+001 2.79992455e+001 2.80003298e+001 2.39979075e+001 8.89991508e+001 5.59975895e+001 1.00198865e+003 9.96989217e+002 7.00070096e+000 3.00006512e+000 2.29944196e+001 0.00000000e+000 0.00000000e+000 0.00000000e+000 1.00000000e+000
 1.00000000e+000 2.99985109e+001 2.60013417e+001 2.69936260e+001 1.99547675e+000 1.00003708e+002 2.09999264e+001 1.00498207e+003 9.99983655e+002 3.99460091e+000 1.99983639e+000 1.59992686e+001 0.00000000e+000 1.00000000e+000 0.00000000e+000 0.00000000e+000
 1.00000000e+000 3.30106374e+001 2.79988533e+001 2.70037561e+001 2.49948070e+001 9.39996335e+001 6.60001911e+001 1.00199303e+003 9.97987649e+002 4.00422005e+000 1.99810594e+000 1.89887901e+001 1.00000000e+000 0.00000000e+000 0.00000000e+000 0.00000000e+000
 1.00000000e+000 3.49986744e+001 2.79771302e+001 2.79979894e+001 2.49930670e+001 8.89997187e+001 5.59981082e+001 1.00098322e+003 9.95958233e+002 4.01978885e+000 2.01091584e+000 1.40199519e+001 0.00000000e+000 1.00000000e+000 0.00000000e+000 0.00000000e+000
 1.00000000e+000 3.50070902e+001 2.60025893e+001 2.90093558e+001 2.49946948e+001 9.39943711e+001 5.59951855e+001 9.99993305e+002 9.94999688e+002 4.99753408e+000 2.00022798e+000 1.09843438e+001 0.00000000e+000 0.00000000e+000 0.00000000e+000 1.00000000e+000
 1.00000000e+000 3.70017792e+001 3.00020752e+001 2.79965057e+001 2.19990817e+001 8.90009385e+001 5.29981995e+001 9.97981842e+002 9.93983947e+002 3.99913725e+000 2.00050556e+000 1.39977725e+001 0.00000000e+000 1.00000000e+000 0.00000000e+000 0.00000000e+000
 1.00000000e+000 3.50063532e+001 2.79912926e+001 2.79947119e+001 2.49896932e+001 8.90056865e+001 5.90024233e+001 1.00198471e+003 9.96977837e+002 4.99425194e+000 3.00164964e+000 2.29991854e+001 0.00000000e+000 0.00000000e+000 0.00000000e+000 1.00000000e+000
 1.00000000e+000 3.50062714e+001 2.69914997e+001 2.69938682e+001 2.39927517e+001 9.40078412e+001 5.60014794e+001 1.00298698e+003 9.98985945e+002 7.99644567e+000 2.99891769e+000 2.69987573e+001 0.00000000e+000 0.00000000e+000 0.00000000e+000 1.00000000e+000
 1.00000000e+000 3.30056308e+001 2.79972131e+001 2.69985815e+001 2.00003523e+000 8.90045566e+001 1.70044533e+001 1.00298704e+003 9.99986319e+002 5.00066277e+000 2.99727315e+000 3.69966571e+001 1.00000000e+000 0.00000000e+000 0.00000000e+000 0.00000000e+000
 1.00000000e+000 3.30006045e+001 2.70015154e+001 2.69937084e+001 2.49917667e+001 9.40052881e+001 6.29953406e+001 1.00398493e+003 1.00098256e+003 4.99886348e+000 9.99330253e-001 2.70001367e+001 0.00000000e+000 0.00000000e+000 0.00000000e+000 1.00000000e+000
 1.00000000e+000 2.89976010e+001 2.60026366e+001 2.70129522e+001 1.99584234e+000 9.39982114e+001 1.89952497e+001 1.00198307e+003 9.97990343e+002 3.99968547e+000 1.98625102e+000 2.59977432e+001 1.00000000e+000 0.00000000e+000 0.00000000e+000 0.00000000e+000
 1.00000000e+000 3.10142496e+001 2.69979372e+001 2.60044955e+001 2.29962799e+001 8.39952589e+001 6.60025672e+001 1.00299031e+003 9.97989705e+002 6.00552863e+000 3.00137723e+000 2.59878129e+001 0.00000000e+000 1.00000000e+000 0.00000000e+000 0.00000000e+000
 1.00000000e+000 3.10150152e+001 2.70045934e+001 2.70041383e+001 2.40006711e+001 9.39973160e+001 7.39989947e+001 1.00400717e+003 1.00099336e+003 3.01019460e+000 1.99984540e+000 1.29858420e+001 0.00000000e+000 0.00000000e+000 0.00000000e+000 1.00000000e+000
 1.00000000e+000 2.80060416e+001 2.59917125e+001 2.59946440e+001 1.98909158e+000 1.00000361e+002 1.89985539e+001 1.00298150e+003 1.00097837e+003 2.99361892e+000 1.00212410e+000 2.69942918e+001 0.00000000e+000 1.00000000e+000 0.00000000e+000 0.00000000e+000
 1.00000000e+000 2.80083195e+001 2.59968613e+001 2.70016964e+001 1.99558294e+000 9.99976855e+001 2.00018690e+001 1.00399028e+003 1.00098549e+003 4.00006816e+000 9.99361625e-001 2.29919160e+001 0.00000000e+000 1.00000000e+000 0.00000000e+000 0.00000000e+000
 1.00000000e+000 3.19999695e+001 2.60167676e+001 2.79990649e+001 1.98984685e+000 9.40062394e+001 1.99810914e+001 1.00597225e+003 1.00197565e+003 4.99147705e+000 2.00588259e+000 1.09945835e+001 0.00000000e+000 1.00000000e+000 0.00000000e+000 0.00000000e+000
 1.00000000e+000 3.50027692e+001 2.79983179e+001 2.89989079e+001 1.69955941e+001 9.40016811e+001 4.79993055e+001 1.00598528e+003 9.99984935e+002 3.99847440e+000 9.98120251e-001 1.89937181e+001 0.00000000e+000 1.00000000e+000 0.00000000e+000 0.00000000e+000
 1.00000000e+000 3.40100917e+001 2.89949872e+001 2.80055912e+001 2.49948363e+001 8.90011482e+001 6.30002544e+001 1.00299678e+003 9.99989563e+002 2.99653190e+000 9.96758079e-001 1.39881283e+001 0.00000000e+000 0.00000000e+000 1.00000000e+000 0.00000000e+000
 1.00000000e+000 3.60107999e+001 2.89991842e+001 2.80030350e+001 2.49992202e+001 9.39969142e+001 5.59962835e+001 1.00298559e+003 9.98990943e+002 4.00524037e+000 2.67193484e-003 1.89884437e+001 0.00000000e+000 0.00000000e+000 0.00000000e+000 1.00000000e+000
 1.00000000e+000 3.60134463e+001 2.99929358e+001 2.80032039e+001 2.29955594e+001 8.89971320e+001 6.00009199e+001 1.00199406e+003 9.98987517e+002 5.00027382e+000 1.00086031e+000 2.29861983e+001 0.00000000e+000 0.00000000e+000 1.00000000e+000 0.00000000e+000
 1.00000000e+000 3.59965673e+001 2.70000996e+001 2.79961183e+001 2.39976483e+001 9.40056252e+001 6.00047490e+001 1.00197610e+003 9.95986023e+002 4.99883138e+000 1.99808034e+000 2.30097991e+001 0.00000000e+000 0.00000000e+000 0.00000000e+000 1.00000000e+000
 1.00000000e+000 3.20016101e+001 2.39911325e+001 2.69936667e+001 2.30027678e+001 9.99977862e+001 5.89919896e+001 1.00297703e+003 9.98977573e+002 4.99747277e+000 3.00202084e+000 2.40044081e+001 1.00000000e+000 0.00000000e+000 0.00000000e+000 0.00000000e+000
 1.00000000e+000 3.50098889e+001 2.69963377e+001 2.80025937e+001 2.39898308e+001 9.99978813e+001 5.89970954e+001 1.00399181e+003 9.99991267e+002 5.00180907e+000 2.99927553e+000 2.29936266e+001 0.00000000e+000 1.00000000e+000 0.00000000e+000 0.00000000e+000
 1.00000000e+000 3.50132247e+001 2.69951621e+001 2.80077860e+001 2.40084955e+001 8.89932339e+001 5.89893859e+001 1.00400018e+003 9.99983534e+002 6.00971607e+000 3.00391116e+000 2.59767330e+001 0.00000000e+000 1.00000000e+000 0.00000000e+000 0.00000000e+000
 1.00000000e+000 3.50135358e+001 2.60139607e+001 2.69916959e+001 2.30067717e+001 9.40042523e+001 5.89978096e+001 1.00397709e+003 9.99984516e+002 5.00228638e+000 2.00883365e+000 1.90000248e+001 0.00000000e+000 0.00000000e+000 0.00000000e+000 1.00000000e+000
 1.00000000e+000 3.19994036e+001 2.60017523e+001 2.69972087e+001 2.39990124e+001 9.39996217e+001 6.59967651e+001 1.00298401e+003 9.99984127e+002 4.00157647e+000 1.00144781e+000 1.39957883e+001 0.00000000e+000 1.00000000e+000 0.00000000e+000 0.00000000e+000
 1.00000000e+000 2.89990748e+001 2.59949879e+001 2.70023299e+001 2.29942570e+001 9.99921265e+001 7.90007084e+001 1.00297671e+003 9.99980809e+002 3.99637209e+000 9.95383994e-001 1.90066903e+001 0.00000000e+000 1.00000000e+000 0.00000000e+000 0.00000000e+000
 1.00000000e+000 3.30030937e+001 2.70050712e+001 2.69903813e+001 2.29888263e+001 1.00008926e+002 6.19954761e+001 1.00397649e+003 1.00198217e+003 4.00061311e+000 1.00274231e+000 1.89985955e+001 0.00000000e+000 1.00000000e+000 0.00000000e+000 0.00000000e+000
 1.00000000e+000 3.40059306e+001 2.69971992e+001 2.90003419e+001 2.59953474e+001 1.00000457e+002 6.29990766e+001 1.00398824e+003 9.99986229e+002 4.99915843e+000 9.99578353e-001 1.39927342e+001 1.00000000e+000 0.00000000e+000 0.00000000e+000 0.00000000e+000
 1.00000000e+000 3.40031514e+001 2.89995026e+001 2.79992817e+001 2.39932576e+001 9.40003469e+001 5.89973059e+001 1.00198606e+003 9.97985633e+002 4.99824489e+000 3.99928742e+000 2.29930662e+001 1.00000000e+000 0.00000000e+000 0.00000000e+000 0.00000000e+000
 1.00000000e+000 3.30206071e+001 2.79952675e+001 2.60140249e+001 2.29908044e+001 8.39926292e+001 5.90128122e+001 1.00199748e+003 9.97980880e+002 5.02217398e+000 2.99243762e+000 1.39881334e+001 0.00000000e+000 0.00000000e+000 0.00000000e+000 1.00000000e+000
 1.00000000e+000 3.49938200e+001 2.80028020e+001 2.59850086e+001 2.29947002e+001 8.90068045e+001 4.89958046e+001 1.00096928e+003 9.97979459e+002 5.98893576e+000 3.00511935e+000 1.10043726e+001 0.00000000e+000 0.00000000e+000 0.00000000e+000 1.00000000e+000
 1.00000000e+000 3.40368102e+001 2.79950371e+001 2.70234462e+001 2.29928405e+001 9.39964020e+001 5.90248756e+001 1.00300621e+003 9.99982056e+002 5.02882765e+000 2.98919646e+000 5.99669639e+001 0.00000000e+000 0.00000000e+000 0.00000000e+000 1.00000000e+000
 1.00000000e+000 3.50025840e+001 2.80011869e+001 2.69942655e+001 2.39937068e+001 8.40062852e+001 5.29980586e+001 1.00398459e+003 9.99984858e+002 3.99627019e+000 2.00076562e+000 1.29939709e+001 0.00000000e+000 0.00000000e+000 0.00000000e+000 1.00000000e+000
 1.00000000e+000 3.50073418e+001 2.90013989e+001 2.80070842e+001 2.50075540e+001 8.89945310e+001 5.90030595e+001 1.00598599e+003 1.00200563e+003 5.00614270e+000 9.98879583e-001 2.59946503e+001 0.00000000e+000 1.00000000e+000 0.00000000e+000 0.00000000e+000
 1.00000000e+000 3.30265040e+001 2.79899914e+001 2.69998798e+001 2.39808950e+001 9.39980790e+001 5.90106375e+001 1.00500807e+003 9.98975425e+002 6.00934371e+000 2.98789703e+000 2.59861731e+001 0.00000000e+000 0.00000000e+000 0.00000000e+000 1.00000000e+000
 1.00000000e+000 3.29752822e+001 2.69960772e+001 2.69621907e+001 2.49809748e+001 9.40032650e+001 6.29727774e+001 1.00292556e+003 9.98965438e+002 4.99821556e+000 3.02571739e+000 2.30001711e+001 0.00000000e+000 0.00000000e+000 0.00000000e+000 1.00000000e+000
 1.00000000e+000 3.30049304e+001 2.69871307e+001 2.69828793e+001 2.49525988e+001 9.40071593e+001 6.29771469e+001 1.00395599e+003 9.97934316e+002 4.97415932e+000 3.00302404e+000 1.89970258e+001 0.00000000e+000 1.00000000e+000 0.00000000e+000 0.00000000e+000
 1.00000000e+000 3.40029823e+001 2.70007577e+001 2.69945597e+001 1.59951569e+001 9.40041101e+001 4.79987691e+001 1.00298257e+003 9.99980711e+002 5.99743785e+000 3.00172758e+000 1.29965972e+001 0.00000000e+000 0.00000000e+000 0.00000000e+000 1.00000000e+000
 1.00000000e+000 3.29980624e+001 2.80020360e+001 2.69938187e+001 2.49954686e+001 9.40000916e+001 6.29961818e+001 1.00397861e+003 9.99983792e+002 5.99151366e+000 2.00305770e+000 1.29979493e+001 0.00000000e+000 1.00000000e+000 0.00000000e+000 0.00000000e+000
 1.00000000e+000 3.40027591e+001 2.70003411e+001 2.79933805e+001 2.49972043e+001 9.40069637e+001 6.29969365e+001 1.00498537e+003 1.00098628e+003 4.99877627e+000 3.00144598e+000 1.39972055e+001 0.00000000e+000 0.00000000e+000 0.00000000e+000 1.00000000e+000
 1.00000000e+000 3.50142757e+001 2.70097576e+001 2.70028029e+001 2.39857951e+001 9.40061169e+001 5.59938008e+001 1.00500434e+003 9.99975710e+002 5.01413073e+000 2.97555532e+000 1.40047848e+001 0.00000000e+000 0.00000000e+000 0.00000000e+000 1.00000000e+000
 1.00000000e+000 3.40048947e+001 2.69985256e+001 2.80021256e+001 1.99645935e+000 9.99991380e+001 1.80034438e+001 1.00399058e+003 9.98985831e+002 4.99849866e+000 9.97799793e-001 1.89925656e+001 0.00000000e+000 0.00000000e+000 0.00000000e+000 1.00000000e+000
 1.00000000e+000 3.40161753e+001 2.69865120e+001 2.70082193e+001 2.39973515e+001 9.39955626e+001 6.30018624e+001 1.00400134e+003 9.98990373e+002 5.00738025e+000 2.99830865e+000 2.29897149e+001 0.00000000e+000 1.00000000e+000 0.00000000e+000 0.00000000e+000
 1.00000000e+000 3.20025155e+001 2.69975238e+001 2.59987193e+001 2.39943581e+001 8.40014837e+001 6.59987123e+001 1.00698489e+003 9.99987898e+002 5.00104625e+000 2.99904193e+000 1.81986913e+002 0.00000000e+000 1.00000000e+000 0.00000000e+000 0.00000000e+000
 1.00000000e+000 3.40087175e+001 2.79905071e+001 2.70015581e+001 2.29915847e+001 8.40026387e+001 5.90052360e+001 1.00499416e+003 1.00098773e+003 3.99817103e+000 2.99635461e+000 1.59898317e+001 0.00000000e+000 0.00000000e+000 0.00000000e+000 1.00000000e+000
 1.00000000e+000 3.10123691e+001 2.49914906e+001 2.70038264e+001 2.29940597e+001 9.99984750e+001 6.99999021e+001 1.00599348e+003 1.00198348e+003 5.00170904e+000 9.98476870e-001 1.39895133e+001 0.00000000e+000 1.00000000e+000 0.00000000e+000 0.00000000e+000
 1.00000000e+000 3.40132408e+001 2.69883027e+001 2.60172248e+001 2.29954963e+001 9.39874121e+001 5.50170352e+001 1.00496897e+003 1.00098317e+003 3.99387679e+000 9.90995166e-001 2.29939292e+001 1.00000000e+000 0.00000000e+000 0.00000000e+000 0.00000000e+000
 1.00000000e+000 3.30085582e+001 2.59978614e+001 2.60026158e+001 2.19962580e+001 9.39993120e+001 5.90011248e+001 1.00598812e+003 1.00198522e+003 5.00288639e+000 1.99990674e+000 2.39906679e+001 1.00000000e+000 0.00000000e+000 0.00000000e+000 0.00000000e+000
 1.00000000e+000 2.80086967e+001 2.50148034e+001 2.50018310e+001 2.29881176e+001 9.40077496e+001 7.90023063e+001 1.00599111e+003 1.00197469e+003 3.99865535e+000 2.98869193e+000 1.29985631e+001 0.00000000e+000 1.00000000e+000 0.00000000e+000 0.00000000e+000
 1.00000000e+000 3.39985896e+001 2.60074595e+001 2.59998976e+001 2.30036357e+001 9.40060951e+001 5.20009285e+001 1.00499595e+003 1.00098866e+003 4.98567317e+000 1.98867149e+000 1.59982762e+001 0.00000000e+000 1.00000000e+000 0.00000000e+000 0.00000000e+000
 1.00000000e+000 3.29955193e+001 2.80085913e+001 2.69888840e+001 2.29902102e+001 8.90085339e+001 5.49967045e+001 1.00596993e+003 1.00198048e+003 4.99276162e+000 2.00148034e+000 1.40029208e+001 0.00000000e+000 0.00000000e+000 0.00000000e+000 1.00000000e+000
 1.00000000e+000 3.19999469e+001 2.70022512e+001 2.49946355e+001 2.29960708e+001 8.40047140e+001 6.19910990e+001 1.00498401e+003 1.00197851e+003 3.99241912e+000 3.00229759e+000 1.59894373e+001 0.00000000e+000 0.00000000e+000 0.00000000e+000 1.00000000e+000
 1.00000000e+000 2.80074824e+001 2.49987569e+001 2.60006994e+001 2.29968457e+001 9.39982571e+001 7.39958877e+001 1.00599471e+003 1.00198430e+003 3.00491130e+000 1.00002304e+000 1.89919231e+001 0.00000000e+000 1.00000000e+000 0.00000000e+000 0.00000000e+000
 1.00000000e+000 3.00103256e+001 2.60099964e+001 2.50005271e+001 2.29954350e+001 9.40053085e+001 6.99929336e+001 1.01197477e+003 1.00099698e+003 4.00876096e+000 1.00693672e+000 1.39941745e+001 0.00000000e+000 1.00000000e+000 0.00000000e+000 0.00000000e+000
 1.00000000e+000 3.50099295e+001 2.59987689e+001 2.60037953e+001 2.29935950e+001 9.40004140e+001 5.19992971e+001 1.00599587e+003 1.00198666e+003 5.00431967e+000 1.99675151e+000 1.39920628e+001 0.00000000e+000 0.00000000e+000 0.00000000e+000 1.00000000e+000
 1.00000000e+000 3.30066900e+001 2.59993984e+001 2.69996110e+001 2.29935240e+001 9.40014109e+001 6.29985778e+001 1.01298617e+003 1.00298489e+003 3.99984046e+000 2.00018523e+000 9.99294976e+000 0.00000000e+000 0.00000000e+000 0.00000000e+000 1.00000000e+000
 1.00000000e+000 3.10056504e+001 2.69917798e+001 2.69948332e+001 2.29885510e+001 9.40064218e+001 6.99986598e+001 1.00598770e+003 1.00198185e+003 3.99542048e+000 9.98382921e-001 2.29949068e+001 0.00000000e+000 1.00000000e+000 0.00000000e+000 0.00000000e+000
 1.00000000e+000 3.09876144e+001 2.60137156e+001 2.49933444e+001 2.29827816e+001 9.39947363e+001 6.19893813e+001 1.00697625e+003 1.00396148e+003 4.98717606e+000 1.99917790e+000 1.89860967e+001 0.00000000e+000 0.00000000e+000 0.00000000e+000 1.00000000e+000
 1.00000000e+000 3.20117786e+001 2.59984084e+001 2.60013634e+001 2.19951316e+001 9.40001680e+001 5.89992533e+001 1.00699153e+003 1.00398431e+003 8.00008032e+000 2.00129115e+000 1.59888941e+001 0.00000000e+000 0.00000000e+000 0.00000000e+000 1.00000000e+000
 1.00000000e+000 3.30084352e+001 2.49946027e+001 2.59988408e+001 2.29910582e+001 9.40013438e+001 5.49998835e+001 1.00898823e+003 1.00598625e+003 5.00096114e+000 3.00152269e+000 1.29928043e+001 0.00000000e+000 0.00000000e+000 0.00000000e+000 1.00000000e+000
 1.00000000e+000 3.49989755e+001 2.60018830e+001 2.59835632e+001 2.29873273e+001 9.40185765e+001 4.90023403e+001 1.00897465e+003 1.00497622e+003 4.99035260e+000 2.99836899e+000 1.00032193e+001 0.00000000e+000 0.00000000e+000 0.00000000e+000 1.00000000e+000
 1.00000000e+000 3.70032905e+001 2.79996368e+001 2.59960760e+001 2.19968478e+001 8.40060245e+001 4.40015180e+001 1.00898292e+003 1.00398440e+003 5.00095269e+000 3.00004240e+000 1.29990948e+001 0.00000000e+000 0.00000000e+000 0.00000000e+000 1.00000000e+000
 1.00000000e+000 3.60043586e+001 2.90119733e+001 2.59876017e+001 2.19985181e+001 7.90074032e+001 4.39864149e+001 1.00996129e+003 1.00197437e+003 4.99953067e+000 3.00841412e+000 1.39911582e+001 0.00000000e+000 0.00000000e+000 0.00000000e+000 1.00000000e+000
 1.00000000e+000 3.70025906e+001 2.70019914e+001 2.69999508e+001 1.89945496e+001 8.90061107e+001 3.49995905e+001 1.00798530e+003 1.00298567e+003 4.99562918e+000 1.99857944e+000 1.89940703e+001 0.00000000e+000 0.00000000e+000 0.00000000e+000 1.00000000e+000
 1.00000000e+000 3.20047659e+001 2.59992224e+001 2.49996928e+001 2.29953721e+001 9.40006622e+001 6.59987511e+001 1.00798646e+003 1.00398699e+003 4.99826094e+000 3.00028334e+000 2.39935920e+001 0.00000000e+000 0.00000000e+000 0.00000000e+000 1.00000000e+000
 1.00000000e+000 3.30081939e+001 2.49954617e+001 2.50016597e+001 2.19945859e+001 9.39993525e+001 5.49998583e+001 1.00899220e+003 1.00498803e+003 5.00034684e+000 3.00029040e+000 2.29917838e+001 0.00000000e+000 0.00000000e+000 0.00000000e+000 1.00000000e+000
 1.00000000e+000 2.89983275e+001 2.50021242e+001 2.30028131e+001 2.19895240e+001 8.89939834e+001 6.59988798e+001 1.01197035e+003 1.00797951e+003 4.99623740e+000 1.99713905e+000 2.30052224e+001 0.00000000e+000 0.00000000e+000 0.00000000e+000 1.00000000e+000
 1.00000000e+000 3.20064392e+001 2.49999624e+001 2.39994830e+001 2.29939694e+001 8.90023442e+001 5.89993455e+001 1.01198653e+003 1.00698502e+003 3.99934472e+000 2.00046522e+000 1.09940238e+001 0.00000000e+000 0.00000000e+000 0.00000000e+000 1.00000000e+000
 1.00000000e+000 3.40123143e+001 2.49928871e+001 2.40058168e+001 1.89942127e+001 8.89979270e+001 4.10020132e+001 1.00999644e+003 1.00498722e+003 4.00279455e+000 9.98711519e-001 1.89883141e+001 0.00000000e+000 0.00000000e+000 0.00000000e+000 1.00000000e+000
 1.00000000e+000 3.39982385e+001 2.49926543e+001 2.30029170e+001 1.69815692e+001 8.89942555e+001 3.80104372e+001 1.00799370e+003 1.00398582e+003 4.01853865e+000 1.99244831e+000 1.59855035e+001 0.00000000e+000 0.00000000e+000 0.00000000e+000 1.00000000e+000
 1.00000000e+000 3.40090059e+001 2.39969342e+001 2.20027320e+001 1.59919123e+001 7.80011491e+001 3.60012689e+001 1.00899117e+003 1.00598849e+003 5.99980905e+000 2.99913312e+000 1.89918644e+001 0.00000000e+000 0.00000000e+000 0.00000000e+000 1.00000000e+000
 1.00000000e+000 3.50077757e+001 2.29991807e+001 2.00063909e+001 1.29841111e+001 7.79937175e+001 2.59970972e+001 1.00899596e+003 1.00498510e+003 6.01157716e+000 3.00079786e+000 2.39941102e+001 0.00000000e+000 0.00000000e+000 0.00000000e+000 1.00000000e+000
 1.00000000e+000 3.50165692e+001 2.09887544e+001 1.90080131e+001 7.98936661e+000 8.79973963e+001 1.90028959e+001 1.01100193e+003 1.00699694e+003 4.00480889e+000 2.99822892e+000 2.29921987e+001 0.00000000e+000 0.00000000e+000 0.00000000e+000 1.00000000e+000
 1.00000000e+000 3.39814163e+001 2.00130221e+001 1.69809795e+001 1.09873008e+001 7.30151970e+001 2.40034874e+001 1.01096026e+003 1.00797702e+003 3.99070601e+000 2.99923058e+000 1.72005159e+002 0.00000000e+000 0.00000000e+000 0.00000000e+000 1.00000000e+000
 1.00000000e+000 3.40074290e+001 2.10031462e+001 1.90001476e+001 1.39938358e+001 7.30040702e+001 2.99988623e+001 1.01298375e+003 1.00898407e+003 6.00399716e+000 3.00108049e+000 2.29946330e+001 0.00000000e+000 0.00000000e+000 0.00000000e+000 1.00000000e+000
 1.00000000e+000 3.49994633e+001 2.10059601e+001 1.89968844e+001 9.99247152e+000 8.30031382e+001 2.29989905e+001 1.01298171e+003 1.00797776e+003 4.99516135e+000 1.00072021e+000 1.59921503e+001 0.00000000e+000 0.00000000e+000 0.00000000e+000 1.00000000e+000
 1.00000000e+000 3.50077861e+001 1.99959746e+001 1.79899718e+001 1.19791067e+001 8.30147558e+001 2.60002416e+001 1.01197145e+003 1.00797230e+003 4.99064741e+000 1.99994739e+000 1.09975326e+001 0.00000000e+000 0.00000000e+000 0.00000000e+000 1.00000000e+000
 1.00000000e+000 3.29920031e+001 2.40009918e+001 1.99848330e+001 1.60007114e+001 6.90257586e+001 3.60111929e+001 1.01197079e+003 1.00898099e+003 4.98849806e+000 1.99660815e+000 1.10115351e+001 0.00000000e+000 0.00000000e+000 0.00000000e+000 1.00000000e+000
 1.00000000e+000 3.40046612e+001 2.29927328e+001 1.99963217e+001 1.49896859e+001 7.80067333e+001 3.20012526e+001 1.01198183e+003 1.00696589e+003 4.99707418e+000 1.99882621e+000 9.99417445e+000 0.00000000e+000 0.00000000e+000 0.00000000e+000 1.00000000e+000
 1.00000000e+000 3.40174422e+001 2.39921103e+001 2.00082663e+001 1.69962153e+001 7.29974711e+001 3.60027011e+001 1.01099873e+003 1.00598627e+003 4.00639338e+000 9.99168889e-001 1.29851854e+001 0.00000000e+000 0.00000000e+000 0.00000000e+000 1.00000000e+000
 1.00000000e+000 3.50273414e+001 2.39917751e+001 2.00143090e+001 1.49871422e+001 7.40012764e+001 3.00117561e+001 1.00900540e+003 1.00398488e+003 4.01529377e+000 9.94206676e-001 2.09818887e+001 0.00000000e+000 0.00000000e+000 0.00000000e+000 1.00000000e+000
 1.00000000e+000 3.50109940e+001 2.29949055e+001 2.10060314e+001 1.09914452e+001 7.30014178e+001 2.40049888e+001 1.00699512e+003 1.00399033e+003 4.99833589e+000 9.96969131e-001 1.89858074e+001 0.00000000e+000 0.00000000e+000 0.00000000e+000 1.00000000e+000
 1.00000000e+000 3.40237374e+001 2.19730435e+001 1.60087986e+001 1.10134988e+001 6.90068760e+001 2.60167941e+001 1.00899425e+003 1.00598839e+003 4.02756067e+000 1.99556651e+000 1.30087423e+001 0.00000000e+000 0.00000000e+000 0.00000000e+000 1.00000000e+000
 1.00000000e+000 3.50128521e+001 1.99995621e+001 1.70037643e+001 3.99252038e+000 7.29983043e+001 1.40004292e+001 1.01198729e+003 1.00897594e+003 5.00958102e+000 1.00233347e+000 2.29834642e+001 0.00000000e+000 0.00000000e+000 0.00000000e+000 1.00000000e+000
 1.00000000e+000 3.50126375e+001 1.79995839e+001 1.29971003e+001 5.99801788e+000 6.00075605e+001 1.69943118e+001 1.01398380e+003 1.01098406e+003 5.00661843e+000 3.00523309e+000 2.69888157e+001 0.00000000e+000 0.00000000e+000 0.00000000e+000 1.00000000e+000
 1.00000000e+000 3.40403954e+001 1.79526230e+001 1.50652328e+001 7.96910443e+000 6.79187366e+001 2.00352413e+001 1.01406587e+003 1.01099867e+003 5.05697264e+000 1.97140239e+000 2.70111561e+001 0.00000000e+000 0.00000000e+000 0.00000000e+000 1.00000000e+000
 1.00000000e+000 3.40057951e+001 1.99979287e+001 1.40023540e+001 7.99491473e+000 6.40022301e+001 2.00025594e+001 1.01499195e+003 1.01198593e+003 3.99988516e+000 9.99446383e-001 2.29927030e+001 0.00000000e+000 0.00000000e+000 0.00000000e+000 1.00000000e+000
 1.00000000e+000 3.30079997e+001 1.89993349e+001 1.59958036e+001 9.93173698e-001 7.80088310e+001 2.10045131e+001 1.01597839e+003 1.01197438e+003 5.00287646e+000 9.99611382e-001 1.09971510e+001 0.00000000e+000 0.00000000e+000 0.00000000e+000 1.00000000e+000
 1.00000000e+000 3.29894038e+001 1.99980646e+001 1.60029789e+001 1.20056902e+001 7.29981504e+001 2.89981336e+001 1.01498796e+003 1.01097681e+003 5.00286976e+000 9.98068975e-001 1.00062466e+001 0.00000000e+000 0.00000000e+000 0.00000000e+000 1.00000000e+000
 1.00000000e+000 3.20229846e+001 2.09945438e+001 1.70079714e+001 1.09937533e+001 6.89886390e+001 2.70055031e+001 1.01400660e+003 1.01098670e+003 4.01732416e+000 9.94954110e-001 1.09966679e+001 0.00000000e+000 0.00000000e+000 0.00000000e+000 1.00000000e+000
 1.00000000e+000 3.30138626e+001 1.89918126e+001 1.70105712e+001 6.99783929e+000 7.79993211e+001 2.00035206e+001 1.01400091e+003 1.01099035e+003 3.00440019e+000 9.97640049e-001 1.39887280e+001 0.00000000e+000 0.00000000e+000 0.00000000e+000 1.00000000e+000
 1.00000000e+000 3.40015237e+001 1.89989510e+001 1.59928673e+001 7.99163608e+000 6.90107052e+001 2.00006930e+001 1.01497334e+003 1.00998128e+003 3.99119305e+000 1.00091634e+000 2.29983511e+001 0.00000000e+000 0.00000000e+000 0.00000000e+000 1.00000000e+000
 1.00000000e+000 3.30017282e+001 1.89974874e+001 1.50015882e+001 9.99879197e+000 6.40074450e+001 2.60041769e+001 1.01398744e+003 1.00998686e+003 3.99682384e+000 9.97076866e-001 2.10016434e+001 0.00000000e+000 0.00000000e+000 0.00000000e+000 1.00000000e+000
 1.00000000e+000 3.30038058e+001 1.90006560e+001 1.39992705e+001 7.99440516e+000 6.80040662e+001 2.10011342e+001 1.01498590e+003 1.01098503e+003 2.99884503e+000 1.00010254e+000 1.89954270e+001 0.00000000e+000 0.00000000e+000 0.00000000e+000 1.00000000e+000
 1.00000000e+000 3.10075329e+001 1.99978875e+001 2.60007617e+001 1.19952893e+001 9.99993208e+001 3.30012460e+001 1.01598992e+003 1.01098657e+003 2.00062982e+000 9.99646700e-001 7.99367378e+000 0.00000000e+000 0.00000000e+000 0.00000000e+000 1.00000000e+000
 1.00000000e+000 3.20082656e+001 1.99959641e+001 2.09995124e+001 9.99188512e+000 7.80032155e+001 2.70062757e+001 1.01299039e+003 1.00898402e+003 3.99946298e+000 9.97610779e-001 1.09946346e+001 0.00000000e+000 0.00000000e+000 0.00000000e+000 1.00000000e+000
 1.00000000e+000 3.20127183e+001 1.89988785e+001 1.60009031e+001 9.99911235e+000 6.89996347e+001 2.69999177e+001 1.01300026e+003 1.00998811e+003 3.99671006e+000 1.30568705e-003 1.09754124e+001 0.00000000e+000 0.00000000e+000 0.00000000e+000 1.00000000e+000
 1.00000000e+000 3.20069214e+001 2.00016485e+001 1.79997054e+001 1.19933089e+001 7.30025916e+001 2.90035059e+001 1.01398875e+003 1.00998502e+003 5.00214272e+000 -1.00337756e-003 7.99513401e+000 0.00000000e+000 0.00000000e+000 0.00000000e+000 1.00000000e+000
 1.00000000e+000 3.09991801e+001 1.40043827e+001 1.79974355e+001 1.29877999e+001 9.99960442e+001 3.49884778e+001 1.01597921e+003 1.01198025e+003 3.99301302e+000 1.00327940e+000 9.99534424e+000 0.00000000e+000 0.00000000e+000 0.00000000e+000 1.00000000e+000
 1.00000000e+000 3.10051208e+001 1.89968443e+001 1.70026601e+001 1.39947038e+001 8.80004980e+001 3.50011977e+001 1.01899337e+003 1.01598683e+003 2.99847043e+000 -6.42544398e-004 9.99337317e+000 0.00000000e+000 0.00000000e+000 0.00000000e+000 1.00000000e+000
 1.00000000e+000 3.20080003e+001 1.89975100e+001 1.79943596e+001 1.09933437e+001 8.80045100e+001 2.69935534e+001 1.01899573e+003 1.01498893e+003 3.00903752e+000 1.00468800e+000 1.09957409e+001 0.00000000e+000 0.00000000e+000 0.00000000e+000 1.00000000e+000
 1.00000000e+000 3.20012288e+001 1.80027755e+001 1.59987260e+001 4.99787496e+000 7.80019860e+001 1.79981559e+001 1.01698627e+003 1.01198563e+003 4.00035730e+000 1.00184251e+000 1.29971044e+001 0.00000000e+000 0.00000000e+000 1.00000000e+000 0.00000000e+000
 1.00000000e+000 3.10010526e+001 1.80202409e+001 1.50029032e+001 9.01255095e+000 6.80089610e+001 2.50021356e+001 1.01497959e+003 1.01099977e+003 2.99063380e+000 1.00213874e+000 9.98271452e+000 0.00000000e+000 0.00000000e+000 0.00000000e+000 1.00000000e+000
 1.00000000e+000 3.19996765e+001 1.79993710e+001 1.59962203e+001 7.99795249e+000 7.30064945e+001 2.40008018e+001 1.01398803e+003 1.01098433e+003 2.99872505e+000 1.00030829e+000 1.10010616e+001 0.00000000e+000 0.00000000e+000 0.00000000e+000 1.00000000e+000
 1.00000000e+000 3.20094760e+001 1.59928842e+001 1.30039834e+001 3.99383380e+000 7.29996315e+001 1.70026353e+001 1.01699321e+003 1.01298899e+003 4.00296398e+000 9.97355211e-001 1.39971468e+001 0.00000000e+000 0.00000000e+000 0.00000000e+000 1.00000000e+000
 1.00000000e+000 3.20238074e+001 1.69723260e+001 1.30231869e+001 7.99162537e+000 6.39934938e+001 2.20135636e+001 1.01801240e+003 1.01399494e+003 3.00217699e+000 9.90831456e-001 1.39859971e+001 0.00000000e+000 0.00000000e+000 0.00000000e+000 1.00000000e+000
 1.00000000e+000 3.30091623e+001 1.69983407e+001 1.30010961e+001 5.99529346e+000 6.30056347e+001 2.10005748e+001 1.01599358e+003 1.01198999e+003 5.00098731e+000 1.00072533e+000 9.99290676e+000 0.00000000e+000 0.00000000e+000 0.00000000e+000 1.00000000e+000
 1.00000000e+000 3.30038175e+001 2.00042597e+001 1.39978444e+001 8.99406384e+000 6.40061185e+001 2.39996383e+001 1.01398142e+003 1.00998481e+003 3.99961337e+000 1.00107380e+000 1.39958633e+001 0.00000000e+000 0.00000000e+000 0.00000000e+000 1.00000000e+000
 1.00000000e+000 3.30115413e+001 1.89899458e+001 1.50056120e+001 6.00152998e+000 7.30048997e+001 1.80078943e+001 1.01299565e+003 1.00899056e+003 4.00265839e+000 9.97395925e-001 1.09927361e+001 0.00000000e+000 0.00000000e+000 0.00000000e+000 1.00000000e+000
 1.00000000e+000 3.29980772e+001 1.90049467e+001 1.49917400e+001 6.99395938e+000 6.80085223e+001 1.99983028e+001 1.01197904e+003 1.00798207e+003 4.99644665e+000 1.00198151e+000 1.00008628e+001 0.00000000e+000 0.00000000e+000 0.00000000e+000 1.00000000e+000
 1.00000000e+000 3.30070927e+001 1.69944757e+001 1.30074670e+001 4.99873565e+000 7.69947975e+001 1.80013940e+001 1.01400007e+003 1.00998637e+003 5.00049704e+000 9.99018904e-001 1.39883866e+001 0.00000000e+000 0.00000000e+000 0.00000000e+000 1.00000000e+000
 1.00000000e+000 3.20102983e+001 1.79944447e+001 1.40059488e+001 2.99582288e+000 6.79989788e+001 1.60026350e+001 1.01499634e+003 1.01098880e+003 4.00293696e+000 9.98978304e-001 2.29903240e+001 0.00000000e+000 0.00000000e+000 0.00000000e+000 1.00000000e+000
 1.00000000e+000 2.90031459e+001 1.40008160e+001 1.00032481e+001 4.98887080e+000 6.69969912e+001 2.49984125e+001 1.01598517e+003 1.01198242e+003 3.99786499e+000 1.99927957e+000 2.39948098e+001 0.00000000e+000 0.00000000e+000 0.00000000e+000 1.00000000e+000
 1.00000000e+000 2.80139943e+001 1.39951476e+001 9.01157726e+000 3.99574849e+000 6.29969984e+001 2.10026008e+001 1.01700180e+003 1.01298719e+003 4.00277567e+000 9.99779522e-001 1.39885023e+001 0.00000000e+000 0.00000000e+000 0.00000000e+000 1.00000000e+000
 1.00000000e+000 2.80120402e+001 1.29951024e+001 1.10096764e+001 4.98741680e+000 7.69908409e+001 2.39979906e+001 1.01799976e+003 1.01499015e+003 3.00107233e+000 9.98631669e-001 1.29887337e+001 0.00000000e+000 0.00000000e+000 0.00000000e+000 1.00000000e+000
 1.00000000e+000 2.90076703e+001 1.39903707e+001 1.20021143e+001 5.99594460e+000 8.20067101e+001 2.90039844e+001 1.01899649e+003 1.01498490e+003 3.00855550e+000 1.00002855e+000 1.10030752e+001 0.00000000e+000 0.00000000e+000 0.00000000e+000 1.00000000e+000
 1.00000000e+000 2.69986148e+001 1.70048851e+001 1.39938033e+001 -1.00460954e+000 6.80059463e+001 3.00024157e+001 1.01998419e+003 1.01598457e+003 2.99540949e+000 1.00019078e+000 1.29992446e+001 0.00000000e+000 0.00000000e+000 0.00000000e+000 1.00000000e+000
 1.00000000e+000 2.70038120e+001 1.60013793e+001 1.49980348e+001 1.09963619e+001 7.70037367e+001 3.90001809e+001 1.01898437e+003 1.01498676e+003 2.99849048e+000 1.00003231e+000 1.29969018e+001 0.00000000e+000 0.00000000e+000 0.00000000e+000 1.00000000e+000
 1.00000000e+000 2.70124277e+001 1.79918126e+001 1.60069205e+001 1.09995405e+001 8.29984013e+001 4.20045843e+001 1.01499446e+003 1.01098920e+003 3.00447631e+000 9.97738497e-001 1.89923458e+001 0.00000000e+000 0.00000000e+000 0.00000000e+000 1.00000000e+000
 1.00000000e+000 2.70038564e+001 1.70137849e+001 1.39943725e+001 1.09942108e+001 7.70038485e+001 4.20090024e+001 1.01399352e+003 1.01098683e+003 4.01026111e+000 2.99986631e+000 1.89934388e+001 0.00000000e+000 1.00000000e+000 0.00000000e+000 0.00000000e+000
 1.00000000e+000 2.70018579e+001 1.60023795e+001 1.49959696e+001 7.99543577e+000 7.80054132e+001 3.00003851e+001 1.01598232e+003 1.01198496e+003 3.99749424e+000 2.00037787e+000 1.39987215e+001 0.00000000e+000 0.00000000e+000 0.00000000e+000 1.00000000e+000
 1.00000000e+000 2.60072506e+001 1.29983528e+001 1.20023335e+001 5.99616209e+000 7.70010654e+001 3.20009307e+001 1.01799064e+003 1.01398712e+003 5.00063232e+000 9.99543685e-001 1.59937224e+001 0.00000000e+000 0.00000000e+000 0.00000000e+000 1.00000000e+000
 1.00000000e+000 2.39842137e+001 1.00203743e+001 6.98103019e+000 1.99351798e+000 7.60130865e+001 2.49941358e+001 1.01896340e+003 1.01497795e+003 3.98712197e+000 1.00365152e+000 2.60074800e+001 0.00000000e+000 0.00000000e+000 0.00000000e+000 1.00000000e+000
 1.00000000e+000 2.60080568e+001 8.99706552e+000 1.50025220e+001 2.99602431e+000 7.10007917e+001 2.60011556e+001 1.01799201e+003 1.01398755e+003 4.00129978e+000 9.99384983e-001 2.69923595e+001 0.00000000e+000 0.00000000e+000 0.00000000e+000 1.00000000e+000
 1.00000000e+000 2.60118746e+001 1.19934868e+001 9.00541869e+000 2.00088267e+000 7.70013712e+001 2.20057829e+001 1.01899523e+003 1.01499199e+003 4.00356703e+000 9.98438480e-001 1.09930004e+001 0.00000000e+000 0.00000000e+000 0.00000000e+000 1.00000000e+000
 1.00000000e+000 2.50073602e+001 1.10075105e+001 9.98742021e+000 4.99118395e+000 6.70023884e+001 2.89935544e+001 1.01897100e+003 1.01498361e+003 4.00492554e+000 1.00904183e+000 1.30013832e+001 0.00000000e+000 0.00000000e+000 0.00000000e+000 1.00000000e+000
 1.00000000e+000 2.39995265e+001 1.20084739e+001 1.10030763e+001 4.98883876e+000 8.19952199e+001 3.10001974e+001 1.02197223e+003 1.01698409e+003 2.98971261e+000 9.98593208e-001 1.39960984e+001 0.00000000e+000 0.00000000e+000 0.00000000e+000 1.00000000e+000
 1.00000000e+000 2.60066247e+001 8.99738490e+000 1.00022249e+001 1.99312313e+000 8.69997408e+001 2.20027306e+001 1.02098929e+003 1.01598819e+003 3.99925591e+000 9.98703422e-001 2.59957197e+001 0.00000000e+000 0.00000000e+000 1.00000000e+000 0.00000000e+000
 1.00000000e+000 2.50059803e+001 9.99777896e+000 5.00206911e+000 -3.78265174e-003 6.20028813e+001 1.90004414e+001 1.01698850e+003 1.01298741e+003 3.99712360e+000 1.00014263e+000 2.29933279e+001 0.00000000e+000 0.00000000e+000 0.00000000e+000 1.00000000e+000
 1.00000000e+000 2.40037380e+001 9.00132737e+000 8.99966149e+000 1.99456120e+000 8.20013400e+001 2.39998975e+001 1.01698663e+003 1.01198453e+003 3.99808786e+000 1.00014533e+000 1.59953442e+001 0.00000000e+000 0.00000000e+000 0.00000000e+000 1.00000000e+000
 1.00000000e+000 2.40037422e+001 9.00225423e+000 8.99900450e+000 1.99378460e+000 8.20023693e+001 2.40002804e+001 1.01598319e+003 1.01298519e+003 4.99720867e+000 1.00011808e+000 1.09979899e+001 0.00000000e+000 0.00000000e+000 1.00000000e+000 0.00000000e+000
 1.00000000e+000 2.40011620e+001 9.00357009e+000 7.99638764e+000 1.99506859e+000 7.60048045e+001 2.40002726e+001 1.01998112e+003 1.01498393e+003 3.99669375e+000 1.00051383e+000 9.99938317e+000 0.00000000e+000 0.00000000e+000 1.00000000e+000 0.00000000e+000
 1.00000000e+000 3.00110955e+001 7.99469867e+000 8.00539567e+000 3.99579432e+000 8.69960941e+001 2.30020720e+001 1.01898923e+003 1.01498707e+003 4.00716249e+000 9.99495058e-001 1.29941202e+001 0.00000000e+000 0.00000000e+000 0.00000000e+000 1.00000000e+000
 1.00000000e+000 2.39911138e+001 8.01288170e+000 6.98048330e+000 2.00163431e+000 8.20221702e+001 2.40064394e+001 1.01896172e+003 1.01498411e+003 3.98804999e+000 1.00173194e+000 1.40089725e+001 0.00000000e+000 0.00000000e+000 0.00000000e+000 1.00000000e+000
 1.00000000e+000 2.49997364e+001 1.00010663e+001 8.99530906e+000 4.99615222e+000 7.60069637e+001 2.79993971e+001 1.01799742e+003 1.01398860e+003 3.00404067e+000 1.00020164e+000 1.10027381e+001 0.00000000e+000 0.00000000e+000 1.00000000e+000 0.00000000e+000
 1.00000000e+000 2.50056131e+001 1.09992753e+001 8.00100964e+000 3.99587684e+000 7.20023717e+001 2.80008337e+001 1.01598849e+003 1.01198627e+003 3.99951197e+000 9.99753664e-001 1.29951754e+001 0.00000000e+000 0.00000000e+000 0.00000000e+000 1.00000000e+000
 1.00000000e+000 2.49993244e+001 1.00063133e+001 8.99236955e+000 5.99217586e+000 8.70158602e+001 2.89967712e+001 1.01597569e+003 1.01298252e+003 2.99447649e+000 1.00212229e+000 9.99882331e+000 0.00000000e+000 0.00000000e+000 0.00000000e+000 1.00000000e+000
 1.00000000e+000 2.59988621e+001 1.10034260e+001 1.09914994e+001 6.99231545e+000 8.80059705e+001 3.20008177e+001 1.01798410e+003 1.01398770e+003 2.99683325e+000 9.98391628e-001 1.09982574e+001 0.00000000e+000 0.00000000e+000 0.00000000e+000 1.00000000e+000
 1.00000000e+000 2.70057659e+001 1.09945614e+001 9.99224396e+000 4.99647819e+000 7.70127843e+001 2.59896878e+001 1.01698848e+003 1.01299930e+003 3.99753858e+000 1.00584359e+000 2.69956918e+001 0.00000000e+000 0.00000000e+000 1.00000000e+000 0.00000000e+000
 1.00000000e+000 2.70001048e+001 1.00019228e+001 1.10012258e+001 4.99977449e+000 7.59970539e+001 2.99988219e+001 1.01698276e+003 1.01298184e+003 4.00221889e+000 1.00138465e+000 2.29951121e+001 0.00000000e+000 0.00000000e+000 0.00000000e+000 1.00000000e+000
 1.00000000e+000 2.60065118e+001 1.39980354e+001 1.40011944e+001 9.99608329e+000 8.20010848e+001 3.60007892e+001 1.01698958e+003 1.01298685e+003 3.00011168e+000 9.99488766e-001 1.39942543e+001 0.00000000e+000 0.00000000e+000 0.00000000e+000 1.00000000e+000
 1.00000000e+000 2.60089295e+001 1.69912824e+001 1.40011350e+001 1.09906985e+001 8.20030272e+001 4.10046119e+001 1.01598974e+003 1.01098426e+003 2.99646105e+000 9.97014106e-001 2.69928224e+001 0.00000000e+000 0.00000000e+000 0.00000000e+000 1.00000000e+000
 1.00000000e+000 2.50048608e+001 1.49961468e+001 1.49994736e+001 1.20009400e+001 9.39949115e+001 4.39994235e+001 1.01698914e+003 1.01298673e+003 2.99746890e+000 9.99727488e-001 2.29964912e+001 0.00000000e+000 0.00000000e+000 0.00000000e+000 1.00000000e+000
 1.00000000e+000 2.50073874e+001 1.49972137e+001 1.60014138e+001 1.29963260e+001 9.40000258e+001 4.70003396e+001 1.01699063e+003 1.01398742e+003 3.00049161e+000 9.99276679e-001 1.89934514e+001 0.00000000e+000 0.00000000e+000 1.00000000e+000 0.00000000e+000
 1.00000000e+000 2.40002638e+001 1.49950075e+001 1.60023624e+001 1.29971487e+001 9.39987482e+001 5.69984227e+001 1.01899566e+003 1.01398842e+003 2.99559667e+000 9.92342444e-001 2.29950018e+001 0.00000000e+000 0.00000000e+000 1.00000000e+000 0.00000000e+000
 1.00000000e+000 2.30108364e+001 1.69993953e+001 1.60009697e+001 1.29975059e+001 8.80002509e+001 5.69979899e+001 1.01898726e+003 1.01498716e+003 3.00364779e+000 2.00098200e+000 3.39943793e+001 0.00000000e+000 1.00000000e+000 0.00000000e+000 0.00000000e+000
 1.00000000e+000 2.70056753e+001 1.49851336e+001 1.50112599e+001 1.19972289e+001 8.79938099e+001 4.20101120e+001 1.01800735e+003 1.01399950e+003 4.01071417e+000 1.97886860e+000 1.39783599e+001 1.00000000e+000 0.00000000e+000 0.00000000e+000 0.00000000e+000
 1.00000000e+000 2.50022440e+001 1.70004542e+001 1.69965965e+001 1.19978776e+001 1.00002061e+002 5.00002234e+001 1.01698468e+003 1.01198655e+003 3.99767838e+000 9.99772559e-001 2.59963334e+001 0.00000000e+000 0.00000000e+000 0.00000000e+000 1.00000000e+000
 1.00000000e+000 2.00298118e+001 1.49777781e+001 1.80091937e+001 1.30015631e+001 9.99986341e+001 7.29899499e+001 1.01602015e+003 1.01300225e+003 4.00754634e+000 4.00889864e-003 1.39720914e+001 1.00000000e+000 0.00000000e+000 0.00000000e+000 0.00000000e+000
 1.00000000e+000 1.80148304e+001 1.29892456e+001 1.30066367e+001 1.09991293e+001 9.39941201e+001 6.79929998e+001 1.01899289e+003 9.89990538e+002 3.00054563e+000 1.00079730e+000 1.59891564e+001 1.00000000e+000 0.00000000e+000 0.00000000e+000 0.00000000e+000
 1.00000000e+000 1.60044705e+001 1.10001887e+001 1.09950679e+001 8.99772989e+000 1.00004940e+002 6.29961892e+001 1.01998352e+003 1.01498433e+003 2.99597685e+000 1.68650062e-003 1.09971801e+001 0.00000000e+000 0.00000000e+000 1.00000000e+000 0.00000000e+000
 1.00000000e+000 1.60038126e+001 9.98968126e+000 1.29994700e+001 9.99637785e+000 1.00000691e+002 7.69964891e+001 1.02199507e+003 1.01798579e+003 1.98954839e+000 -5.56626062e-003 1.09966982e+001 0.00000000e+000 0.00000000e+000 1.00000000e+000 0.00000000e+000
 1.00000000e+000 1.60215452e+001 1.09908800e+001 1.30090174e+001 7.99379497e+000 9.99950424e+001 7.19973544e+001 1.02299179e+003 1.01898637e+003 2.00872579e+000 1.11888063e-003 1.29832284e+001 0.00000000e+000 0.00000000e+000 1.00000000e+000 0.00000000e+000
 1.00000000e+000 1.50102051e+001 7.99622977e+000 1.20040330e+001 8.00548411e+000 9.99972485e+001 7.19920259e+001 1.02198183e+003 1.01898944e+003 1.99471142e+000 2.32865545e-003 1.10016359e+001 0.00000000e+000 0.00000000e+000 1.00000000e+000 0.00000000e+000
 1.00000000e+000 1.59661334e+001 8.06276852e+000 1.19743300e+001 7.97207303e+000 1.00010553e+002 7.19785408e+001 1.02196491e+003 1.01800081e+003 9.86312970e-001 8.27592104e-003 1.30093734e+001 0.00000000e+000 0.00000000e+000 1.00000000e+000 0.00000000e+000
 1.00000000e+000 1.50077483e+001 1.09996486e+001 1.10045634e+001 7.99930662e+000 9.99986574e+001 6.70039977e+001 1.02098455e+003 1.01799187e+003 1.99682974e+000 9.97696405e-001 9.99385245e+000 0.00000000e+000 0.00000000e+000 1.00000000e+000 0.00000000e+000
 1.00000000e+000 1.09976171e+001 7.00822521e+000 1.09930313e+001 7.00050008e+000 1.00007283e+002 8.79997893e+001 1.02097069e+003 1.01898270e+003 9.90988601e-001 -9.11637854e-004 1.40005737e+001 0.00000000e+000 0.00000000e+000 1.00000000e+000 0.00000000e+000
 1.00000000e+000 1.60161298e+001 8.00662590e+000 1.10043976e+001 6.99499900e+000 1.00005215e+002 6.29993101e+001 1.01997521e+003 1.01698363e+003 3.00367983e+000 -5.31392158e-003 1.39921475e+001 0.00000000e+000 0.00000000e+000 1.00000000e+000 0.00000000e+000
 1.00000000e+000 1.50086624e+001 8.99639652e+000 1.10033960e+001 9.95895261e-001 9.99984739e+001 5.40012108e+001 1.01999283e+003 1.01598940e+003 1.00169103e+000 -1.19305733e-003 1.39948255e+001 0.00000000e+000 0.00000000e+000 1.00000000e+000 0.00000000e+000
 1.00000000e+000 1.40071058e+001 8.99884014e+000 1.10013115e+001 -3.85873687e-003 1.00000301e+002 5.00001132e+001 1.01999016e+003 1.01598799e+003 9.98719953e-001 -4.95865690e-004 1.39928820e+001 0.00000000e+000 0.00000000e+000 1.00000000e+000 0.00000000e+000
 1.00000000e+000 1.40039741e+001 7.00547784e+000 9.99428570e+000 6.99467075e+000 1.00003721e+002 6.69974474e+001 1.02297636e+003 1.01898438e+003 1.99780967e+000 3.58167935e-003 2.09985977e+001 0.00000000e+000 0.00000000e+000 1.00000000e+000 0.00000000e+000
 1.00000000e+000 1.80058921e+001 5.99817851e+000 9.00028009e+000 4.99545537e+000 1.00000910e+002 4.20014204e+001 1.02398807e+003 1.01998628e+003 3.99889947e+000 -2.98002250e-004 1.39958209e+001 0.00000000e+000 0.00000000e+000 1.00000000e+000 0.00000000e+000
 1.00000000e+000 1.60054906e+001 6.00110710e+000 1.10017279e+001 3.99876443e+000 9.99986448e+001 6.29985361e+001 1.02398779e+003 1.01999045e+003 1.00056209e+000 1.13329340e-003 1.09952209e+001 0.00000000e+000 0.00000000e+000 1.00000000e+000 0.00000000e+000
 1.00000000e+000 1.30082290e+001 8.99199605e+000 1.00082688e+001 -5.02230290e-003 9.99910514e+001 5.00092260e+001 1.02297503e+003 1.01698008e+003 1.00411898e+000 -3.89491990e-003 1.10060194e+001 0.00000000e+000 0.00000000e+000 1.00000000e+000 0.00000000e+000
