 1.00000000e+000 2.10082473e+001 9.00237808e+000 1.49945508e+001 8.00209968e+000 1.00006637e+002 4.90100854e+001 1.01900025e+003 1.01499458e+003 2.00580515e+000 2.06548556e-003 1.09948844e+001 0.00000000e+000 0.00000000e+000 1.00000000e+000 0.00000000e+000
 1.00000000e+000 1.50009525e+001 1.19997415e+001 1.50028779e+001 8.99292098e+000 9.99952096e+001 7.69975334e+001 1.01997726e+003 1.01598240e+003 3.00229160e+000 -4.80459772e-003 1.60086504e+001 0.00000000e+000 0.00000000e+000 1.00000000e+000 0.00000000e+000
 1.00000000e+000 1.69959936e+001 1.19916408e+001 1.40020312e+001 1.19927869e+001 1.00000662e+002 7.69869656e+001 1.01898274e+003 1.01599047e+003 9.97403085e-001 5.34079263e-003 1.30058893e+001 0.00000000e+000 1.00000000e+000 0.00000000e+000 0.00000000e+000
 1.00000000e+000 1.80026947e+001 9.99952213e+000 1.30006884e+001 8.99703928e+000 9.99979071e+001 5.89965961e+001 1.02198910e+003 1.01799038e+003 2.00015625e+000 1.98135274e-004 1.89990798e+001 0.00000000e+000 1.00000000e+000 0.00000000e+000 0.00000000e+000
 1.00000000e+000 1.99969790e+001 8.00290717e+000 9.99967815e+000 5.98628010e+000 9.99942082e+001 4.59934875e+001 1.01898014e+003 1.01298837e+003 3.99728275e+000 7.53633059e-004 2.10072556e+001 0.00000000e+000 0.00000000e+000 1.00000000e+000 0.00000000e+000
 1.00000000e+000 1.59990616e+001 9.00276923e+000 8.99627953e+000 6.99929102e+000 9.40030022e+001 5.89978092e+001 1.01698250e+003 1.01398858e+003 1.99662877e+000 7.51635998e-004 1.60015361e+001 0.00000000e+000 0.00000000e+000 1.00000000e+000 0.00000000e+000
 1.00000000e+000 1.20023370e+001 5.99959720e+000 1.09997009e+001 5.99850976e+000 9.99991381e+001 6.69966129e+001 1.01698938e+003 1.01398915e+003 9.99612831e-001 4.63842411e-004 1.29989183e+001 0.00000000e+000 0.00000000e+000 1.00000000e+000 0.00000000e+000
 1.00000000e+000 1.00016720e+001 7.00062098e+000 8.99890667e+000 6.99861640e+000 9.99997547e+001 8.69957455e+001 1.01998725e+003 1.01598882e+003 9.98437486e-001 5.63171441e-004 1.09993317e+001 0.00000000e+000 0.00000000e+000 1.00000000e+000 0.00000000e+000
 1.00000000e+000 1.50060746e+001 6.99465847e+000 9.00184499e+000 6.99618402e+000 9.99981477e+001 6.29986064e+001 1.02099925e+003 1.01799071e+003 1.00064826e+000 6.68908834e-004 9.99432592e+000 0.00000000e+000 0.00000000e+000 1.00000000e+000 0.00000000e+000
 1.00000000e+000 1.70067308e+001 6.99932144e+000 1.20056404e+001 4.99829899e+000 9.99919970e+001 4.49963344e+001 1.01899311e+003 1.01598968e+003 3.00360356e+000 1.43597984e-003 1.29920816e+001 0.00000000e+000 0.00000000e+000 1.00000000e+000 0.00000000e+000
 1.00000000e+000 1.49951165e+001 7.01134618e+000 9.99828191e+000 6.00675795e+000 1.00006570e+002 5.50097550e+001 1.01996776e+003 1.01699397e+003 1.98673271e+000 -4.61568193e-003 1.30039584e+001 0.00000000e+000 0.00000000e+000 1.00000000e+000 0.00000000e+000
 1.00000000e+000 1.59966947e+001 7.00114700e+000 1.19976106e+001 6.99988896e+000 9.99997646e+001 6.29981860e+001 1.02098817e+003 1.01699121e+003 9.95419582e-001 -1.64421047e-003 1.00036543e+001 0.00000000e+000 0.00000000e+000 1.00000000e+000 0.00000000e+000
 1.00000000e+000 1.70004886e+001 6.00099754e+000 1.09973368e+001 5.99856120e+000 1.00001037e+002 6.29961218e+001 1.01898762e+003 1.01398908e+003 1.99914522e+000 1.04706526e-003 1.90001183e+001 0.00000000e+000 0.00000000e+000 1.00000000e+000 0.00000000e+000
 1.00000000e+000 1.50004112e+001 1.00020797e+001 1.09980423e+001 8.99868376e+000 1.00000094e+002 7.19971230e+001 1.01898486e+003 1.01298851e+003 9.98725116e-001 1.10615242e-003 2.10005289e+001 0.00000000e+000 0.00000000e+000 1.00000000e+000 0.00000000e+000
 1.00000000e+000 1.79996954e+001 4.99707173e+000 1.00080129e+001 5.00336386e+000 9.99918874e+001 5.20034071e+001 1.02098818e+003 1.01699284e+003 1.99482462e+000 -6.89680898e-003 1.09936568e+001 0.00000000e+000 1.00000000e+000 0.00000000e+000 0.00000000e+000
 1.00000000e+000 1.79999148e+001 8.00135767e+000 1.59974779e+001 7.99822243e+000 1.00000424e+002 5.49975764e+001 1.02098546e+003 1.01798825e+003 1.99828314e+000 6.51005067e-004 1.10009666e+001 0.00000000e+000 0.00000000e+000 1.00000000e+000 0.00000000e+000
 1.00000000e+000 2.10024832e+001 6.99895980e+000 1.80009566e+001 6.99802929e+000 9.99970296e+001 5.19982980e+001 1.02098914e+003 1.01698845e+003 2.99945718e+000 4.42120203e-005 1.29971918e+001 0.00000000e+000 0.00000000e+000 1.00000000e+000 0.00000000e+000
 1.00000000e+000 2.10054396e+001 5.99628725e+000 1.30042077e+001 6.00040350e+000 9.99971222e+001 4.30009720e+001 1.01899681e+003 1.01698984e+003 3.00362479e+000 5.33629575e-004 1.59948718e+001 0.00000000e+000 0.00000000e+000 1.00000000e+000 0.00000000e+000
 1.00000000e+000 1.90011666e+001 9.00028522e+000 1.69991772e+001 7.99808270e+000 9.99988810e+001 4.89982878e+001 1.01998824e+003 1.01598955e+003 1.99880522e+000 2.84199747e-004 1.09994601e+001 0.00000000e+000 0.00000000e+000 1.00000000e+000 0.00000000e+000
 1.00000000e+000 1.69945281e+001 1.00038399e+001 1.29953029e+001 7.99751856e+000 1.00003915e+002 5.89949753e+001 1.02198448e+003 1.01798837e+003 9.92155954e-001 -1.85101378e-004 1.60003734e+001 0.00000000e+000 0.00000000e+000 1.00000000e+000 0.00000000e+000
 1.00000000e+000 1.69998729e+001 9.99870122e+000 1.29958210e+001 8.99924090e+000 1.00003226e+002 6.79980879e+001 1.02298346e+003 1.01899031e+003 1.00088541e+000 1.00025351e+000 1.60996183e+002 0.00000000e+000 0.00000000e+000 1.00000000e+000 0.00000000e+000
 1.00000000e+000 1.29985026e+001 1.10020961e+001 1.29953612e+001 9.99736512e+000 1.00002295e+002 8.19954590e+001 1.02098185e+003 1.01798691e+003 9.97422609e-001 7.58938891e-004 1.90025237e+001 0.00000000e+000 0.00000000e+000 0.00000000e+000 1.00000000e+000
 1.00000000e+000 1.89996182e+001 1.19997720e+001 1.90004378e+001 9.99951827e+000 9.99992065e+001 6.29963350e+001 1.02098873e+003 1.01798916e+003 2.99875112e+000 9.98622151e-001 1.40022018e+001 0.00000000e+000 1.00000000e+000 0.00000000e+000 0.00000000e+000
 1.00000000e+000 1.49955054e+001 1.00007193e+001 1.19880187e+001 8.99355289e+000 9.99945431e+001 7.20061226e+001 1.02198622e+003 1.01798982e+003 2.00190886e+000 9.51606526e-004 1.39981582e+001 0.00000000e+000 0.00000000e+000 1.00000000e+000 0.00000000e+000
 1.00000000e+000 1.70061713e+001 8.99570718e+000 1.40037994e+001 9.00162824e+000 9.99960218e+001 5.89984627e+001 1.02199559e+003 1.01798694e+003 1.00313997e+000 -1.95740581e-005 1.39929314e+001 0.00000000e+000 0.00000000e+000 1.00000000e+000 0.00000000e+000
 1.00000000e+000 1.49947749e+001 1.10019035e+001 1.49959244e+001 9.99996901e+000 9.99996993e+001 7.69952565e+001 1.02198484e+003 1.01798931e+003 9.95673123e-001 4.41117826e-004 1.30052024e+001 0.00000000e+000 0.00000000e+000 1.00000000e+000 0.00000000e+000
 1.00000000e+000 1.69989002e+001 8.99602134e+000 1.40002013e+001 6.99862903e+000 9.99953121e+001 5.89997290e+001 1.02097638e+003 1.01797830e+003 2.00359693e+000 -5.12927310e-004 1.60087901e+001 0.00000000e+000 1.00000000e+000 0.00000000e+000 0.00000000e+000
 1.00000000e+000 1.60022258e+001 7.99832152e+000 1.19999533e+001 4.99903290e+000 9.99997545e+001 4.79986256e+001 1.01998868e+003 1.01599010e+003 4.00002935e+000 -1.22142136e-003 1.90008392e+001 0.00000000e+000 0.00000000e+000 1.00000000e+000 0.00000000e+000
 1.00000000e+000 1.70078514e+001 4.99499728e+000 1.10038847e+001 2.99440031e+000 9.99975289e+001 3.90036613e+001 1.02098955e+003 1.01698931e+003 4.99519103e+000 -1.02295415e-003 1.89934677e+001 0.00000000e+000 0.00000000e+000 1.00000000e+000 0.00000000e+000
 1.00000000e+000 1.89998058e+001 6.00807847e+000 8.98943885e+000 3.00122532e+000 1.00002920e+002 3.49934659e+001 1.02197715e+003 1.01898351e+003 4.99039721e+000 -4.48734673e-004 2.30084787e+001 0.00000000e+000 0.00000000e+000 1.00000000e+000 0.00000000e+000
 1.00000000e+000 1.99997280e+001 6.00075663e+000 9.99884372e+000 3.99750010e+000 9.99986256e+001 3.69979577e+001 1.01998600e+003 1.01498801e+003 4.99958404e+000 9.99848247e-001 2.10012304e+001 0.00000000e+000 0.00000000e+000 1.00000000e+000 0.00000000e+000
 1.00000000e+000 2.20049718e+001 8.99694532e+000 1.40039954e+001 5.99452464e+000 9.99943842e+001 3.49974359e+001 1.01899688e+003 1.01499124e+003 3.00110942e+000 9.99929143e-001 1.39952103e+001 0.00000000e+000 0.00000000e+000 1.00000000e+000 0.00000000e+000
 1.00000000e+000 2.29937149e+001 1.20127419e+001 1.39888766e+001 9.99975296e+000 1.00005901e+002 4.39935984e+001 1.01997160e+003 1.01598496e+003 2.99997097e+000 1.00508075e+000 2.40098537e+001 0.00000000e+000 0.00000000e+000 1.00000000e+000 0.00000000e+000
 1.00000000e+000 2.20021678e+001 1.39963121e+001 1.60018048e+001 1.10032440e+001 9.99981519e+001 5.69984993e+001 1.02300042e+003 1.01599354e+003 2.99649565e+000 9.97252067e-001 2.29920955e+001 0.00000000e+000 0.00000000e+000 0.00000000e+000 1.00000000e+000
 1.00000000e+000 2.00011885e+001 9.99976923e+000 1.49993693e+001 9.99765765e+000 9.99991926e+001 5.19982876e+001 1.02498754e+003 1.01998959e+003 3.99934088e+000 1.31123662e-004 1.89995802e+001 0.00000000e+000 1.00000000e+000 0.00000000e+000 0.00000000e+000
 1.00000000e+000 2.20046098e+001 8.99706954e+000 1.10020608e+001 3.99636547e+000 9.99978630e+001 3.09998706e+001 1.02199338e+003 1.01698948e+003 4.00108117e+000 -7.02216101e-004 1.89966516e+001 0.00000000e+000 0.00000000e+000 1.00000000e+000 0.00000000e+000
 1.00000000e+000 2.39981713e+001 8.00314304e+000 1.29963624e+001 3.99586172e+000 1.00001772e+002 2.89961537e+001 1.02098966e+003 1.01699319e+003 4.00144995e+000 1.46562370e-003 1.10024988e+001 0.00000000e+000 0.00000000e+000 1.00000000e+000 0.00000000e+000
 1.00000000e+000 2.40018082e+001 9.99921705e+000 1.20008278e+001 4.99740473e+000 9.39988282e+001 2.89991657e+001 1.01998973e+003 1.01398969e+003 4.00019140e+000 1.00019361e+000 1.09990154e+001 0.00000000e+000 0.00000000e+000 1.00000000e+000 0.00000000e+000
 1.00000000e+000 2.30029273e+001 1.09953440e+001 1.10001474e+001 9.95578156e-001 9.39991884e+001 3.09992968e+001 1.01899125e+003 1.01598740e+003 5.00027828e+000 9.99796959e-001 6.09978305e+001 0.00000000e+000 0.00000000e+000 1.00000000e+000 0.00000000e+000
 1.00000000e+000 2.40010444e+001 9.99751371e+000 1.09995266e+001 5.99543215e+000 9.40001005e+001 3.10010384e+001 1.02099110e+003 1.01799177e+003 4.99944229e+000 -7.00186153e-004 1.90020097e+001 0.00000000e+000 0.00000000e+000 1.00000000e+000 0.00000000e+000
 1.00000000e+000 2.29987689e+001 1.00027775e+001 1.39931864e+001 4.99850752e+000 1.00003825e+002 3.29915558e+001 1.02298136e+003 1.01798833e+003 3.99815572e+000 4.37954940e-003 6.29995408e+001 0.00000000e+000 0.00000000e+000 1.00000000e+000 0.00000000e+000
 1.00000000e+000 2.20021283e+001 1.00011454e+001 1.29975423e+001 6.99754627e+000 9.40022397e+001 3.79975136e+001 1.01898413e+003 1.01498714e+003 2.99947022e+000 1.40963570e-003 1.29995320e+001 0.00000000e+000 0.00000000e+000 1.00000000e+000 0.00000000e+000
 1.00000000e+000 2.29937009e+001 9.00595167e+000 1.29957285e+001 6.97926693e+000 9.99945922e+001 3.59906166e+001 1.01798381e+003 1.01399452e+003 2.99489189e+000 1.20699841e-003 2.30074809e+001 0.00000000e+000 0.00000000e+000 1.00000000e+000 0.00000000e+000
 1.00000000e+000 2.50004219e+001 8.99866657e+000 1.09987406e+001 5.00001545e+000 9.99980712e+001 2.79959016e+001 1.01499328e+003 1.01099281e+003 5.00174172e+000 -2.49590418e-003 2.30029481e+001 0.00000000e+000 0.00000000e+000 1.00000000e+000 0.00000000e+000
 1.00000000e+000 2.70023664e+001 1.19947853e+001 1.20057252e+001 6.98907247e+000 8.79983955e+001 3.19931802e+001 1.01298763e+003 1.00798965e+003 5.00685920e+000 9.98619965e-001 1.90075920e+001 0.00000000e+000 0.00000000e+000 1.00000000e+000 0.00000000e+000
 1.00000000e+000 2.70034968e+001 1.19966641e+001 1.50008266e+001 7.99808468e+000 9.39966693e+001 2.99976599e+001 1.01499282e+003 1.01098838e+003 3.00443565e+000 1.06420628e-003 1.29997550e+001 0.00000000e+000 0.00000000e+000 0.00000000e+000 1.00000000e+000
 1.00000000e+000 2.50004571e+001 1.59996497e+001 1.59998378e+001 9.99718713e+000 8.19997569e+001 4.39993273e+001 1.01698737e+003 1.01198959e+003 2.99853974e+000 9.99822308e-001 2.39992981e+001 0.00000000e+000 0.00000000e+000 1.00000000e+000 0.00000000e+000
 1.00000000e+000 2.70045941e+001 1.69919549e+001 1.89932280e+001 1.19996214e+001 9.40043513e+001 4.50008335e+001 1.01398067e+003 1.00999419e+003 2.00484405e+000 1.00050072e+000 1.90126270e+001 0.00000000e+000 0.00000000e+000 1.00000000e+000 0.00000000e+000
 1.00000000e+000 2.89926468e+001 1.50067215e+001 1.79923285e+001 1.29999075e+001 1.00003330e+002 3.99988431e+001 1.01397892e+003 1.00998412e+003 2.99534711e+000 1.00146739e+000 1.30031688e+001 0.00000000e+000 0.00000000e+000 1.00000000e+000 0.00000000e+000
 1.00000000e+000 2.89942511e+001 1.79987794e+001 2.09988099e+001 1.49960529e+001 9.39989880e+001 4.20011853e+001 1.01398615e+003 1.00998973e+003 2.99733359e+000 9.97799027e-001 2.29987319e+001 0.00000000e+000 0.00000000e+000 1.00000000e+000 0.00000000e+000
 1.00000000e+000 2.90096041e+001 1.99915135e+001 2.10036574e+001 1.39944291e+001 9.39986783e+001 4.20008402e+001 1.01599746e+003 1.01199110e+003 2.99899819e+000 9.98942021e-001 2.09902935e+001 1.00000000e+000 0.00000000e+000 0.00000000e+000 0.00000000e+000
 1.00000000e+000 2.70026310e+001 1.69983245e+001 1.60020718e+001 3.99774890e+000 8.19978570e+001 3.49994811e+001 1.01699270e+003 1.01299115e+003 4.00088919e+000 9.99757904e-001 2.29968685e+001 0.00000000e+000 0.00000000e+000 0.00000000e+000 1.00000000e+000
 1.00000000e+000 2.90123019e+001 1.49963646e+001 1.60091248e+001 1.09963627e+001 9.39915155e+001 3.29975066e+001 1.01600471e+003 1.01200302e+003 4.00528277e+000 1.00084167e+000 2.39874584e+001 0.00000000e+000 0.00000000e+000 0.00000000e+000 1.00000000e+000
 1.00000000e+000 2.90106295e+001 1.59597945e+001 2.00135805e+001 1.19821809e+001 9.39982942e+001 3.50085626e+001 1.01701173e+003 1.01298113e+003 2.00145848e+000 -9.47679988e-003 1.09786681e+001 0.00000000e+000 0.00000000e+000 1.00000000e+000 0.00000000e+000
 1.00000000e+000 2.79968841e+001 1.60011933e+001 2.09947082e+001 1.59990405e+001 1.00003180e+002 5.10004395e+001 1.01398527e+003 1.00898435e+003 1.99402803e+000 3.56138121e-004 1.59978960e+001 0.00000000e+000 0.00000000e+000 1.00000000e+000 0.00000000e+000
 1.00000000e+000 2.80033093e+001 1.89986320e+001 1.99988136e+001 6.99500663e+000 8.30043964e+001 3.79989480e+001 1.01198206e+003 1.00798772e+003 3.99779144e+000 1.00072126e+000 1.59987697e+001 0.00000000e+000 0.00000000e+000 1.00000000e+000 0.00000000e+000
 1.00000000e+000 2.69975967e+001 1.40088132e+001 7.99255852e+000 1.99097627e+000 5.89997940e+001 2.00029812e+001 1.01198229e+003 1.00898882e+003 5.00013050e+000 9.97250206e-001 1.90035386e+001 0.00000000e+000 0.00000000e+000 0.00000000e+000 1.00000000e+000
 1.00000000e+000 2.70053403e+001 1.19917882e+001 8.00332515e+000 -1.00145017e+000 7.19967581e+001 1.59976156e+001 1.01500395e+003 1.01098508e+003 4.00650567e+000 1.00055778e+000 1.59947307e+001 0.00000000e+000 0.00000000e+000 0.00000000e+000 1.00000000e+000
 1.00000000e+000 2.79981103e+001 1.40043416e+001 9.99831957e+000 1.99716565e+000 6.30008900e+001 1.99972924e+001 1.01598524e+003 1.01198843e+003 3.99919482e+000 2.00156634e+000 1.90002827e+001 0.00000000e+000 0.00000000e+000 0.00000000e+000 1.00000000e+000
 1.00000000e+000 2.09995477e+001 1.49968754e+001 1.79999883e+001 9.00004089e+000 9.99981076e+001 4.60004658e+001 1.01299791e+003 1.00899172e+003 3.99509274e+000 9.99400408e-001 2.69951375e+001 0.00000000e+000 0.00000000e+000 0.00000000e+000 1.00000000e+000
 1.00000000e+000 2.19972593e+001 1.39993251e+001 1.69945277e+001 1.29967712e+001 1.00000080e+002 5.69993126e+001 1.01497396e+003 1.00898183e+003 4.00089958e+000 1.00095127e+000 2.40089209e+001 0.00000000e+000 1.00000000e+000 0.00000000e+000 0.00000000e+000
 1.00000000e+000 2.10000575e+001 1.30014196e+001 1.49981650e+001 1.09989624e+001 9.40006961e+001 5.59970426e+001 1.01598682e+003 1.01198927e+003 3.99892968e+000 9.23729810e-004 1.59998504e+001 1.00000000e+000 0.00000000e+000 0.00000000e+000 0.00000000e+000
 1.00000000e+000 2.30048817e+001 1.09923233e+001 1.20006094e+001 6.99035428e+000 1.00003892e+002 3.60052469e+001 1.01599470e+003 1.01198454e+003 4.98742669e+000 -5.82038463e-003 2.09918201e+001 0.00000000e+000 0.00000000e+000 1.00000000e+000 0.00000000e+000
 1.00000000e+000 2.49993920e+001 1.20014584e+001 1.49983335e+001 5.99832973e+000 9.39982325e+001 3.19970554e+001 1.01798588e+003 1.01398985e+003 3.99995007e+000 6.38873331e-004 1.30004509e+001 0.00000000e+000 0.00000000e+000 1.00000000e+000 0.00000000e+000
 1.00000000e+000 2.70039930e+001 1.59971601e+001 1.40020595e+001 7.99751694e+000 8.79976548e+001 2.99963906e+001 1.01899322e+003 1.01499066e+003 5.00231502e+000 1.00111345e+000 1.59965987e+001 0.00000000e+000 0.00000000e+000 1.00000000e+000 0.00000000e+000
 1.00000000e+000 2.60016642e+001 1.39969226e+001 1.80003919e+001 9.99541429e+000 9.99938626e+001 3.60044938e+001 1.01699080e+003 1.01098940e+003 5.00706604e+000 -3.16925682e-003 2.10065345e+001 0.00000000e+000 0.00000000e+000 1.00000000e+000 0.00000000e+000
 1.00000000e+000 2.39997087e+001 1.50008337e+001 1.59979957e+001 1.09978886e+001 1.00000069e+002 4.39982071e+001 1.01798703e+003 1.01398936e+003 4.99877687e+000 1.00058674e+000 2.10000223e+001 1.00000000e+000 0.00000000e+000 0.00000000e+000 0.00000000e+000
 1.00000000e+000 2.30002493e+001 1.39938535e+001 1.39948315e+001 3.00664993e+000 8.80035658e+001 2.90061181e+001 1.02299870e+003 1.01599718e+003 5.00005493e+000 1.99752757e+000 1.90026614e+001 1.00000000e+000 0.00000000e+000 0.00000000e+000 0.00000000e+000
 1.00000000e+000 2.40034873e+001 8.99811821e+000 1.10029932e+001 4.99798217e+000 8.69973497e+001 3.09994208e+001 1.02199292e+003 1.01699092e+003 4.00155700e+000 -8.83642723e-005 1.89972911e+001 0.00000000e+000 1.00000000e+000 0.00000000e+000 0.00000000e+000
 1.00000000e+000 2.50001965e+001 1.10001165e+001 1.20011336e+001 7.99945454e+000 8.79985823e+001 3.40002370e+001 1.01998930e+003 1.01698825e+003 4.00262095e+000 4.17643625e-004 1.39980106e+001 0.00000000e+000 0.00000000e+000 1.00000000e+000 0.00000000e+000
 1.00000000e+000 2.69991580e+001 1.29956651e+001 1.49979373e+001 8.00188297e+000 8.79987687e+001 2.99999414e+001 1.01998348e+003 1.01598453e+003 3.99936901e+000 1.00048614e+000 1.59993005e+001 0.00000000e+000 0.00000000e+000 1.00000000e+000 0.00000000e+000
 1.00000000e+000 2.80002604e+001 1.50004139e+001 1.49997213e+001 6.99795516e+000 8.79996629e+001 2.59991571e+001 1.01698846e+003 1.01299027e+003 2.99905801e+000 9.99788132e-001 1.09993636e+001 0.00000000e+000 0.00000000e+000 1.00000000e+000 0.00000000e+000
 1.00000000e+000 2.70022350e+001 1.69977708e+001 1.60013734e+001 1.19966303e+001 8.79985180e+001 3.89993373e+001 1.01799108e+003 1.01299161e+003 3.99946536e+000 1.99937523e+000 1.89983251e+001 0.00000000e+000 0.00000000e+000 1.00000000e+000 0.00000000e+000
 1.00000000e+000 2.00008087e+001 1.50036409e+001 1.50001751e+001 9.99779104e+000 8.80001851e+001 5.90003688e+001 1.01798501e+003 1.01199246e+003 3.99409252e+000 2.99989124e+000 1.89948468e+001 1.00000000e+000 0.00000000e+000 0.00000000e+000 0.00000000e+000
 1.00000000e+000 2.49989966e+001 1.50021531e+001 1.69988928e+001 1.19980447e+001 8.80001029e+001 4.99995361e+001 1.01898379e+003 1.01498992e+003 3.99745616e+000 1.99994688e+000 1.90004186e+001 1.00000000e+000 0.00000000e+000 0.00000000e+000 0.00000000e+000
 1.00000000e+000 2.59938479e+001 1.50129242e+001 1.59947935e+001 1.20002854e+001 9.40082839e+001 4.20002216e+001 1.01898471e+003 1.01398435e+003 4.99838654e+000 -2.91257060e-003 2.30009299e+001 0.00000000e+000 0.00000000e+000 0.00000000e+000 1.00000000e+000
 1.00000000e+000 2.50013540e+001 1.29997607e+001 1.30012428e+001 1.09982946e+001 8.79983019e+001 4.09991283e+001 1.01598897e+003 1.01199038e+003 5.00005543e+000 7.29574420e-006 2.29986123e+001 0.00000000e+000 0.00000000e+000 1.00000000e+000 0.00000000e+000
 1.00000000e+000 2.90028421e+001 1.50001189e+001 1.40005644e+001 6.99786727e+000 8.79998660e+001 2.60005190e+001 1.01698839e+003 1.01398801e+003 6.00153020e+000 1.00044499e+000 2.09965681e+001 0.00000000e+000 0.00000000e+000 1.00000000e+000 0.00000000e+000
 1.00000000e+000 2.99994781e+001 1.50008444e+001 1.39990325e+001 7.99762836e+000 8.79998616e+001 2.49991190e+001 1.01698801e+003 1.01398909e+003 4.99907517e+000 1.00056729e+000 1.89993867e+001 0.00000000e+000 0.00000000e+000 0.00000000e+000 1.00000000e+000
 1.00000000e+000 3.09917297e+001 1.70014713e+001 1.59923341e+001 1.20022065e+001 8.80043974e+001 3.09990446e+001 1.01798388e+003 1.01398257e+003 4.99555375e+000 9.99016729e-001 1.60025409e+001 0.00000000e+000 0.00000000e+000 1.00000000e+000 0.00000000e+000
 1.00000000e+000 3.20002488e+001 1.79990390e+001 1.69995400e+001 1.19973572e+001 8.29998490e+001 2.89996563e+001 1.01598929e+003 1.01198899e+003 4.99893862e+000 1.00007801e+000 2.09987309e+001 0.00000000e+000 0.00000000e+000 1.00000000e+000 0.00000000e+000
 1.00000000e+000 3.40008520e+001 1.79989617e+001 1.69998124e+001 1.09981753e+001 8.79997480e+001 2.39998812e+001 1.01298965e+003 1.00899031e+003 8.00014093e+000 1.00027752e+000 2.29988621e+001 0.00000000e+000 0.00000000e+000 1.00000000e+000 0.00000000e+000
 1.00000000e+000 3.40147500e+001 1.79970890e+001 1.79928496e+001 9.00103796e+000 1.00000903e+002 2.09975605e+001 1.01299088e+003 1.00899470e+003 5.00787495e+000 1.00538438e+000 1.10008166e+001 0.00000000e+000 0.00000000e+000 1.00000000e+000 0.00000000e+000
 1.00000000e+000 3.40034302e+001 2.09996433e+001 1.80086375e+001 1.09966413e+001 7.79942175e+001 2.40049003e+001 1.01500254e+003 1.01099115e+003 4.00644340e+000 9.96912088e-001 1.39940277e+001 0.00000000e+000 0.00000000e+000 0.00000000e+000 1.00000000e+000
 1.00000000e+000 3.60063702e+001 1.99958253e+001 1.99935231e+001 1.29981159e+001 1.00001450e+002 2.49941158e+001 1.01898051e+003 1.01199045e+003 4.00192306e+000 1.00402814e+000 2.29960143e+001 0.00000000e+000 0.00000000e+000 0.00000000e+000 1.00000000e+000
 1.00000000e+000 3.49996977e+001 2.29992197e+001 1.69977995e+001 9.99566966e+000 6.90020892e+001 2.29990329e+001 1.01798802e+003 1.01098924e+003 4.99813551e+000 3.00039524e+000 2.59990654e+001 0.00000000e+000 0.00000000e+000 1.00000000e+000 0.00000000e+000
 1.00000000e+000 3.49992206e+001 1.90025638e+001 1.60027163e+001 9.00518447e+000 8.29968027e+001 2.00039476e+001 1.01398290e+003 1.00798426e+003 4.99826411e+000 9.99560058e-001 1.29944431e+001 1.00000000e+000 0.00000000e+000 0.00000000e+000 0.00000000e+000
 1.00000000e+000 2.90001840e+001 2.29996830e+001 1.60001265e+001 8.99773004e+000 5.40012449e+001 3.19988404e+001 1.01198882e+003 1.00698963e+003 3.99966741e+000 2.00015780e+000 2.29987823e+001 0.00000000e+000 0.00000000e+000 0.00000000e+000 1.00000000e+000
 1.00000000e+000 2.70028763e+001 1.99978590e+001 1.80025209e+001 1.49988412e+001 8.79975048e+001 5.09994446e+001 1.01299075e+003 1.00799065e+003 3.99998827e+000 9.99455487e-001 2.29963311e+001 0.00000000e+000 0.00000000e+000 0.00000000e+000 1.00000000e+000
 1.00000000e+000 3.10007481e+001 1.99997431e+001 1.89995588e+001 1.49965039e+001 8.30001517e+001 3.79987228e+001 1.01398870e+003 1.00898896e+003 4.00025805e+000 2.00061096e+000 1.89983389e+001 1.00000000e+000 0.00000000e+000 0.00000000e+000 0.00000000e+000
 1.00000000e+000 3.29984977e+001 1.99999896e+001 1.89998419e+001 1.19977811e+001 8.80007596e+001 2.89992472e+001 1.01098898e+003 1.00599056e+003 3.99718607e+000 9.98546644e-001 1.39990291e+001 0.00000000e+000 0.00000000e+000 0.00000000e+000 1.00000000e+000
 1.00000000e+000 3.40064706e+001 2.19930195e+001 1.60046289e+001 1.20022098e+001 6.90000935e+001 2.80030324e+001 1.00899738e+003 1.00299330e+003 4.00402185e+000 2.99887426e+000 2.29947926e+001 0.00000000e+000 0.00000000e+000 0.00000000e+000 1.00000000e+000
 1.00000000e+000 2.90027082e+001 2.00008610e+001 2.19968261e+001 1.59937894e+001 9.99979423e+001 4.79924108e+001 1.00699139e+003 1.00298941e+003 6.00080258e+000 2.00175859e+000 1.89971155e+001 1.00000000e+000 0.00000000e+000 0.00000000e+000 0.00000000e+000
 1.00000000e+000 2.49941077e+001 1.80057019e+001 1.89974713e+001 1.59970498e+001 9.39977319e+001 5.69945247e+001 1.00798664e+003 1.00398225e+003 5.99537371e+000 1.00083080e+000 1.39979611e+001 1.00000000e+000 0.00000000e+000 0.00000000e+000 0.00000000e+000
 1.00000000e+000 2.89988901e+001 1.69998476e+001 2.00030752e+001 1.29984554e+001 9.99960704e+001 3.69981523e+001 1.00999303e+003 1.00598976e+003 3.99942266e+000 9.97694497e-001 1.10001083e+001 1.00000000e+000 0.00000000e+000 0.00000000e+000 0.00000000e+000
 1.00000000e+000 3.19737180e+001 1.90182033e+001 1.79902035e+001 1.20012865e+001 8.29975672e+001 2.90071219e+001 1.00998274e+003 1.00698747e+003 3.98551825e+000 9.96912939e-001 1.40126703e+001 0.00000000e+000 0.00000000e+000 1.00000000e+000 0.00000000e+000
 1.00000000e+000 2.90017207e+001 1.99938819e+001 1.79986346e+001 1.30051647e+001 7.30047415e+001 3.99990451e+001 1.01299764e+003 1.00799168e+003 4.00434808e+000 2.99970855e+000 2.29992849e+001 0.00000000e+000 0.00000000e+000 0.00000000e+000 1.00000000e+000
 1.00000000e+000 3.30031132e+001 1.99940686e+001 1.80031043e+001 1.00001776e+001 8.29951821e+001 2.39979956e+001 1.01499328e+003 1.01099451e+003 4.99752674e+000 1.00133515e+000 1.39969111e+001 0.00000000e+000 0.00000000e+000 0.00000000e+000 1.00000000e+000
 1.00000000e+000 3.19997112e+001 1.90004289e+001 1.49996151e+001 9.99667125e+000 7.30026846e+001 2.59983830e+001 1.01298782e+003 1.00999078e+003 5.99944838e+000 1.00043749e+000 1.90006069e+001 0.00000000e+000 0.00000000e+000 0.00000000e+000 1.00000000e+000
 1.00000000e+000 3.39992009e+001 2.00009836e+001 1.59959901e+001 1.09955879e+001 7.80020485e+001 2.39986160e+001 1.01198548e+003 1.00798775e+003 4.99863078e+000 1.00135144e+000 2.29968940e+001 0.00000000e+000 0.00000000e+000 0.00000000e+000 1.00000000e+000
 1.00000000e+000 3.70001022e+001 2.09996624e+001 1.59996639e+001 8.99714196e+000 6.90017349e+001 1.89986377e+001 1.01198601e+003 1.00698968e+003 3.99857557e+000 1.00101562e+000 2.29979666e+001 0.00000000e+000 0.00000000e+000 0.00000000e+000 1.00000000e+000
 1.00000000e+000 2.60007234e+001 2.20001694e+001 1.99992456e+001 1.19983010e+001 8.29992746e+001 4.19982101e+001 1.01498821e+003 1.00998971e+003 3.99983876e+000 1.99987164e+000 2.29993452e+001 1.00000000e+000 0.00000000e+000 0.00000000e+000 0.00000000e+000
 1.00000000e+000 3.00026693e+001 1.89979199e+001 1.80013504e+001 1.49981236e+001 9.39980084e+001 3.99989067e+001 1.01599141e+003 1.01199061e+003 5.00069220e+000 1.99993161e+000 2.29970986e+001 1.00000000e+000 0.00000000e+000 0.00000000e+000 0.00000000e+000
 1.00000000e+000 3.19990226e+001 2.20016555e+001 1.79987751e+001 1.49972814e+001 7.80003373e+001 3.59976519e+001 1.01598670e+003 1.01099033e+003 3.99972034e+000 2.00067312e+000 1.90005051e+001 0.00000000e+000 0.00000000e+000 0.00000000e+000 1.00000000e+000
 1.00000000e+000 3.39976894e+001 2.20017257e+001 2.10006847e+001 1.49977923e+001 8.30043413e+001 3.19960108e+001 1.01598599e+003 1.01098852e+003 3.99796838e+000 9.98889816e-001 1.60001019e+001 0.00000000e+000 0.00000000e+000 0.00000000e+000 1.00000000e+000
 1.00000000e+000 3.09999878e+001 2.20009300e+001 1.79988212e+001 1.39980605e+001 7.30004487e+001 3.49983338e+001 1.01898589e+003 1.01398885e+003 3.99991908e+000 2.00073120e+000 2.29993183e+001 0.00000000e+000 0.00000000e+000 0.00000000e+000 1.00000000e+000
 1.00000000e+000 3.60023032e+001 1.99980130e+001 2.00015978e+001 1.29981297e+001 9.39981744e+001 2.59996168e+001 1.01399288e+003 1.00499116e+003 5.00032304e+000 9.99964112e-001 2.29960422e+001 0.00000000e+000 0.00000000e+000 0.00000000e+000 1.00000000e+000
 1.00000000e+000 3.80052708e+001 2.19877093e+001 1.70068926e+001 1.09908081e+001 6.89932280e+001 2.10072287e+001 1.00601557e+003 1.00198568e+003 4.00318827e+000 9.94697425e-001 1.39924879e+001 0.00000000e+000 0.00000000e+000 1.00000000e+000 0.00000000e+000
 1.00000000e+000 4.10026332e+001 2.19953975e+001 1.80036368e+001 9.99341905e+000 7.79959957e+001 1.49997036e+001 1.00699378e+003 1.00399190e+003 4.00083838e+000 9.99122176e-001 1.29997089e+001 0.00000000e+000 0.00000000e+000 0.00000000e+000 1.00000000e+000
 1.00000000e+000 3.89995024e+001 2.79996761e+001 1.70003337e+001 9.99779088e+000 4.20016497e+001 2.09991609e+001 1.01098858e+003 1.00598929e+003 2.99998655e+000 2.00025054e+000 1.89988361e+001 0.00000000e+000 0.00000000e+000 0.00000000e+000 1.00000000e+000
 1.00000000e+000 3.89994311e+001 2.59995356e+001 1.99989598e+001 3.99763214e+000 6.50008212e+001 1.10000220e+001 1.00898798e+003 1.00498902e+003 4.99916328e+000 2.00034352e+000 1.89993892e+001 0.00000000e+000 0.00000000e+000 0.00000000e+000 1.00000000e+000
 1.00000000e+000 3.79976506e+001 2.29997390e+001 9.99703063e+000 2.99590915e+000 4.40040976e+001 1.09999885e+001 1.00698286e+003 1.00298516e+003 3.99815187e+000 2.00024678e+000 2.30022566e+001 0.00000000e+000 0.00000000e+000 0.00000000e+000 1.00000000e+000
 1.00000000e+000 3.89976325e+001 2.40004666e+001 1.19992174e+001 2.99751717e+000 4.40024549e+001 1.09995575e+001 1.00698801e+003 1.00398899e+003 5.00016134e+000 2.00028633e+000 1.60006508e+001 0.00000000e+000 0.00000000e+000 0.00000000e+000 1.00000000e+000
 1.00000000e+000 4.00042581e+001 2.59919108e+001 1.20015795e+001 3.00106231e+000 3.60052285e+001 9.99890784e+000 1.00798806e+003 1.00399559e+003 3.99804328e+000 1.00154595e+000 1.39994225e+001 0.00000000e+000 0.00000000e+000 0.00000000e+000 1.00000000e+000
 1.00000000e+000 3.59984489e+001 2.60009356e+001 1.49988427e+001 9.99734445e+000 4.20020917e+001 2.49991542e+001 1.00898744e+003 1.00398881e+003 1.99934215e+000 9.99758476e-001 2.39990486e+001 0.00000000e+000 0.00000000e+000 0.00000000e+000 1.00000000e+000
 1.00000000e+000 3.30022035e+001 2.39953873e+001 1.69982210e+001 1.29965437e+001 5.30037201e+001 3.50006024e+001 1.01199247e+003 1.00698855e+003 2.99811080e+000 1.99906306e+000 2.69973404e+001 0.00000000e+000 0.00000000e+000 0.00000000e+000 1.00000000e+000
 1.00000000e+000 3.69992772e+001 2.50038678e+001 1.79994514e+001 1.39969045e+001 5.70100903e+001 2.89917053e+001 1.01097722e+003 1.00598508e+003 3.99539074e+000 1.99633962e+000 2.30024450e+001 0.00000000e+000 0.00000000e+000 0.00000000e+000 1.00000000e+000
 1.00000000e+000 3.70003257e+001 2.49984697e+001 2.10012379e+001 1.19977928e+001 5.79983450e+001 2.89979302e+001 1.00799114e+003 1.00398739e+003 4.00101493e+000 2.00013881e+000 2.59968731e+001 0.00000000e+000 0.00000000e+000 0.00000000e+000 1.00000000e+000
 1.00000000e+000 3.60008773e+001 2.49993471e+001 1.90009038e+001 1.39980311e+001 6.49994283e+001 2.69988276e+001 1.00899042e+003 1.00498964e+003 3.99980017e+000 3.00015157e+000 1.59968491e+001 1.00000000e+000 0.00000000e+000 0.00000000e+000 0.00000000e+000
 1.00000000e+000 4.00031497e+001 2.59994823e+001 1.70014497e+001 1.19972867e+001 5.39998613e+001 1.99995798e+001 1.00898989e+003 1.00298958e+003 4.00051153e+000 2.99994587e+000 2.29956244e+001 0.00000000e+000 0.00000000e+000 0.00000000e+000 1.00000000e+000
 1.00000000e+000 3.90020510e+001 2.60023779e+001 1.79987464e+001 9.99982861e+000 4.80006287e+001 2.09995993e+001 1.00998001e+003 1.00499057e+003 5.00166474e+000 2.00122429e+000 2.29957706e+001 0.00000000e+000 0.00000000e+000 0.00000000e+000 1.00000000e+000
 1.00000000e+000 3.90008379e+001 2.39993055e+001 1.89994050e+001 4.99790262e+000 7.29998140e+001 1.39992368e+001 1.00998919e+003 1.00598936e+003 4.99983718e+000 2.00063889e+000 1.59983108e+001 0.00000000e+000 0.00000000e+000 0.00000000e+000 1.00000000e+000
 1.00000000e+000 4.10008453e+001 2.40025116e+001 1.50013708e+001 2.00243206e+000 5.69996995e+001 9.00050596e+000 1.00999145e+003 1.00598755e+003 4.00325893e+000 1.00077292e+000 1.39943020e+001 1.00000000e+000 0.00000000e+000 0.00000000e+000 0.00000000e+000
 1.00000000e+000 3.90014717e+001 2.30004669e+001 1.69972582e+001 1.99707011e+000 6.90028125e+001 1.00008852e+001 1.00998779e+003 1.00698785e+003 4.00031488e+000 1.00051380e+000 1.59982721e+001 0.00000000e+000 0.00000000e+000 0.00000000e+000 1.00000000e+000
 1.00000000e+000 4.09938922e+001 2.30015306e+001 1.39962715e+001 4.99889488e+000 5.70035848e+001 1.09982225e+001 1.00898290e+003 1.00398790e+003 2.99545025e+000 1.00119601e+000 1.90026410e+001 0.00000000e+000 0.00000000e+000 0.00000000e+000 1.00000000e+000
 1.00000000e+000 4.49989285e+001 2.80016823e+001 1.09997511e+001 9.98735361e-001 3.10030494e+001 6.99890663e+000 1.00598774e+003 1.00199142e+003 5.00020378e+000 1.00107906e+000 2.69989138e+001 0.00000000e+000 0.00000000e+000 0.00000000e+000 1.00000000e+000
 1.00000000e+000 4.29948290e+001 2.70037318e+001 8.99630731e+000 3.99673893e+000 2.40051655e+001 8.99844171e+000 1.00798194e+003 1.00298672e+003 4.99688002e+000 2.00111721e+000 1.90019495e+001 0.00000000e+000 0.00000000e+000 0.00000000e+000 1.00000000e+000
 1.00000000e+000 4.29983652e+001 2.80005257e+001 8.99982148e+000 3.99747824e+000 3.00025859e+001 9.99929929e+000 1.00798724e+003 1.00298870e+003 3.99904104e+000 1.00053458e+000 2.29991930e+001 0.00000000e+000 0.00000000e+000 0.00000000e+000 1.00000000e+000
 1.00000000e+000 4.19994964e+001 2.70013564e+001 1.29994171e+001 5.99901296e+000 4.20036542e+001 1.19990226e+001 1.00598676e+003 1.00199080e+003 2.99964857e+000 1.00108126e+000 1.39987296e+001 0.00000000e+000 0.00000000e+000 0.00000000e+000 1.00000000e+000
 1.00000000e+000 4.30041044e+001 2.99955197e+001 1.30053962e+001 5.99729447e+000 2.89978904e+001 1.19996209e+001 1.00499576e+003 1.00099202e+003 5.00191030e+000 1.99953933e+000 2.29950792e+001 0.00000000e+000 0.00000000e+000 0.00000000e+000 1.00000000e+000
 1.00000000e+000 3.90001001e+001 2.89984328e+001 1.69996730e+001 1.09981978e+001 4.49999385e+001 1.99995492e+001 1.00699056e+003 1.00198938e+003 2.99993833e+000 1.99985200e+000 2.69980951e+001 0.00000000e+000 0.00000000e+000 0.00000000e+000 1.00000000e+000
 1.00000000e+000 3.80011055e+001 2.59965234e+001 1.90029036e+001 1.49972560e+001 6.09964107e+001 2.49992962e+001 1.00998982e+003 1.00398779e+003 4.00204140e+000 1.99928985e+000 2.39996451e+001 1.00000000e+000 0.00000000e+000 0.00000000e+000 0.00000000e+000
 1.00000000e+000 3.40015170e+001 2.39985999e+001 2.19994275e+001 1.69989492e+001 8.89987896e+001 4.09968348e+001 1.00999244e+003 1.00598846e+003 5.00099489e+000 2.00086950e+000 1.89962536e+001 0.00000000e+000 0.00000000e+000 0.00000000e+000 1.00000000e+000
 1.00000000e+000 3.70011072e+001 2.29960166e+001 1.80004400e+001 1.49978504e+001 6.89973925e+001 2.69983771e+001 1.01099002e+003 1.00698455e+003 5.00080974e+000 1.99972311e+000 1.39983390e+001 1.00000000e+000 0.00000000e+000 0.00000000e+000 0.00000000e+000
 1.00000000e+000 3.69976908e+001 2.50012214e+001 1.99979764e+001 1.19965216e+001 6.89997270e+001 2.79999719e+001 1.00998729e+003 1.00598803e+003 3.99972492e+000 9.99732904e-001 1.89989583e+001 0.00000000e+000 0.00000000e+000 0.00000000e+000 1.00000000e+000
 1.00000000e+000 3.70007970e+001 2.29976216e+001 1.80017818e+001 1.49985467e+001 6.89972608e+001 2.70005517e+001 1.00798898e+003 1.00299026e+003 3.99970267e+000 9.99024766e-001 1.39983195e+001 1.00000000e+000 0.00000000e+000 0.00000000e+000 0.00000000e+000
 1.00000000e+000 3.99910584e+001 2.60050680e+001 1.79869296e+001 1.29980959e+001 6.10077573e+001 2.09971532e+001 1.00497714e+003 9.99980793e+002 3.99552890e+000 2.00188192e+000 1.90105889e+001 0.00000000e+000 0.00000000e+000 0.00000000e+000 1.00000000e+000
 1.00000000e+000 4.39971189e+001 3.10007343e+001 1.79948548e+001 1.00003425e+001 4.00072828e+001 1.30008750e+001 1.00498232e+003 9.99989375e+002 3.99846220e+000 2.00086986e+000 1.90035324e+001 0.00000000e+000 0.00000000e+000 0.00000000e+000 1.00000000e+000
 1.00000000e+000 4.19994594e+001 2.49976458e+001 2.00007826e+001 8.99841319e+000 6.10012263e+001 1.60000482e+001 1.00798975e+003 1.00098639e+003 3.99966827e+000 9.99896800e-001 3.69982848e+001 0.00000000e+000 0.00000000e+000 0.00000000e+000 1.00000000e+000
 1.00000000e+000 4.29947089e+001 2.19965999e+001 1.90002848e+001 9.99894320e+000 8.30009831e+001 1.40045799e+001 1.00698959e+003 1.00199095e+003 3.99577747e+000 9.97361858e-001 2.30024746e+001 1.00000000e+000 0.00000000e+000 0.00000000e+000 0.00000000e+000
 1.00000000e+000 4.49988026e+001 2.80010007e+001 1.99986547e+001 3.99793081e+000 5.80016248e+001 8.99893216e+000 1.00498822e+003 9.99990009e+002 4.99821278e+000 2.00081054e+000 2.09979364e+001 0.00000000e+000 0.00000000e+000 0.00000000e+000 1.00000000e+000
 1.00000000e+000 4.39978519e+001 2.90049688e+001 1.29968703e+001 2.99692079e+000 3.70065463e+001 7.99974512e+000 1.00298423e+003 9.97984418e+002 4.99950621e+000 2.00100827e+000 1.89974006e+001 0.00000000e+000 0.00000000e+000 0.00000000e+000 1.00000000e+000
 1.00000000e+000 4.40024922e+001 2.99966479e+001 1.30031454e+001 3.99845956e+000 3.49997119e+001 9.00006467e+000 1.00099322e+003 9.95991130e+002 4.00129463e+000 2.99976090e+000 2.39963378e+001 0.00000000e+000 0.00000000e+000 0.00000000e+000 1.00000000e+000
 1.00000000e+000 4.29987527e+001 2.99995658e+001 1.09974997e+001 4.99923131e+000 2.50058307e+001 1.20004114e+001 1.00098513e+003 9.97989796e+002 3.99908533e+000 2.00053214e+000 1.90019120e+001 0.00000000e+000 0.00000000e+000 0.00000000e+000 1.00000000e+000
 1.00000000e+000 4.50021078e+001 3.09969412e+001 1.30026963e+001 2.99839812e+000 3.30001177e+001 8.00012116e+000 1.00099266e+003 9.96991347e+002 4.00104494e+000 1.99990636e+000 2.29969545e+001 0.00000000e+000 0.00000000e+000 0.00000000e+000 1.00000000e+000
 1.00000000e+000 4.59996670e+001 3.19994063e+001 9.00140900e+000 9.98064575e-001 2.00017957e+001 5.99990494e+000 1.00398833e+003 9.98989752e+002 4.99927385e+000 2.00013583e+000 2.29982560e+001 0.00000000e+000 0.00000000e+000 0.00000000e+000 1.00000000e+000
 1.00000000e+000 4.40061269e+001 2.69959582e+001 9.00469470e+000 -4.03067628e-003 3.20006835e+001 7.00042053e+000 1.00598932e+003 1.00198966e+003 4.00325677e+000 9.99732337e-001 2.29960393e+001 0.00000000e+000 0.00000000e+000 0.00000000e+000 1.00000000e+000
 1.00000000e+000 4.29988897e+001 2.89987063e+001 1.60013691e+001 4.00071433e+000 4.49987607e+001 1.29986342e+001 1.00399428e+003 1.00099191e+003 2.99949261e+000 1.00057578e+000 1.39978925e+001 0.00000000e+000 0.00000000e+000 0.00000000e+000 1.00000000e+000
 1.00000000e+000 4.39997789e+001 2.89988615e+001 1.50029296e+001 8.00103284e+000 3.69980760e+001 1.19981652e+001 1.00599345e+003 1.00099311e+003 4.00101261e+000 2.00062387e+000 1.89975490e+001 0.00000000e+000 0.00000000e+000 0.00000000e+000 1.00000000e+000
 1.00000000e+000 4.39977637e+001 2.90013262e+001 1.59978385e+001 5.99703367e+000 4.20028961e+001 1.09990332e+001 1.00698396e+003 1.00198801e+003 4.99798926e+000 2.00063018e+000 1.90007813e+001 0.00000000e+000 0.00000000e+000 0.00000000e+000 1.00000000e+000
 1.00000000e+000 4.09979293e+001 3.09957221e+001 1.49998381e+001 6.99726162e+000 3.40026850e+001 1.29993702e+001 1.00499090e+003 1.00098926e+003 4.00209496e+000 9.99670945e-001 2.70035566e+001 0.00000000e+000 0.00000000e+000 0.00000000e+000 1.00000000e+000
 1.00000000e+000 3.60060047e+001 2.69921616e+001 1.60054990e+001 6.99625396e+000 5.09967115e+001 1.90007984e+001 1.00599711e+003 9.99991511e+002 3.00029680e+000 2.99853779e+000 2.29945456e+001 0.00000000e+000 0.00000000e+000 0.00000000e+000 1.00000000e+000
 1.00000000e+000 4.09987444e+001 2.70006465e+001 1.69993311e+001 6.99820747e+000 5.39999961e+001 1.29945678e+001 1.00699235e+003 1.00298952e+003 4.00037118e+000 2.00059651e+000 2.09988155e+001 1.00000000e+000 0.00000000e+000 0.00000000e+000 0.00000000e+000
 1.00000000e+000 3.29995431e+001 2.49983118e+001 1.99975092e+001 1.39962056e+001 6.50004098e+001 3.09995727e+001 1.00798692e+003 1.00398918e+003 3.99617867e+000 2.99874713e+000 2.70008677e+001 1.00000000e+000 0.00000000e+000 0.00000000e+000 0.00000000e+000
 1.00000000e+000 3.80002541e+001 2.39999386e+001 1.99973191e+001 1.40018600e+001 7.80008185e+001 2.39988831e+001 1.00798836e+003 1.00398937e+003 4.00237079e+000 1.00181507e+000 1.90001093e+001 1.00000000e+000 0.00000000e+000 0.00000000e+000 0.00000000e+000
 1.00000000e+000 3.90018496e+001 2.69974629e+001 1.80009716e+001 1.19990085e+001 5.40010093e+001 1.99999895e+001 1.00799012e+003 1.00299151e+003 3.99986700e+000 1.00011600e+000 1.59986431e+001 0.00000000e+000 0.00000000e+000 0.00000000e+000 1.00000000e+000
 1.00000000e+000 4.10021534e+001 2.79983901e+001 2.00007354e+001 9.99792336e+000 6.19974646e+001 1.69991277e+001 1.00598926e+003 1.00099012e+003 5.00107539e+000 1.00058117e+000 2.09960863e+001 0.00000000e+000 0.00000000e+000 0.00000000e+000 1.00000000e+000
 1.00000000e+000 4.30021824e+001 2.99982222e+001 1.80033729e+001 1.09972879e+001 4.49973067e+001 1.59981100e+001 1.00399178e+003 9.98994011e+002 4.99637378e+000 2.00034671e+000 1.59942654e+001 0.00000000e+000 0.00000000e+000 0.00000000e+000 1.00000000e+000
 1.00000000e+000 4.39976522e+001 3.00010200e+001 1.89968134e+001 7.99825905e+000 5.10031803e+001 1.19993749e+001 1.00298498e+003 9.98988903e+002 4.99810671e+000 2.00075621e+000 1.90011549e+001 0.00000000e+000 0.00000000e+000 0.00000000e+000 1.00000000e+000
 1.00000000e+000 4.29964007e+001 3.29999669e+001 1.69983942e+001 1.09989244e+001 3.40038755e+001 1.60000122e+001 1.00298617e+003 9.99987754e+002 3.99767657e+000 1.99993720e+000 3.19992287e+001 0.00000000e+000 0.00000000e+000 0.00000000e+000 1.00000000e+000
 1.00000000e+000 4.30006875e+001 3.09986846e+001 2.00001682e+001 1.59976281e+001 5.20005237e+001 2.09990347e+001 1.00398908e+003 9.98990224e+002 4.99968868e+000 3.00018305e+000 2.59979179e+001 0.00000000e+000 0.00000000e+000 0.00000000e+000 1.00000000e+000
 1.00000000e+000 4.30065273e+001 3.09958889e+001 1.99979439e+001 1.50087644e+001 4.90081233e+001 2.10016936e+001 1.00498813e+003 9.98999567e+002 5.00699526e+000 2.00163996e+000 2.40010367e+001 0.00000000e+000 0.00000000e+000 0.00000000e+000 1.00000000e+000
 1.00000000e+000 4.10024380e+001 2.99945590e+001 2.10020317e+001 1.09965077e+001 5.49986706e+001 1.79994333e+001 1.00399356e+003 9.96989503e+002 4.00112073e+000 2.99941943e+000 2.29980643e+001 0.00000000e+000 0.00000000e+000 0.00000000e+000 1.00000000e+000
 1.00000000e+000 3.90051856e+001 2.40056677e+001 2.29912444e+001 1.59912272e+001 9.40044870e+001 2.59959916e+001 1.00298747e+003 9.97994851e+002 3.99917869e+000 1.00300057e+000 2.29957306e+001 0.00000000e+000 0.00000000e+000 0.00000000e+000 1.00000000e+000
 1.00000000e+000 3.30058085e+001 2.19923500e+001 2.40029071e+001 1.89957181e+001 9.99960653e+001 4.59991445e+001 1.00398997e+003 9.98988563e+002 4.00344030e+000 2.00061571e+000 2.29975631e+001 1.00000000e+000 0.00000000e+000 0.00000000e+000 0.00000000e+000
 1.00000000e+000 3.70079689e+001 2.69859986e+001 2.40125508e+001 2.00006825e+001 8.39933622e+001 3.89983211e+001 1.00298378e+003 9.98984073e+002 4.01214973e+000 1.00036704e+000 1.60034864e+001 1.00000000e+000 0.00000000e+000 0.00000000e+000 0.00000000e+000
 1.00000000e+000 3.80011284e+001 2.79985215e+001 2.49993942e+001 1.69977075e+001 7.89990161e+001 2.89985393e+001 1.00298805e+003 9.98990210e+002 3.99986165e+000 1.00043706e+000 2.29988743e+001 0.00000000e+000 0.00000000e+000 0.00000000e+000 1.00000000e+000
 1.00000000e+000 3.90010091e+001 2.69990213e+001 2.39990498e+001 1.89984185e+001 8.39993149e+001 3.09987081e+001 1.00198887e+003 9.96989661e+002 4.99949490e+000 1.00047046e+000 1.29983752e+001 0.00000000e+000 0.00000000e+000 0.00000000e+000 1.00000000e+000
 1.00000000e+000 4.10015960e+001 2.99964141e+001 2.30002243e+001 1.69979195e+001 6.59991797e+001 2.39990311e+001 1.00199134e+003 9.96987630e+002 4.00048772e+000 2.00003191e+000 1.39977473e+001 0.00000000e+000 0.00000000e+000 0.00000000e+000 1.00000000e+000
 1.00000000e+000 4.20074102e+001 3.19956040e+001 2.50033528e+001 1.80007077e+001 5.59981731e+001 2.49992565e+001 9.99994978e+002 9.95990577e+002 4.00368204e+000 3.00069559e+000 2.09925734e+001 0.00000000e+000 0.00000000e+000 0.00000000e+000 1.00000000e+000
 1.00000000e+000 3.80008970e+001 2.90013429e+001 2.49975993e+001 1.79980518e+001 7.00029140e+001 3.19961133e+001 1.00198769e+003 9.96992434e+002 4.00003458e+000 2.00190049e+000 2.29977004e+001 0.00000000e+000 0.00000000e+000 0.00000000e+000 1.00000000e+000
 1.00000000e+000 3.50021663e+001 2.49995452e+001 2.49997188e+001 2.10004320e+001 8.89960195e+001 4.40049998e+001 1.00398797e+003 9.96992304e+002 4.99466576e+000 1.99687941e+000 3.69924946e+001 0.00000000e+000 0.00000000e+000 0.00000000e+000 1.00000000e+000
 1.00000000e+000 3.70005847e+001 2.80011115e+001 2.49995268e+001 1.59961940e+001 8.39978128e+001 3.19953441e+001 9.99992063e+002 9.93987194e+002 4.00108833e+000 2.00268403e+000 2.29976171e+001 0.00000000e+000 1.00000000e+000 0.00000000e+000 0.00000000e+000
 1.00000000e+000 4.00014544e+001 2.69982145e+001 2.50005872e+001 2.09980342e+001 8.39991170e+001 3.29988857e+001 9.97993876e+002 9.94992567e+002 4.00382469e+000 2.00029874e+000 2.59966950e+001 0.00000000e+000 0.00000000e+000 0.00000000e+000 1.00000000e+000
 1.00000000e+000 3.60021415e+001 2.49989337e+001 2.60004593e+001 2.19980684e+001 8.89974732e+001 4.69972798e+001 9.98992283e+002 9.93991159e+002 2.99993816e+000 1.00035682e+000 1.39966155e+001 0.00000000e+000 1.00000000e+000 0.00000000e+000 0.00000000e+000
 1.00000000e+000 3.00056826e+001 2.29967057e+001 2.40015292e+001 1.89999886e+001 8.89970118e+001 6.99944726e+001 9.96995235e+002 9.94992477e+002 4.00548597e+000 1.00205044e+000 1.59952636e+001 0.00000000e+000 1.00000000e+000 0.00000000e+000 0.00000000e+000
 1.00000000e+000 3.90020263e+001 2.59984056e+001 2.49986750e+001 1.89979938e+001 9.39990174e+001 3.29988154e+001 9.97989970e+002 9.94991097e+002 3.99979875e+000 1.00123790e+000 2.09964976e+001 0.00000000e+000 1.00000000e+000 0.00000000e+000 0.00000000e+000
 1.00000000e+000 3.80037104e+001 2.79958149e+001 2.30024738e+001 2.00004352e+001 7.00003375e+001 3.90022721e+001 1.00099221e+003 9.96993392e+002 3.99937639e+000 2.99856257e+000 2.39965736e+001 0.00000000e+000 0.00000000e+000 1.00000000e+000 0.00000000e+000
 1.00000000e+000 4.00077731e+001 2.79932101e+001 2.40038612e+001 1.99979834e+001 6.59987221e+001 3.09995374e+001 1.00399615e+003 9.99992438e+002 4.00322818e+000 3.00003803e+000 2.29933735e+001 0.00000000e+000 0.00000000e+000 0.00000000e+000 1.00000000e+000
 1.00000000e+000 3.50033977e+001 2.70029092e+001 2.40020150e+001 2.09972756e+001 8.40000509e+001 4.70011569e+001 1.00698990e+003 1.00299771e+003 3.99976313e+000 1.99956265e+000 2.29960630e+001 0.00000000e+000 0.00000000e+000 0.00000000e+000 1.00000000e+000
 1.00000000e+000 3.50004985e+001 2.80013742e+001 2.29984842e+001 2.00001721e+001 7.00018374e+001 4.69977304e+001 1.00698684e+003 1.00199141e+003 3.99950093e+000 3.00073911e+000 1.59990594e+001 0.00000000e+000 1.00000000e+000 0.00000000e+000 0.00000000e+000
 1.00000000e+000 3.69996581e+001 2.70112145e+001 2.39971982e+001 1.89850702e+001 8.40003739e+001 4.40120980e+001 1.00599006e+003 1.00098552e+003 4.00340006e+000 2.99456286e+000 2.29967953e+001 0.00000000e+000 0.00000000e+000 0.00000000e+000 1.00000000e+000
 1.00000000e+000 3.89974584e+001 2.80019922e+001 2.29958437e+001 1.79997236e+001 6.60001616e+001 2.90005729e+001 1.00498912e+003 9.99990009e+002 3.99793705e+000 2.99892890e+000 2.10008943e+001 0.00000000e+000 0.00000000e+000 0.00000000e+000 1.00000000e+000
 1.00000000e+000 4.10033837e+001 2.80011414e+001 2.40002019e+001 1.89979598e+001 7.40033480e+001 2.90046419e+001 1.00298659e+003 9.99996810e+002 3.99475715e+000 2.99877181e+000 3.39957184e+001 1.00000000e+000 0.00000000e+000 0.00000000e+000 0.00000000e+000
 1.00000000e+000 3.80018003e+001 2.70001517e+001 2.49985756e+001 2.19989507e+001 7.90008567e+001 4.39974043e+001 1.00198929e+003 9.98990977e+002 4.00000635e+000 2.00092853e+000 2.39967095e+001 0.00000000e+000 0.00000000e+000 0.00000000e+000 1.00000000e+000
 1.00000000e+000 3.80003003e+001 3.29991837e+001 2.39983388e+001 1.99984181e+001 5.50021982e+001 3.89979204e+001 9.98988313e+002 9.95990218e+002 3.99924115e+000 1.00068760e+000 1.89991849e+001 0.00000000e+000 0.00000000e+000 0.00000000e+000 1.00000000e+000
 1.00000000e+000 3.49999955e+001 2.60002378e+001 2.49969088e+001 2.19982863e+001 9.40009530e+001 4.89973264e+001 1.00098719e+003 9.96989800e+002 3.99881864e+000 2.00080354e+000 1.89996541e+001 0.00000000e+000 0.00000000e+000 0.00000000e+000 1.00000000e+000
 1.00000000e+000 3.30026357e+001 2.50029334e+001 2.59980082e+001 2.29998610e+001 1.00005198e+002 5.89907042e+001 1.00099398e+003 9.97993696e+002 2.00633912e+000 1.00702046e+000 1.89917280e+001 0.00000000e+000 1.00000000e+000 0.00000000e+000 0.00000000e+000
 1.00000000e+000 3.49995241e+001 2.70008128e+001 2.59964887e+001 2.19976688e+001 9.40015444e+001 5.59965514e+001 1.00198608e+003 9.98989397e+002 2.99809313e+000 1.00107834e+000 1.59998967e+001 1.00000000e+000 0.00000000e+000 0.00000000e+000 0.00000000e+000
 1.00000000e+000 3.30020310e+001 2.60029905e+001 2.69999787e+001 2.29974016e+001 9.39976715e+001 5.89953635e+001 1.00299234e+003 9.97992577e+002 2.99706813e+000 1.25421824e-003 1.39922121e+001 0.00000000e+000 0.00000000e+000 1.00000000e+000 0.00000000e+000
 1.00000000e+000 2.80089965e+001 2.59933625e+001 2.70043295e+001 2.20015650e+001 9.99969439e+001 7.79997176e+001 1.00199644e+003 9.97994970e+002 2.00246655e+000 9.99073384e-001 1.89936064e+001 0.00000000e+000 1.00000000e+000 0.00000000e+000 0.00000000e+000
 1.00000000e+000 2.60069785e+001 2.39933907e+001 2.60034826e+001 2.19978490e+001 9.99954817e+001 8.89974258e+001 1.00199131e+003 9.99989279e+002 1.00193562e+000 -1.01098750e-003 1.59964302e+001 0.00000000e+000 1.00000000e+000 0.00000000e+000 0.00000000e+000
 1.00000000e+000 2.60021998e+001 2.49986480e+001 2.59973951e+001 2.39996404e+001 1.00001008e+002 8.89962232e+001 1.00298707e+003 9.97989799e+002 9.99361500e-001 1.00039413e+000 3.19981001e+001 0.00000000e+000 0.00000000e+000 0.00000000e+000 0.00000000e+000
 1.00000000e+000 3.29995606e+001 2.50010153e+001 2.59952706e+001 2.19979078e+001 9.40021726e+001 5.49962621e+001 1.00398358e+003 1.00098789e+003 5.99745573e+000 1.00069716e+000 1.10001366e+001 0.00000000e+000 1.00000000e+000 0.00000000e+000 0.00000000e+000
 1.00000000e+000 3.60121520e+001 2.79930017e+001 2.59973060e+001 2.29956792e+001 8.90058432e+001 4.99960806e+001 1.00298046e+003 9.97989077e+002 5.00100580e+000 3.00174591e+000 1.89964917e+001 0.00000000e+000 0.00000000e+000 0.00000000e+000 1.00000000e+000
 1.00000000e+000 3.69880558e+001 2.80027835e+001 2.60014157e+001 2.19907325e+001 8.40065671e+001 4.40091222e+001 9.98989989e+002 9.94990453e+002 5.00860984e+000 3.99760881e+000 2.39937126e+001 0.00000000e+000 0.00000000e+000 0.00000000e+000 1.00000000e+000
 1.00000000e+000 3.70155490e+001 2.89849991e+001 2.70058440e+001 2.20032237e+001 7.89919515e+001 4.70053334e+001 9.97998688e+002 9.93994144e+002 5.00152777e+000 2.99840147e+000 2.29868351e+001 0.00000000e+000 0.00000000e+000 0.00000000e+000 1.00000000e+000
 1.00000000e+000 3.30000030e+001 2.90003861e+001 2.69965375e+001 2.49983533e+001 8.90015246e+001 6.59966310e+001 9.99985513e+002 9.96988525e+002 2.99816592e+000 1.00080901e+000 1.59993562e+001 0.00000000e+000 0.00000000e+000 0.00000000e+000 1.00000000e+000
 1.00000000e+000 3.29991105e+001 2.79971627e+001 2.69989660e+001 2.39986887e+001 9.40009767e+001 6.59995862e+001 1.00098699e+003 9.96989782e+002 2.99806673e+000 9.99098077e-001 1.10005164e+001 0.00000000e+000 1.00000000e+000 0.00000000e+000 0.00000000e+000
 1.00000000e+000 3.30016094e+001 2.59994628e+001 2.69987806e+001 2.29987773e+001 9.39993163e+001 5.89969545e+001 1.00098819e+003 9.96989610e+002 3.99933481e+000 1.00048871e+000 1.39981464e+001 1.00000000e+000 0.00000000e+000 0.00000000e+000 1.00000000e+000
 1.00000000e+000 3.20032730e+001 2.49979895e+001 2.59995771e+001 2.29992583e+001 9.99986894e+001 6.59973333e+001 1.00199070e+003 9.97991084e+002 3.99975225e+000 1.00011633e+000 1.59971257e+001 1.00000000e+000 0.00000000e+000 0.00000000e+000 0.00000000e+000
 1.00000000e+000 3.50033661e+001 2.69986948e+001 2.70009414e+001 2.29994544e+001 8.89996234e+001 5.89978542e+001 1.00299196e+003 9.99992708e+002 4.99957052e+000 2.00047246e+000 1.39951884e+001 1.00000000e+000 0.00000000e+000 0.00000000e+000 0.00000000e+000
 1.00000000e+000 3.50001760e+001 2.80037052e+001 2.69994618e+001 2.40026095e+001 9.39973628e+001 5.59956049e+001 1.00498893e+003 9.99994550e+002 4.00333195e+000 2.00188649e+000 1.89983560e+001 0.00000000e+000 0.00000000e+000 0.00000000e+000 1.00000000e+000
 1.00000000e+000 3.40028751e+001 2.79974143e+001 2.70077971e+001 2.39994593e+001 8.89919204e+001 5.90016729e+001 1.00498961e+003 1.00098973e+003 4.00115567e+000 1.99701696e+000 1.59990753e+001 0.00000000e+000 0.00000000e+000 0.00000000e+000 1.00000000e+000
 1.00000000e+000 3.40040718e+001 2.80084271e+001 2.69991252e+001 2.29898174e+001 8.90032372e+001 5.90039261e+001 1.00499138e+003 9.99986003e+002 3.00739457e+000 1.99766553e+000 1.89959712e+001 0.00000000e+000 0.00000000e+000 0.00000000e+000 1.00000000e+000
 1.00000000e+000 3.50014253e+001 2.79986950e+001 2.69988746e+001 2.49976877e+001 8.89995609e+001 5.59978778e+001 1.00298947e+003 9.97989789e+002 3.99888286e+000 1.00036436e+000 2.09974137e+001 0.00000000e+000 0.00000000e+000 0.00000000e+000 1.00000000e+000
 1.00000000e+000 3.20007840e+001 2.79997796e+001 2.69973535e+001 2.29984591e+001 8.90010980e+001 6.59969097e+001 1.00198717e+003 9.98989682e+002 3.99862162e+000 1.00065529e+000 2.29987140e+001 1.00000000e+000 0.00000000e+000 0.00000000e+000 0.00000000e+000
 1.00000000e+000 3.30022220e+001 2.59983183e+001 2.60009552e+001 2.19982052e+001 8.89972967e+001 5.49964704e+001 1.00299052e+003 9.99990042e+002 5.00080201e+000 2.99992839e+000 2.29976962e+001 1.00000000e+000 0.00000000e+000 0.00000000e+000 0.00000000e+000
 1.00000000e+000 3.30000333e+001 2.60005011e+001 2.39966766e+001 1.99984576e+001 8.90016760e+001 5.19974066e+001 1.00298658e+003 9.99989191e+002 4.99828694e+000 2.00080415e+000 2.09991835e+001 0.00000000e+000 1.00000000e+000 0.00000000e+000 0.00000000e+000
 1.00000000e+000 3.09992504e+001 2.50041412e+001 2.50045337e+001 2.09932039e+001 8.89873554e+001 6.59900974e+001 1.00199266e+003 9.96987650e+002 3.99399914e+000 2.00540548e+000 2.59882692e+001 0.00000000e+000 0.00000000e+000 0.00000000e+000 1.00000000e+000
 1.00000000e+000 2.99981605e+001 2.59916076e+001 2.50054055e+001 2.29892099e+001 9.39915766e+001 6.59996688e+001 1.00099204e+003 9.98992380e+002 3.99812012e+000 1.99571351e+000 1.90062185e+001 0.00000000e+000 0.00000000e+000 0.00000000e+000 1.00000000e+000
 1.00000000e+000 3.10071412e+001 2.49956926e+001 2.50077677e+001 2.29997299e+001 9.99898937e+001 6.19945280e+001 1.00299377e+003 9.99991718e+002 3.00969751e+000 1.00020820e+000 1.39982601e+001 0.00000000e+000 0.00000000e+000 0.00000000e+000 1.00000000e+000
 1.00000000e+000 3.10082760e+001 2.49876592e+001 2.50121433e+001 2.30055912e+001 9.39900360e+001 6.60060074e+001 1.00498463e+003 1.00198751e+003 4.00800281e+000 1.99504020e+000 1.40040688e+001 0.00000000e+000 0.00000000e+000 0.00000000e+000 1.00000000e+000
 1.00000000e+000 3.29992059e+001 2.60014392e+001 2.59965811e+001 2.19988664e+001 8.90015560e+001 5.89975337e+001 1.00698444e+003 1.00398794e+003 3.99726876e+000 2.00076579e+000 2.09987932e+001 1.00000000e+000 0.00000000e+000 0.00000000e+000 0.00000000e+000
 1.00000000e+000 3.50002337e+001 2.59994626e+001 2.59972751e+001 2.30009370e+001 9.40022208e+001 4.89978197e+001 1.00598670e+003 1.00098918e+003 5.00015967e+000 2.00031086e+000 1.40001557e+001 0.00000000e+000 0.00000000e+000 0.00000000e+000 1.00000000e+000
 1.00000000e+000 3.50024399e+001 2.69972447e+001 2.59987783e+001 2.19979218e+001 8.89996423e+001 4.69990526e+001 1.00399235e+003 9.98990243e+002 3.99972331e+000 4.00029260e+000 1.09977664e+001 1.00000000e+000 0.00000000e+000 0.00000000e+000 0.00000000e+000
 1.00000000e+000 3.40048775e+001 2.69957979e+001 2.60019353e+001 2.49989068e+001 9.39978928e+001 5.89992527e+001 1.00199407e+003 9.98991410e+002 3.00183256e+000 9.99544091e-001 1.89958808e+001 1.00000000e+000 0.00000000e+000 0.00000000e+000 0.00000000e+000
 1.00000000e+000 3.40032797e+001 2.69986981e+001 2.69992987e+001 2.39992510e+001 9.39995091e+001 5.59972692e+001 1.00099042e+003 9.98991552e+002 3.00061081e+000 1.00105357e+000 1.39978371e+001 1.00000000e+000 0.00000000e+000 0.00000000e+000 0.00000000e+000
 1.00000000e+000 3.40026407e+001 2.60016706e+001 2.69942037e+001 2.50001020e+001 9.40067610e+001 5.90042181e+001 1.00298131e+003 9.99992180e+002 3.99221198e+000 1.00179226e+000 1.59963855e+001 1.00000000e+000 0.00000000e+000 0.00000000e+000 0.00000000e+000
 1.00000000e+000 3.20021129e+001 2.59988459e+001 2.69981179e+001 2.39992832e+001 1.00000523e+002 6.59986392e+001 1.00498957e+003 1.00199008e+003 1.99803300e+000 1.00007522e+000 1.39971810e+001 0.00000000e+000 0.00000000e+000 0.00000000e+000 1.00000000e+000
 1.00000000e+000 2.89953841e+001 2.60056916e+001 2.69911057e+001 2.50011917e+001 1.00006058e+002 7.89987723e+001 1.00397604e+003 9.98987072e+002 1.99506353e+000 2.07064982e-003 1.30021785e+001 0.00000000e+000 0.00000000e+000 1.00000000e+000 0.00000000e+000
 1.00000000e+000 3.40027729e+001 2.69975204e+001 2.69996798e+001 2.49994595e+001 8.89994868e+001 6.29971159e+001 1.00399371e+003 9.99989304e+002 4.00034856e+000 1.00064194e+000 1.59952233e+001 1.00000000e+000 0.00000000e+000 0.00000000e+000 0.00000000e+000
 1.00000000e+000 3.30018949e+001 2.59976708e+001 2.79990968e+001 2.49987869e+001 9.99993753e+001 7.09978232e+001 1.00598846e+003 1.00099039e+003 4.00018425e+000 2.00003646e+000 1.89999608e+001 1.00000000e+000 0.00000000e+000 0.00000000e+000 0.00000000e+000
 1.00000000e+000 3.50014825e+001 2.59984211e+001 2.69987034e+001 2.39981776e+001 9.40007877e+001 5.30002553e+001 1.00699106e+003 1.00298977e+003 3.99909947e+000 2.00031582e+000 1.59978019e+001 1.00000000e+000 0.00000000e+000 0.00000000e+000 0.00000000e+000
 1.00000000e+000 3.50040567e+001 2.79965926e+001 2.70012839e+001 2.49990778e+001 9.39982772e+001 5.59986091e+001 1.00599364e+003 1.00199178e+003 4.00078011e+000 2.99994763e+000 1.29962383e+001 0.00000000e+000 0.00000000e+000 0.00000000e+000 1.00000000e+000
 1.00000000e+000 3.30028001e+001 2.89966377e+001 2.70008937e+001 2.49993125e+001 8.89985781e+001 6.59985667e+001 1.00499076e+003 1.00199186e+003 4.00143148e+000 2.99958941e+000 9.99937922e+001 0.00000000e+000 0.00000000e+000 0.00000000e+000 1.00000000e+000
 1.00000000e+000 3.10031718e+001 2.59980196e+001 2.80000250e+001 2.49994733e+001 9.99988806e+001 7.89974213e+001 1.00599056e+003 1.00299109e+003 3.99975154e+000 1.00013280e+000 1.39975572e+001 0.00000000e+000 0.00000000e+000 0.00000000e+000 1.00000000e+000
 1.00000000e+000 3.40084197e+001 2.49947150e+001 2.60025440e+001 2.39925904e+001 9.99968517e+001 5.89966691e+001 1.00699295e+003 1.00299349e+003 5.00023377e+000 1.00254890e+000 1.09940433e+001 1.00000000e+000 0.00000000e+000 0.00000000e+000 0.00000000e+000
 1.00000000e+000 3.49983192e+001 2.69952719e+001 2.69971406e+001 2.49961867e+001 9.99984255e+001 5.60029311e+001 1.00499144e+003 1.00099188e+003 4.00234397e+000 1.99835661e+000 1.59941524e+001 0.00000000e+000 1.00000000e+000 0.00000000e+000 0.00000000e+000
 1.00000000e+000 3.49947610e+001 2.50057147e+001 2.59959895e+001 2.39974836e+001 9.39993628e+001 5.89952739e+001 1.00498531e+003 1.00198904e+003 3.99680028e+000 2.00131694e+000 2.40006388e+001 1.00000000e+000 0.00000000e+000 0.00000000e+000 0.00000000e+000
 1.00000000e+000 3.50058173e+001 2.49971238e+001 2.69988881e+001 2.39986139e+001 9.39999869e+001 5.59991003e+001 1.00599163e+003 1.00299121e+003 4.99961940e+000 3.00028342e+000 2.29947031e+001 1.00000000e+000 0.00000000e+000 0.00000000e+000 0.00000000e+000
 1.00000000e+000 3.39992425e+001 2.70008405e+001 2.49986300e+001 2.29980652e+001 8.39983071e+001 5.59968680e+001 1.00498861e+003 1.00198826e+003 5.00046351e+000 3.00049619e+000 2.29995024e+001 1.00000000e+000 0.00000000e+000 0.00000000e+000 0.00000000e+000
 1.00000000e+000 3.30022177e+001 2.69982818e+001 2.59994955e+001 2.19985564e+001 8.40002835e+001 5.89982122e+001 1.00499028e+003 1.00199120e+003 3.99967075e+000 3.00015610e+000 1.89981006e+001 0.00000000e+000 0.00000000e+000 0.00000000e+000 1.00000000e+000
 1.00000000e+000 3.30055662e+001 2.59978309e+001 2.59997922e+001 2.20020436e+001 8.40020462e+001 5.89998009e+001 1.00398751e+003 1.00099191e+003 5.00097903e+000 3.00002583e+000 1.90008199e+001 0.00000000e+000 0.00000000e+000 0.00000000e+000 1.00000000e+000
 1.00000000e+000 3.50026461e+001 2.39980076e+001 2.59995265e+001 2.19992598e+001 9.39994550e+001 5.29985744e+001 1.00399111e+003 1.00099093e+003 5.00057804e+000 2.00043210e+000 2.09975730e+001 0.00000000e+000 0.00000000e+000 0.00000000e+000 1.00000000e+000
 1.00000000e+000 3.40076586e+001 2.49937477e+001 2.50117131e+001 2.19994699e+001 9.39937018e+001 5.59992457e+001 1.00600532e+003 1.00198819e+003 4.00051326e+000 9.98682837e-001 1.89914251e+001 0.00000000e+000 0.00000000e+000 0.00000000e+000 1.00000000e+000
 1.00000000e+000 3.60012359e+001 2.60012374e+001 2.49994708e+001 2.19972491e+001 8.39996177e+001 4.90009687e+001 1.00399074e+003 1.00099329e+003 3.99969309e+000 2.99925942e+000 2.30001123e+001 0.00000000e+000 0.00000000e+000 0.00000000e+000 1.00000000e+000
 1.00000000e+000 3.50017576e+001 2.69987425e+001 2.59991531e+001 2.29987832e+001 8.40007475e+001 5.29989299e+001 1.00499014e+003 1.00099078e+003 5.99989441e+000 3.00044046e+000 2.29976836e+001 0.00000000e+000 0.00000000e+000 0.00000000e+000 1.00000000e+000
 1.00000000e+000 3.60021208e+001 2.69981560e+001 2.60002007e+001 2.19993581e+001 8.39994750e+001 4.39990223e+001 1.00599202e+003 1.00199143e+003 3.99994002e+000 3.00025946e+000 1.39974892e+001 0.00000000e+000 0.00000000e+000 0.00000000e+000 1.00000000e+000
 1.00000000e+000 3.70020149e+001 2.79979248e+001 2.59992943e+001 2.29977688e+001 8.89996217e+001 4.69964739e+001 1.00699588e+003 1.00299182e+003 3.00103146e+000 1.00104734e+000 1.09972994e+001 0.00000000e+000 0.00000000e+000 0.00000000e+000 1.00000000e+000
 1.00000000e+000 3.69970271e+001 2.70021873e+001 2.49958514e+001 2.19992221e+001 8.90014993e+001 4.19970565e+001 1.00498700e+003 1.00098707e+003 3.99704050e+000 2.00123886e+000 1.59999249e+001 0.00000000e+000 0.00000000e+000 0.00000000e+000 1.00000000e+000
 1.00000000e+000 3.59974652e+001 2.89987958e+001 2.59962496e+001 2.19996381e+001 8.40027748e+001 4.39985980e+001 1.00498607e+003 1.00098663e+003 3.99906937e+000 2.00024257e+000 2.30002316e+001 0.00000000e+000 0.00000000e+000 0.00000000e+000 1.00000000e+000
 1.00000000e+000 3.49974507e+001 2.79980269e+001 2.39946990e+001 2.09963109e+001 7.40042604e+001 4.39990855e+001 1.00599194e+003 1.00198750e+003 4.99183422e+000 4.00016344e+000 1.89971033e+001 0.00000000e+000 0.00000000e+000 0.00000000e+000 1.00000000e+000
 1.00000000e+000 3.49997146e+001 2.69997802e+001 2.39983611e+001 1.99993413e+001 7.40009737e+001 4.09989293e+001 1.00398835e+003 1.00099016e+003 4.99900713e+000 3.00066232e+000 2.29992625e+001 0.00000000e+000 0.00000000e+000 0.00000000e+000 1.00000000e+000
 1.00000000e+000 3.40017149e+001 2.69977676e+001 2.39993936e+001 1.99990582e+001 7.40010907e+001 4.40006695e+001 1.00498978e+003 1.00199134e+003 3.99915682e+000 3.00057391e+000 2.39988494e+001 0.00000000e+000 0.00000000e+000 0.00000000e+000 1.00000000e+000
 1.00000000e+000 3.40020377e+001 2.59985868e+001 2.29997838e+001 1.89997114e+001 7.89996783e+001 4.39988668e+001 1.00899142e+003 1.00499118e+003 3.99975053e+000 3.00042722e+000 2.29974149e+001 0.00000000e+000 0.00000000e+000 0.00000000e+000 1.00000000e+000
 1.00000000e+000 3.60036092e+001 2.49970308e+001 2.20017702e+001 1.59989243e+001 7.39994616e+001 2.99997648e+001 1.01099308e+003 1.00799197e+003 5.00085204e+000 2.00078441e+000 2.29963573e+001 0.00000000e+000 0.00000000e+000 0.00000000e+000 1.00000000e+000
 1.00000000e+000 3.60014034e+001 2.60005227e+001 2.19979971e+001 1.49990378e+001 7.00022159e+001 2.79975851e+001 1.01099660e+003 1.00699340e+003 4.99956296e+000 4.00164698e+000 2.29951461e+001 0.00000000e+000 0.00000000e+000 0.00000000e+000 1.00000000e+000
 1.00000000e+000 3.60022059e+001 2.49962750e+001 2.10003147e+001 1.69997162e+001 7.39994644e+001 3.39989802e+001 1.00999267e+003 1.00599087e+003 3.99896191e+000 2.99992628e+000 2.29974127e+001 0.00000000e+000 0.00000000e+000 0.00000000e+000 1.00000000e+000
 1.00000000e+000 3.60008379e+001 2.49986520e+001 2.10012110e+001 1.50012199e+001 7.39996959e+001 2.79988728e+001 1.00899430e+003 1.00599363e+003 4.99926631e+000 3.99998102e+000 2.29965740e+001 0.00000000e+000 0.00000000e+000 0.00000000e+000 1.00000000e+000
 1.00000000e+000 3.60016614e+001 2.49988873e+001 2.20004734e+001 1.79989946e+001 7.80001827e+001 3.59999819e+001 1.00899181e+003 1.00599072e+003 5.00082284e+000 3.00023623e+000 2.09975763e+001 0.00000000e+000 0.00000000e+000 0.00000000e+000 1.00000000e+000
 1.00000000e+000 3.60103506e+001 2.39925325e+001 2.20187483e+001 1.69977633e+001 8.29786497e+001 3.39935229e+001 1.00901223e+003 1.00599373e+003 5.01371795e+000 2.99919072e+000 1.89890225e+001 0.00000000e+000 0.00000000e+000 0.00000000e+000 1.00000000e+000
 1.00000000e+000 3.60010879e+001 2.49984103e+001 2.19994812e+001 1.69989781e+001 8.29999575e+001 3.19992433e+001 1.01099024e+003 1.00699084e+003 6.00002029e+000 2.00038508e+000 6.29968507e+001 0.00000000e+000 0.00000000e+000 0.00000000e+000 1.00000000e+000
 1.00000000e+000 3.60012083e+001 2.49985459e+001 2.19975305e+001 1.80035176e+001 7.40032067e+001 3.89992298e+001 1.00999007e+003 1.00599126e+003 5.00205159e+000 2.00130546e+000 2.29986689e+001 0.00000000e+000 0.00000000e+000 0.00000000e+000 1.00000000e+000
 1.00000000e+000 3.70006120e+001 2.60009820e+001 2.49990821e+001 1.69992634e+001 8.30004905e+001 2.99988711e+001 1.00998841e+003 1.00599258e+003 4.99922375e+000 1.00083590e+000 1.39991404e+001 0.00000000e+000 0.00000000e+000 0.00000000e+000 1.00000000e+000
 1.00000000e+000 3.70024241e+001 2.59978618e+001 2.49991253e+001 1.89999029e+001 8.89987351e+001 3.49986681e+001 1.01099106e+003 1.00499117e+003 3.99935378e+000 1.99986292e+000 1.09978469e+001 0.00000000e+000 0.00000000e+000 0.00000000e+000 1.00000000e+000
 1.00000000e+000 3.70007071e+001 2.69985271e+001 2.49993292e+001 1.79993377e+001 8.40001951e+001 3.69994610e+001 1.00799058e+003 1.00299072e+003 2.99935643e+000 1.00031698e+000 2.09980147e+001 0.00000000e+000 0.00000000e+000 0.00000000e+000 1.00000000e+000
 1.00000000e+000 3.70037381e+001 2.69982134e+001 2.60011670e+001 1.99990588e+001 8.39991326e+001 3.69992747e+001 1.00699122e+003 1.00299239e+003 3.99984950e+000 2.00031260e+000 1.09969301e+001 0.00000000e+000 0.00000000e+000 0.00000000e+000 1.00000000e+000
 1.00000000e+000 3.60039750e+001 2.79961305e+001 2.50006107e+001 1.99991763e+001 8.39994356e+001 3.89992685e+001 1.00699132e+003 1.00298935e+003 3.00093643e+000 2.00037996e+000 2.09982958e+001 0.00000000e+000 0.00000000e+000 0.00000000e+000 1.00000000e+000
 1.00000000e+000 3.60070781e+001 2.79678140e+001 2.49896629e+001 2.00066864e+001 7.40098346e+001 4.09805000e+001 1.00799482e+003 1.00401342e+003 2.97316637e+000 2.00897630e+000 9.29929027e+001 0.00000000e+000 0.00000000e+000 0.00000000e+000 1.00000000e+000
 1.00000000e+000 3.40022071e+001 2.79977302e+001 2.49998650e+001 2.29989513e+001 7.90001517e+001 5.19984537e+001 1.00899105e+003 1.00499071e+003 4.00001798e+000 2.00028098e+000 2.09979960e+001 0.00000000e+000 0.00000000e+000 0.00000000e+000 1.00000000e+000
 1.00000000e+000 3.49988876e+001 2.60012403e+001 2.69977856e+001 2.39989415e+001 1.00000315e+002 5.29981705e+001 1.00698841e+003 1.00299165e+003 2.99790840e+000 1.00064112e+000 1.40003113e+001 0.00000000e+000 0.00000000e+000 0.00000000e+000 1.00000000e+000
 1.00000000e+000 3.60069443e+001 2.69955005e+001 2.60068508e+001 2.20010918e+001 8.89944052e+001 4.40015602e+001 1.00599497e+003 1.00199375e+003 4.00149698e+000 1.99893741e+000 1.59930388e+001 1.00000000e+000 0.00000000e+000 0.00000000e+000 0.00000000e+000
 1.00000000e+000 3.50013442e+001 2.59990900e+001 2.50004251e+001 2.09992076e+001 8.39990316e+001 4.69982518e+001 1.00599131e+003 1.00198989e+003 3.99942558e+000 3.00013802e+000 1.59973181e+001 0.00000000e+000 0.00000000e+000 0.00000000e+000 1.00000000e+000
 1.00000000e+000 3.40030521e+001 2.59961324e+001 2.50038867e+001 2.20050951e+001 8.89965207e+001 4.90013238e+001 1.00498745e+003 1.00199178e+003 5.00408218e+000 3.99943811e+000 2.10018302e+001 0.00000000e+000 0.00000000e+000 0.00000000e+000 1.00000000e+000
 1.00000000e+000 3.20045440e+001 2.49962913e+001 2.30027617e+001 2.09964077e+001 8.89967050e+001 5.49968820e+001 1.00999636e+003 1.00499330e+003 9.00106053e+000 3.99993932e+000 2.39964626e+001 0.00000000e+000 0.00000000e+000 0.00000000e+000 1.00000000e+000
 1.00000000e+000 3.40016295e+001 2.39956375e+001 2.19963079e+001 1.49985204e+001 8.90031416e+001 3.19989391e+001 1.00799106e+003 1.00498924e+003 6.00187293e+000 3.00101873e+000 2.30024937e+001 0.00000000e+000 0.00000000e+000 0.00000000e+000 1.00000000e+000
 1.00000000e+000 3.50009972e+001 2.29993430e+001 1.89994555e+001 1.49992645e+001 7.30009909e+001 3.19990924e+001 1.00699069e+003 1.00399104e+003 5.99876052e+000 3.00052820e+000 2.09981192e+001 0.00000000e+000 0.00000000e+000 0.00000000e+000 1.00000000e+000
 1.00000000e+000 3.50025033e+001 2.49980607e+001 2.10009487e+001 1.69996347e+001 6.90002394e+001 3.59992657e+001 1.00799171e+003 1.00499083e+003 5.00019829e+000 3.00010412e+000 1.89972028e+001 0.00000000e+000 0.00000000e+000 0.00000000e+000 1.00000000e+000
 1.00000000e+000 3.40017699e+001 2.49990867e+001 2.20001185e+001 1.79997822e+001 8.29998924e+001 4.09983905e+001 1.00999094e+003 1.00699113e+003 5.00034297e+000 2.00066612e+000 1.59981618e+001 0.00000000e+000 0.00000000e+000 0.00000000e+000 1.00000000e+000
 1.00000000e+000 3.40006660e+001 2.30043482e+001 2.20068671e+001 1.69935633e+001 8.89910509e+001 3.79974326e+001 1.01199375e+003 1.00898308e+003 5.00232068e+000 2.99905230e+000 2.09926099e+001 0.00000000e+000 0.00000000e+000 0.00000000e+000 1.00000000e+000
 1.00000000e+000 3.40019384e+001 2.19982339e+001 2.09995128e+001 1.59997009e+001 8.79994897e+001 3.39984648e+001 1.01399075e+003 1.00899118e+003 4.99965956e+000 1.99952315e+000 1.89975939e+001 0.00000000e+000 0.00000000e+000 0.00000000e+000 1.00000000e+000
 1.00000000e+000 3.50061269e+001 2.09938260e+001 2.10015148e+001 1.29888330e+001 8.79961531e+001 2.60037180e+001 1.01498185e+003 1.01098724e+003 6.00411699e+000 2.99973357e+000 2.10044288e+001 0.00000000e+000 0.00000000e+000 0.00000000e+000 1.00000000e+000
 1.00000000e+000 3.50012336e+001 2.09992186e+001 1.99996363e+001 1.19994422e+001 8.30002211e+001 2.50001290e+001 1.01499081e+003 1.01199052e+003 5.99908219e+000 3.00026228e+000 1.39985127e+001 0.00000000e+000 0.00000000e+000 0.00000000e+000 1.00000000e+000
 1.00000000e+000 3.50023073e+001 2.09988049e+001 1.99996584e+001 1.09992021e+001 8.80006795e+001 2.39995072e+001 1.01499075e+003 1.00999061e+003 5.00004771e+000 2.00051575e+000 1.39983054e+001 0.00000000e+000 0.00000000e+000 0.00000000e+000 1.00000000e+000
 1.00000000e+000 3.60045884e+001 2.09953272e+001 2.10050879e+001 1.50026744e+001 8.29967609e+001 2.80009229e+001 1.01200447e+003 1.00799861e+003 5.00221211e+000 2.99927480e+000 1.59944551e+001 0.00000000e+000 0.00000000e+000 0.00000000e+000 1.00000000e+000
 1.00000000e+000 3.69993334e+001 2.19996143e+001 1.99967258e+001 1.20009058e+001 8.30026882e+001 2.19984127e+001 1.01299708e+003 1.00899141e+003 8.99869535e+000 2.99783961e+000 1.89999767e+001 0.00000000e+000 0.00000000e+000 0.00000000e+000 1.00000000e+000
 1.00000000e+000 3.70013422e+001 2.30008931e+001 1.80009523e+001 1.10012099e+001 6.89987538e+001 2.19992845e+001 1.01399192e+003 1.00898856e+003 6.00214752e+000 3.00072278e+000 1.39962474e+001 0.00000000e+000 0.00000000e+000 0.00000000e+000 1.00000000e+000
 1.00000000e+000 3.50044810e+001 2.29967618e+001 2.00024726e+001 1.60005020e+001 6.89992182e+001 3.19990562e+001 1.01299524e+003 1.00799356e+003 4.00158151e+000 2.00095794e+000 1.89967122e+001 0.00000000e+000 0.00000000e+000 0.00000000e+000 1.00000000e+000
 1.00000000e+000 3.40023181e+001 2.19986087e+001 2.10004721e+001 1.69994878e+001 8.79994066e+001 3.79995370e+001 1.01199142e+003 1.00899118e+003 4.99975500e+000 1.00028285e+000 2.29972860e+001 0.00000000e+000 0.00000000e+000 0.00000000e+000 1.00000000e+000
 1.00000000e+000 3.50004648e+001 2.30006120e+001 2.19994781e+001 1.29998025e+001 9.39986332e+001 2.60010190e+001 1.01098898e+003 1.00698630e+003 4.99896571e+000 1.00029258e+000 1.89962441e+001 0.00000000e+000 0.00000000e+000 0.00000000e+000 1.00000000e+000
 1.00000000e+000 3.50014315e+001 2.19983705e+001 1.90001426e+001 1.19993108e+001 7.80001464e+001 2.49996648e+001 1.00799188e+003 1.00399091e+003 5.99941219e+000 2.00031565e+000 2.29979761e+001 0.00000000e+000 0.00000000e+000 0.00000000e+000 1.00000000e+000
 1.00000000e+000 3.70015062e+001 2.29986553e+001 1.70008973e+001 9.99920433e+000 6.50007480e+001 1.89998899e+001 1.00799159e+003 1.00399099e+003 5.00007929e+000 3.00030429e+000 2.29978027e+001 0.00000000e+000 0.00000000e+000 0.00000000e+000 1.00000000e+000
 1.00000000e+000 3.60013502e+001 2.39990119e+001 1.79990111e+001 9.99918548e+000 6.09997802e+001 2.00009755e+001 1.01199173e+003 1.00699075e+003 4.99902647e+000 3.00081994e+000 2.39983797e+001 0.00000000e+000 0.00000000e+000 0.00000000e+000 1.00000000e+000
 1.00000000e+000 3.59987159e+001 2.30008272e+001 1.89970058e+001 1.40002605e+001 7.30032646e+001 3.39986090e+001 1.01398743e+003 1.00998867e+003 4.99805911e+000 3.00137078e+000 1.59988456e+001 0.00000000e+000 0.00000000e+000 0.00000000e+000 1.00000000e+000
 1.00000000e+000 3.50017361e+001 2.39939581e+001 2.30004668e+001 1.90032172e+001 9.40015084e+001 4.39981528e+001 1.01398971e+003 1.00998856e+003 4.00004863e+000 2.00103521e+000 1.39995899e+001 0.00000000e+000 0.00000000e+000 0.00000000e+000 1.00000000e+000
 1.00000000e+000 3.40020121e+001 2.39959929e+001 2.20027667e+001 1.79963046e+001 7.39974033e+001 4.39999451e+001 1.01599021e+003 1.01198894e+003 3.99909457e+000 1.99878751e+000 2.09992294e+001 0.00000000e+000 0.00000000e+000 0.00000000e+000 1.00000000e+000
 1.00000000e+000 3.40016083e+001 2.09995775e+001 1.99994825e+001 1.69993272e+001 8.80003181e+001 3.79988344e+001 1.01699019e+003 1.01299066e+003 3.99949802e+000 2.00058151e+000 1.29981277e+001 1.00000000e+000 0.00000000e+000 0.00000000e+000 0.00000000e+000
 1.00000000e+000 3.50053849e+001 2.39952156e+001 2.00031768e+001 1.39986968e+001 7.79990131e+001 2.80019025e+001 1.01699717e+003 1.01299143e+003 4.00024208e+000 9.99397014e-001 1.59938548e+001 0.00000000e+000 0.00000000e+000 0.00000000e+000 1.00000000e+000
 1.00000000e+000 3.50002969e+001 2.30030731e+001 1.99986514e+001 1.60022880e+001 8.29995652e+001 3.39998597e+001 1.01598806e+003 1.01098796e+003 3.00146852e+000 9.99875907e-001 1.39984084e+001 0.00000000e+000 0.00000000e+000 0.00000000e+000 1.00000000e+000
 1.00000000e+000 3.40021258e+001 2.29981969e+001 2.00011754e+001 1.39994894e+001 7.79985854e+001 3.00002299e+001 1.01599255e+003 1.01299114e+003 3.00056038e+000 9.99802678e-001 1.09976454e+001 0.00000000e+000 0.00000000e+000 0.00000000e+000 1.00000000e+000
 1.00000000e+000 3.59998340e+001 2.30011364e+001 1.99995324e+001 1.50009433e+001 8.30017569e+001 2.99963246e+001 1.01599432e+003 1.01098821e+003 4.00234584e+000 1.00138693e+000 1.30009609e+001 0.00000000e+000 0.00000000e+000 0.00000000e+000 1.00000000e+000
 1.00000000e+000 3.60001149e+001 2.50002541e+001 1.99983865e+001 1.29990255e+001 7.40014342e+001 2.49993779e+001 1.01298842e+003 1.00898972e+003 3.99886178e+000 1.00073098e+000 1.39994126e+001 0.00000000e+000 0.00000000e+000 1.00000000e+000 0.00000000e+000
 1.00000000e+000 3.30068628e+001 2.19942744e+001 1.90069231e+001 1.20058585e+001 7.79968923e+001 2.90054808e+001 1.01398481e+003 1.01098755e+003 3.00048408e+000 9.98937613e-001 1.29920858e+001 0.00000000e+000 0.00000000e+000 0.00000000e+000 1.00000000e+000
 1.00000000e+000 3.20022608e+001 1.79989851e+001 1.50003434e+001 6.99908925e+000 7.80000868e+001 2.09994475e+001 1.01499093e+003 1.01099030e+003 3.99984699e+000 2.00053372e+000 1.39979428e+001 0.00000000e+000 0.00000000e+000 0.00000000e+000 1.00000000e+000
 1.00000000e+000 3.20020619e+001 1.69990017e+001 1.39999644e+001 9.99891961e+000 7.70003080e+001 2.59994051e+001 1.01499122e+003 1.01199023e+003 3.99968275e+000 1.00056754e+000 1.59980070e+001 0.00000000e+000 0.00000000e+000 0.00000000e+000 1.00000000e+000
 1.00000000e+000 3.29992265e+001 1.80004942e+001 1.39993319e+001 1.00001543e+001 7.29983587e+001 2.39993618e+001 1.01398940e+003 1.00998990e+003 4.00066970e+000 1.00011877e+000 1.00005117e+001 0.00000000e+000 0.00000000e+000 0.00000000e+000 1.00000000e+000
 1.00000000e+000 3.29995075e+001 1.99985435e+001 1.50012340e+001 9.99821936e+000 6.40030304e+001 2.59983799e+001 1.01598843e+003 1.01099070e+003 3.00119442e+000 9.99699763e-001 1.89967610e+001 0.00000000e+000 0.00000000e+000 0.00000000e+000 1.00000000e+000
 1.00000000e+000 3.10011276e+001 2.09986422e+001 1.60014029e+001 9.99797045e+000 6.50020326e+001 2.70010972e+001 1.01799098e+003 1.01398950e+003 4.99883212e+000 2.00099084e+000 2.29981219e+001 0.00000000e+000 0.00000000e+000 0.00000000e+000 1.00000000e+000
 1.00000000e+000 3.09839441e+001 1.90131456e+001 1.50015912e+001 1.19914271e+001 7.30034084e+001 3.09918431e+001 1.01697920e+003 1.00998621e+003 4.00499892e+000 2.00335331e+000 1.29903621e+001 0.00000000e+000 0.00000000e+000 0.00000000e+000 1.00000000e+000
 1.00000000e+000 2.60001203e+001 1.80006159e+001 1.49985849e+001 7.99900212e+000 7.70013777e+001 3.79976609e+001 1.01798884e+003 1.01299130e+003 3.99851501e+000 2.00129583e+000 1.89995801e+001 0.00000000e+000 0.00000000e+000 0.00000000e+000 1.00000000e+000
 1.00000000e+000 2.70016823e+001 1.39998925e+001 1.39995764e+001 9.99958659e+000 8.80000551e+001 3.69989874e+001 1.01798986e+003 1.01598970e+003 2.99943105e+000 2.00052092e+000 1.09988208e+001 0.00000000e+000 0.00000000e+000 0.00000000e+000 1.00000000e+000
 1.00000000e+000 2.80018000e+001 1.69994768e+001 1.59995242e+001 1.09993157e+001 8.80000864e+001 3.49990699e+001 1.01898985e+003 1.01598991e+003 3.99932570e+000 1.00066076e+000 1.09984181e+001 0.00000000e+000 0.00000000e+000 0.00000000e+000 1.00000000e+000
 1.00000000e+000 2.90017697e+001 1.69995004e+001 1.59997964e+001 1.19991623e+001 8.79998540e+001 3.49989784e+001 1.01898997e+003 1.01498985e+003 9.99451218e-001 1.00053554e+000 1.09983146e+001 0.00000000e+000 0.00000000e+000 0.00000000e+000 1.00000000e+000
 1.00000000e+000 3.00017804e+001 1.80005781e+001 1.60024589e+001 1.19981514e+001 8.29985517e+001 3.29983218e+001 1.01999078e+003 1.01399183e+003 1.99985113e+000 1.00063529e+000 1.09968641e+001 0.00000000e+000 0.00000000e+000 1.00000000e+000 0.00000000e+000
 1.00000000e+000 3.10019261e+001 1.79992508e+001 1.69996504e+001 1.29992077e+001 8.30005214e+001 3.49991779e+001 1.01899015e+003 1.01399041e+003 2.99953294e+000 1.00054069e+000 7.99860820e+000 0.00000000e+000 0.00000000e+000 1.00000000e+000 0.00000000e+000
 1.00000000e+000 3.00013123e+001 1.99997378e+001 1.59997097e+001 1.19991362e+001 7.30002957e+001 3.49984450e+001 1.01799012e+003 1.01298884e+003 1.99947726e+000 1.00069251e+000 9.99790167e+000 0.00000000e+000 0.00000000e+000 1.00000000e+000 0.00000000e+000
 1.00000000e+000 3.10029580e+001 1.79987993e+001 1.60003104e+001 1.09991712e+001 8.29996590e+001 2.89988441e+001 1.01598961e+003 1.01098974e+003 3.00077218e+000 8.67560891e-004 1.09982166e+001 0.00000000e+000 0.00000000e+000 0.00000000e+000 1.00000000e+000
 1.00000000e+000 2.70041022e+001 1.89979396e+001 1.70018354e+001 1.29991097e+001 8.29988957e+001 4.49991356e+001 1.01599257e+003 1.01099128e+003 2.99994538e+000 1.00032878e+000 1.89958442e+001 0.00000000e+000 0.00000000e+000 1.00000000e+000 0.00000000e+000
 1.00000000e+000 2.80027283e+001 1.69984073e+001 1.70025762e+001 1.39994471e+001 8.79965333e+001 4.79988373e+001 1.01499142e+003 1.01198928e+003 3.00008654e+000 9.99776906e-001 1.09977031e+001 0.00000000e+000 0.00000000e+000 0.00000000e+000 1.00000000e+000
 1.00000000e+000 2.70026328e+001 1.59987016e+001 1.79999749e+001 1.29992905e+001 9.99990999e+001 5.09987927e+001 1.01699114e+003 1.01299002e+003 9.99774960e-001 2.89968677e-004 1.09979391e+001 0.00000000e+000 0.00000000e+000 0.00000000e+000 1.00000000e+000
 1.00000000e+000 2.80009705e+001 2.00001403e+001 1.59976527e+001 1.29985612e+001 7.30025517e+001 4.19982215e+001 1.01898743e+003 1.01498907e+003 1.99846141e+000 1.00086347e+000 1.39993876e+001 0.00000000e+000 0.00000000e+000 1.00000000e+000 0.00000000e+000
 1.00000000e+000 2.90022832e+001 1.89990159e+001 1.60003003e+001 1.09994214e+001 7.80003131e+001 3.29992365e+001 1.01899071e+003 1.01298999e+003 1.99942032e+000 1.00040225e+000 1.09974369e+001 0.00000000e+000 0.00000000e+000 0.00000000e+000 1.00000000e+000
 1.00000000e+000 2.90016984e+001 1.79977900e+001 1.69996022e+001 1.39987206e+001 8.79997220e+001 3.99986441e+001 1.01699093e+003 1.01198977e+003 2.00091453e+000 1.00030259e+000 8.19959184e+001 0.00000000e+000 0.00000000e+000 0.00000000e+000 1.00000000e+000
 1.00000000e+000 2.80049042e+001 1.69933080e+001 1.60038920e+001 7.99694785e+000 8.29948964e+001 2.79955887e+001 1.01699737e+003 1.01299291e+003 3.00810691e+000 6.04207559e-004 1.90040336e+001 0.00000000e+000 0.00000000e+000 1.00000000e+000 0.00000000e+000
 1.00000000e+000 2.90025446e+001 1.59996713e+001 1.50002446e+001 9.99947888e+000 7.70003270e+001 2.99990337e+001 1.01799055e+003 1.01399066e+003 3.00010866e+000 1.00071599e+000 1.89973390e+001 0.00000000e+000 0.00000000e+000 1.00000000e+000 0.00000000e+000
 1.00000000e+000 2.90026948e+001 1.69970471e+001 1.49997287e+001 1.20020941e+001 8.20008108e+001 3.50021799e+001 1.01799366e+003 1.01299294e+003 1.99877009e+000 9.99238397e-001 1.89969071e+001 0.00000000e+000 0.00000000e+000 1.00000000e+000 0.00000000e+000
 1.00000000e+000 2.90034758e+001 1.70021021e+001 1.59994591e+001 1.30032058e+001 8.20008484e+001 3.69969113e+001 1.01498641e+003 1.01098871e+003 3.99914771e+000 1.00168908e+000 1.39982704e+001 0.00000000e+000 0.00000000e+000 1.00000000e+000 0.00000000e+000
 1.00000000e+000 3.20004740e+001 1.70002142e+001 1.49984299e+001 7.99898225e+000 8.20012500e+001 2.19991220e+001 1.01498859e+003 1.01098913e+003 2.99875888e+000 1.00063178e+000 1.09994106e+001 0.00000000e+000 0.00000000e+000 1.00000000e+000 0.00000000e+000
 1.00000000e+000 2.90037372e+001 1.99979023e+001 1.19992663e+001 5.99940921e+000 6.00001389e+001 2.60003166e+001 1.01499184e+003 1.01198996e+003 2.99952533e+000 1.00075103e+000 1.59964103e+001 0.00000000e+000 0.00000000e+000 1.00000000e+000 0.00000000e+000
 1.00000000e+000 2.80059199e+001 1.49959086e+001 1.00057870e+001 3.99804202e+000 6.29969235e+001 2.30016615e+001 1.01499127e+003 1.01199355e+003 5.00157570e+000 9.98876011e-001 1.89989809e+001 0.00000000e+000 0.00000000e+000 0.00000000e+000 1.00000000e+000
 1.00000000e+000 2.70005040e+001 1.20016800e+001 8.99859351e+000 4.99922412e+000 7.20013917e+001 2.39988445e+001 1.01798727e+003 1.01498875e+003 2.99893327e+000 1.00098241e+000 1.29997888e+001 0.00000000e+000 0.00000000e+000 0.00000000e+000 1.00000000e+000
 1.00000000e+000 2.69985349e+001 1.20014391e+001 9.99622701e+000 5.00092725e+000 8.20031706e+001 2.39997544e+001 1.01998364e+003 1.01598793e+003 1.99893728e+000 1.00101201e+000 1.30032475e+001 0.00000000e+000 0.00000000e+000 0.00000000e+000 1.00000000e+000
 1.00000000e+000 2.70018734e+001 1.19999059e+001 1.29994687e+001 6.99908102e+000 8.20006327e+001 2.79989547e+001 1.01898953e+003 1.01498950e+003 1.99952120e+000 1.00069631e+000 1.09985344e+001 0.00000000e+000 0.00000000e+000 1.00000000e+000 0.00000000e+000
 1.00000000e+000 2.70012057e+001 1.29991946e+001 1.19993390e+001 6.99908083e+000 8.80010304e+001 2.79996054e+001 1.01799001e+003 1.01398918e+003 2.99897793e+000 2.22455991e-004 7.99891299e+000 0.00000000e+000 0.00000000e+000 1.00000000e+000 0.00000000e+000
 1.00000000e+000 2.90014559e+001 1.30001581e+001 1.19993414e+001 3.99922457e+000 8.80000636e+001 2.09990461e+001 1.01798876e+003 1.01298867e+003 2.99964689e+000 1.00096151e+000 1.29977416e+001 0.00000000e+000 0.00000000e+000 1.00000000e+000 0.00000000e+000
 1.00000000e+000 2.90012784e+001 1.20012294e+001 1.19982713e+001 4.99756060e+000 8.19997545e+001 2.29970007e+001 1.01898942e+003 1.01399191e+003 2.99938465e+000 1.00174189e+000 7.99841598e+000 0.00000000e+000 0.00000000e+000 1.00000000e+000 0.00000000e+000
 1.00000000e+000 2.70011616e+001 1.19997264e+001 1.19998248e+001 7.99915097e+000 8.20001650e+001 2.99984358e+001 1.01898971e+003 1.01398936e+003 1.99917151e+000 9.99847437e-001 1.29976646e+001 0.00000000e+000 0.00000000e+000 1.00000000e+000 0.00000000e+000
 1.00000000e+000 2.70048663e+001 1.29987670e+001 1.00048333e+001 6.00135723e+000 8.19969475e+001 2.60019295e+001 1.01700156e+003 1.01399437e+003 4.00125524e+000 9.99257357e-001 2.29924438e+001 0.00000000e+000 0.00000000e+000 1.00000000e+000 0.00000000e+000
 1.00000000e+000 2.80034056e+001 1.29983892e+001 1.00030368e+001 3.99873761e+000 7.69998538e+001 2.30002075e+001 1.01599216e+003 1.01098976e+003 3.99901821e+000 1.00026631e+000 1.39987091e+001 0.00000000e+000 0.00000000e+000 0.00000000e+000 1.00000000e+000
 1.00000000e+000 2.20018897e+001 1.20002847e+001 1.59991295e+001 4.99939659e+000 8.30006151e+001 4.99980701e+001 1.01298989e+003 1.00999009e+003 3.99858844e+000 1.00027819e+000 1.59980817e+001 0.00000000e+000 0.00000000e+000 0.00000000e+000 1.00000000e+000
 1.00000000e+000 2.30016815e+001 1.49996504e+001 1.69990517e+001 1.09996834e+001 9.40000708e+001 4.99986249e+001 1.01698972e+003 1.01199030e+003 9.99503492e-001 5.14959311e-004 1.59987375e+001 0.00000000e+000 0.00000000e+000 1.00000000e+000 0.00000000e+000
 1.00000000e+000 2.50027502e+001 1.39997443e+001 1.70003396e+001 1.29986837e+001 9.39995992e+001 4.69992623e+001 1.02099104e+003 1.01598970e+003 9.99916649e-001 7.57631491e-004 1.09979626e+001 0.00000000e+000 0.00000000e+000 1.00000000e+000 0.00000000e+000
 1.00000000e+000 2.60023435e+001 1.49993733e+001 1.89993774e+001 1.49991741e+001 9.99996942e+001 6.09976972e+001 1.01998990e+003 1.01498996e+003 9.99425888e-001 5.53520208e-004 9.99802105e+000 0.00000000e+000 0.00000000e+000 1.00000000e+000 0.00000000e+000
 1.00000000e+000 3.60015314e+001 1.40052542e+001 1.60007549e+001 1.29988575e+001 9.39996241e+001 2.50010324e+001 1.01698558e+003 1.01298869e+003 1.00504950e+000 1.98429321e-003 9.99757997e+000 0.00000000e+000 0.00000000e+000 1.00000000e+000 0.00000000e+000
 1.00000000e+000 2.50015570e+001 1.49998234e+001 1.59986849e+001 8.99938520e+000 9.40006493e+001 3.79990562e+001 1.01798865e+003 1.01398898e+003 1.99872054e+000 6.64304149e-004 1.09983858e+001 0.00000000e+000 0.00000000e+000 1.00000000e+000 0.00000000e+000
 1.00000000e+000 2.39994028e+001 1.20017848e+001 1.29976907e+001 8.99853497e+000 9.40012052e+001 4.39974991e+001 1.01898613e+003 1.01498799e+003 9.97504109e-001 7.15106212e-004 1.89989309e+001 0.00000000e+000 0.00000000e+000 1.00000000e+000 0.00000000e+000
 1.00000000e+000 2.60005719e+001 1.19988816e+001 1.30003031e+001 7.00005657e+000 9.39993775e+001 2.99981375e+001 1.01699111e+003 1.01399058e+003 1.99831610e+000 -1.30829349e-003 1.59990461e+001 0.00000000e+000 0.00000000e+000 1.00000000e+000 0.00000000e+000
 1.00000000e+000 2.70003264e+001 1.10001318e+001 1.20012922e+001 6.99862509e+000 9.39973623e+001 3.00028387e+001 1.01798501e+003 1.01498820e+003 1.99533949e+000 -1.25321930e-003 9.99708442e+000 0.00000000e+000 0.00000000e+000 1.00000000e+000 0.00000000e+000
 1.00000000e+000 2.60012221e+001 1.30002372e+001 1.49992436e+001 9.99948653e+000 9.39994748e+001 3.59984930e+001 1.01798926e+003 1.01498950e+003 1.99946670e+000 5.17978422e-004 9.99881227e+000 0.00000000e+000 0.00000000e+000 1.00000000e+000 0.00000000e+000
 1.00000000e+000 2.50053143e+001 1.29961752e+001 1.60018308e+001 9.99944450e+000 9.39988293e+001 3.89996026e+001 1.01999489e+003 1.01499156e+003 2.00105004e+000 -2.61968616e-007 1.29960976e+001 0.00000000e+000 0.00000000e+000 1.00000000e+000 0.00000000e+000
 1.00000000e+000 2.70026799e+001 1.29981279e+001 1.49998645e+001 8.99854494e+000 9.39993452e+001 3.39986000e+001 1.01899081e+003 1.01299085e+003 1.99928362e+000 -5.16660191e-004 1.09994780e+001 0.00000000e+000 0.00000000e+000 1.00000000e+000 0.00000000e+000
 1.00000000e+000 2.29970696e+001 1.30078330e+001 1.59948640e+001 9.99685374e+000 9.40034703e+001 3.39950379e+001 1.01897170e+003 1.00598287e+003 1.99614583e+000 2.81961244e-003 2.30060519e+001 0.00000000e+000 0.00000000e+000 1.00000000e+000 0.00000000e+000
 1.00000000e+000 2.59980414e+001 1.29995412e+001 1.49963033e+001 1.10029724e+001 9.40002205e+001 3.19987358e+001 1.01599525e+003 1.00998707e+003 2.00004858e+000 3.80540507e-004 1.39940314e+001 0.00000000e+000 0.00000000e+000 1.00000000e+000 0.00000000e+000
 1.00000000e+000 2.40020921e+001 1.29976918e+001 1.49994767e+001 1.09980557e+001 9.39995068e+001 4.59975337e+001 1.01399217e+003 1.00899025e+003 2.00126631e+000 4.64927660e-004 9.99947262e+001 0.00000000e+000 0.00000000e+000 1.00000000e+000 0.00000000e+000
 1.00000000e+000 1.60004325e+001 1.10015330e+001 1.29973853e+001 1.09990988e+001 1.00001322e+002 7.99963074e+001 1.01698642e+003 1.01298880e+003 9.97876891e-001 7.56883764e-004 1.39998916e+001 0.00000000e+000 0.00000000e+000 1.00000000e+000 0.00000000e+000
 1.00000000e+000 2.10044497e+001 7.00431362e+000 1.10017277e+001 2.99645541e+000 1.00002713e+002 3.09988580e+001 1.01899045e+003 1.01398870e+003 4.00181528e+000 -5.84854465e-003 1.39975383e+001 0.00000000e+000 0.00000000e+000 1.00000000e+000 0.00000000e+000
 1.00000000e+000 2.10012941e+001 7.00137204e+000 6.00187022e+000 1.99855312e+000 9.30003107e+001 2.10002994e+001 1.02099001e+003 1.01498951e+003 4.00087499e+000 1.16748360e-003 1.89973070e+001 0.00000000e+000 0.00000000e+000 1.00000000e+000 0.00000000e+000
 1.00000000e+000 2.20054763e+001 6.99752570e+000 7.00366089e+000 9.98991381e-001 8.09978920e+001 1.59997847e+001 1.01899444e+003 1.01399113e+003 5.00153467e+000 1.00016727e+000 1.89953374e+001 0.00000000e+000 0.00000000e+000 1.00000000e+000 0.00000000e+000
 1.00000000e+000 2.30015147e+001 5.99968684e+000 6.00109890e+000 -1.00105945e+000 8.69999712e+001 1.29998073e+001 1.01999111e+003 1.01399058e+003 3.99955573e+000 -2.26856899e-004 9.99732679e+000 0.00000000e+000 0.00000000e+000 0.00000000e+000 1.00000000e+000
 1.00000000e+000 2.09965268e+001 7.00905602e+000 7.99889818e+000 3.00717213e+000 9.09967822e+001 3.09912049e+001 1.01899526e+003 1.01499425e+003 3.00714070e+000 2.81048783e-003 1.29999999e+001 0.00000000e+000 0.00000000e+000 1.00000000e+000 0.00000000e+000
 1.00000000e+000 2.09975695e+001 7.00747586e+000 7.99599134e+000 4.99465091e+000 9.30033903e+001 2.49993453e+001 1.02097584e+003 1.01699319e+003 1.99478319e+000 4.49548478e-004 1.90068055e+001 0.00000000e+000 0.00000000e+000 1.00000000e+000 0.00000000e+000
 1.00000000e+000 2.10031286e+001 6.00091937e+000 7.00222392e+000 1.99737698e+000 9.29972689e+001 2.09995457e+001 1.02098699e+003 1.01698800e+003 3.99816155e+000 5.34135053e-004 1.39986099e+001 0.00000000e+000 0.00000000e+000 1.00000000e+000 0.00000000e+000
 1.00000000e+000 2.09977137e+001 6.00253366e+000 6.99867021e+000 2.99864652e+000 9.59996556e+001 2.10010454e+001 1.02098743e+003 1.01598925e+003 2.99524011e+000 -1.32684674e-004 1.40002542e+001 0.00000000e+000 0.00000000e+000 1.00000000e+000 0.00000000e+000
 1.00000000e+000 1.90013658e+001 6.00189459e+000 7.99700802e+000 3.99861175e+000 8.70018312e+001 2.99979817e+001 1.02098673e+003 1.01598871e+003 1.99943832e+000 1.94588242e-003 9.99888384e+000 0.00000000e+000 0.00000000e+000 1.00000000e+000 0.00000000e+000
 1.00000000e+000 2.10026422e+001 5.99967727e+000 9.00025205e+000 3.99884399e+000 9.29996116e+001 3.69985012e+001 1.02299081e+003 1.01899001e+003 1.99964849e+000 5.46930891e-004 9.99805845e+000 0.00000000e+000 0.00000000e+000 1.00000000e+000 0.00000000e+000
 1.00000000e+000 1.90035409e+001 6.99959307e+000 1.10008206e+001 6.99884686e+000 9.39993704e+001 4.79981851e+001 1.02299140e+003 1.01899092e+003 1.99980840e+000 6.89551278e-004 1.09970948e+001 0.00000000e+000 0.00000000e+000 1.00000000e+000 0.00000000e+000
 1.00000000e+000 1.90021521e+001 6.99826789e+000 1.20025469e+001 9.98273188e-001 9.99972114e+001 2.89971126e+001 1.02299496e+003 1.01899122e+003 4.00167584e+000 -5.00387132e-004 2.10005426e+001 0.00000000e+000 0.00000000e+000 1.00000000e+000 0.00000000e+000
 1.00000000e+000 1.80031906e+001 4.99948030e+000 6.00058291e+000 1.99903905e+000 9.29992951e+001 2.09989869e+001 1.02499175e+003 1.01999053e+003 3.99999170e+000 6.82648817e-004 1.59972214e+001 0.00000000e+000 0.00000000e+000 1.00000000e+000 0.00000000e+000
 1.00000000e+000 2.10078317e+001 5.99698078e+000 1.20031609e+001 1.99863780e+000 8.69987741e+001 2.79994388e+001 1.02299461e+003 1.01799164e+003 3.00293149e+000 6.41722447e-004 1.89952577e+001 0.00000000e+000 0.00000000e+000 1.00000000e+000 0.00000000e+000
 1.00000000e+000 2.20070727e+001 6.99519730e+000 8.00607074e+000 9.99967182e-001 8.19952127e+001 1.50014879e+001 1.02300053e+003 1.01899368e+003 3.00253956e+000 -1.34863615e-003 2.09940292e+001 0.00000000e+000 0.00000000e+000 1.00000000e+000 0.00000000e+000
 1.00000000e+000 2.40112442e+001 8.98892858e+000 9.00188710e+000 9.94320606e-001 9.30011169e+001 1.19968287e+001 1.02299543e+003 1.01999592e+003 2.00751039e+000 9.23997738e-004 1.99997528e+002 0.00000000e+000 0.00000000e+000 1.00000000e+000 0.00000000e+000
 1.00000000e+000 2.40028340e+001 9.00087072e+000 9.99972410e+000 5.99828365e+000 9.40000928e+001 2.29982306e+001 1.02199049e+003 1.01599051e+003 3.00066163e+000 1.15788431e-003 2.29977901e+001 0.00000000e+000 0.00000000e+000 1.00000000e+000 0.00000000e+000
 1.00000000e+000 2.50012538e+001 8.99900619e+000 9.99860981e+000 6.00089288e+000 9.39995881e+001 1.99961813e+001 1.02098885e+003 1.01598998e+003 1.99499874e+000 3.01626722e-003 1.10006376e+001 0.00000000e+000 0.00000000e+000 1.00000000e+000 0.00000000e+000
 1.00000000e+000 2.40023565e+001 8.00002132e+000 1.19999880e+001 2.99827658e+000 9.39994539e+001 2.49990107e+001 1.02299026e+003 1.01798977e+003 3.00018683e+000 5.52243615e-004 1.09987515e+001 0.00000000e+000 0.00000000e+000 1.00000000e+000 0.00000000e+000
