 1.00000000e+000 3.04341173e+000 2.61425420e+001 3.48570492e+001 2.67798303e+001 8.80976747e+001 4.90602048e+001 1.08110406e+003 1.03685743e+003 2.51059586e+001 -5.87637086e+001 -1.17668184e+001 0.00000000e+000 0.00000000e+000 1.00000000e+000 0.00000000e+000
 1.00000000e+000 3.06684501e+000 2.61379745e+001 3.48694279e+001 2.68027595e+001 8.81252531e+001 4.90043479e+001 1.08105249e+003 1.03683472e+003 2.50527656e+001 -5.86639901e+001 -1.17061549e+001 0.00000000e+000 0.00000000e+000 0.00000000e+000 1.00000000e+000
 1.00000000e+000 3.07228015e+000 2.61334166e+001 3.48517799e+001 2.68097777e+001 8.81589308e+001 4.89900148e+001 1.08101138e+003 1.03683131e+003 2.50222633e+001 -5.85962688e+001 -1.16653537e+001 0.00000000e+000 0.00000000e+000 1.00000000e+000 0.00000000e+000
 1.00000000e+000 3.12334918e+000 2.60722614e+001 3.48609092e+001 2.68548388e+001 8.82239326e+001 4.88964715e+001 1.08099439e+003 1.03675302e+003 2.50169008e+001 -5.84979138e+001 -1.16890937e+001 0.00000000e+000 0.00000000e+000 1.00000000e+000 0.00000000e+000
 1.00000000e+000 3.12919318e+000 2.61003507e+001 3.48834125e+001 2.68071703e+001 8.82201076e+001 4.88490037e+001 1.08094119e+003 1.03674672e+003 2.50017043e+001 -5.84055454e+001 -1.16493634e+001 0.00000000e+000 0.00000000e+000 1.00000000e+000 0.00000000e+000
 1.00000000e+000 3.15119993e+000 2.60954331e+001 3.49025609e+001 2.68136153e+001 8.82418221e+001 4.87814848e+001 1.08092410e+003 1.03670713e+003 2.50052249e+001 -5.83312023e+001 -1.16631724e+001 0.00000000e+000 0.00000000e+000 1.00000000e+000 0.00000000e+000
 1.00000000e+000 3.14662203e+000 2.61079334e+001 3.49000714e+001 2.68017671e+001 8.82421967e+001 4.87775671e+001 1.08090836e+003 1.03670707e+003 2.50143875e+001 -5.83150464e+001 -1.16553070e+001 0.00000000e+000 0.00000000e+000 1.00000000e+000 0.00000000e+000
 1.00000000e+000 3.10961589e+000 2.61796882e+001 3.49800637e+001 2.67040493e+001 8.81569451e+001 4.87455062e+001 1.08096983e+003 1.03675219e+003 2.50739417e+001 -5.83752403e+001 -1.16922968e+001 0.00000000e+000 0.00000000e+000 1.00000000e+000 0.00000000e+000
 1.00000000e+000 3.07133568e+000 2.62878732e+001 3.50537396e+001 2.65670005e+001 8.80835052e+001 4.86817918e+001 1.08099119e+003 1.03679361e+003 2.51629518e+001 -5.84024034e+001 -1.17599975e+001 0.00000000e+000 0.00000000e+000 1.00000000e+000 0.00000000e+000
 1.00000000e+000 3.08000104e+000 2.63592635e+001 3.51526980e+001 2.64404373e+001 8.79885007e+001 4.86011188e+001 1.08100595e+003 1.03677697e+003 2.52594377e+001 -5.84223634e+001 -1.18535773e+001 0.00000000e+000 0.00000000e+000 1.00000000e+000 0.00000000e+000
 1.00000000e+000 3.06836561e+000 2.63718873e+001 3.51643623e+001 2.64391123e+001 8.79685954e+001 4.86097731e+001 1.08103449e+003 1.03679242e+003 2.52772005e+001 -5.84645479e+001 -1.18734898e+001 0.00000000e+000 0.00000000e+000 1.00000000e+000 0.00000000e+000
 1.00000000e+000 3.06312723e+000 2.63840600e+001 3.52103116e+001 2.64120037e+001 8.79123066e+001 4.86093704e+001 1.08106502e+003 1.03679508e+003 2.52854527e+001 -5.85098570e+001 -1.18784139e+001 0.00000000e+000 0.00000000e+000 1.00000000e+000 0.00000000e+000
 1.00000000e+000 3.02796893e+000 2.64232092e+001 3.52152467e+001 2.63746134e+001 8.78575071e+001 4.86681783e+001 1.08110257e+003 1.03683938e+003 2.53204777e+001 -5.86195205e+001 -1.19024393e+001 0.00000000e+000 0.00000000e+000 1.00000000e+000 0.00000000e+000
 1.00000000e+000 3.04774855e+000 2.64240563e+001 3.52634034e+001 2.63933795e+001 8.78268904e+001 4.86299053e+001 1.08116163e+003 1.03682796e+003 2.53423849e+001 -5.86747692e+001 -1.19530684e+001 0.00000000e+000 0.00000000e+000 0.00000000e+000 1.00000000e+000
 1.00000000e+000 3.06811768e+000 2.64722698e+001 3.53755791e+001 2.63291371e+001 8.77583941e+001 4.85133482e+001 1.08120763e+003 1.03681086e+003 2.53889521e+001 -5.86727558e+001 -1.20132902e+001 0.00000000e+000 0.00000000e+000 0.00000000e+000 1.00000000e+000
 1.00000000e+000 3.10476225e+000 2.64693878e+001 3.54412792e+001 2.63559231e+001 8.77290518e+001 4.84419730e+001 1.08126313e+003 1.03678286e+003 2.54150583e+001 -5.86954761e+001 -1.20679496e+001 0.00000000e+000 0.00000000e+000 0.00000000e+000 1.00000000e+000
 1.00000000e+000 3.17280536e+000 2.63501737e+001 3.54585258e+001 2.65250499e+001 8.77969588e+001 4.83742796e+001 1.08122978e+003 1.03669087e+003 2.52839911e+001 -5.85765030e+001 -1.19535215e+001 0.00000000e+000 0.00000000e+000 0.00000000e+000 1.00000000e+000
 1.00000000e+000 3.17775878e+000 2.63776790e+001 3.54681458e+001 2.65102409e+001 8.78079936e+001 4.83274772e+001 1.08118252e+003 1.03667478e+003 2.52755745e+001 -5.84979739e+001 -1.19381082e+001 0.00000000e+000 0.00000000e+000 0.00000000e+000 1.00000000e+000
 1.00000000e+000 3.16703935e+000 2.65160663e+001 3.55664133e+001 2.63416292e+001 8.77241198e+001 4.82137215e+001 1.08119803e+003 1.03670066e+003 2.53937826e+001 -5.85033879e+001 -1.20561906e+001 0.00000000e+000 0.00000000e+000 1.00000000e+000 0.00000000e+000
 1.00000000e+000 3.09478308e+000 2.65956849e+001 3.54901386e+001 2.63318666e+001 8.77434122e+001 4.83170348e+001 1.08114969e+003 1.03683604e+003 2.53480397e+001 -5.84675931e+001 -1.19306091e+001 0.00000000e+000 0.00000000e+000 1.00000000e+000 0.00000000e+000
 1.00000000e+000 3.09744959e+000 2.65553916e+001 3.54294217e+001 2.63970187e+001 8.78200098e+001 4.83373968e+001 1.08108437e+003 1.03683686e+003 2.52681246e+001 -5.83570554e+001 -1.18217833e+001 0.00000000e+000 0.00000000e+000 1.00000000e+000 0.00000000e+000
 1.00000000e+000 3.12616575e+000 2.64903515e+001 3.53945031e+001 2.64803967e+001 8.78882423e+001 4.83264561e+001 1.08106095e+003 1.03679732e+003 2.52342336e+001 -5.83020340e+001 -1.18003573e+001 0.00000000e+000 0.00000000e+000 1.00000000e+000 0.00000000e+000
 1.00000000e+000 3.09817274e+000 2.64826197e+001 3.53434970e+001 2.65164782e+001 8.79078410e+001 4.84026544e+001 1.08104356e+003 1.03683531e+003 2.51902686e+001 -5.83138817e+001 -1.17260751e+001 0.00000000e+000 0.00000000e+000 1.00000000e+000 0.00000000e+000
 1.00000000e+000 3.04759628e+000 2.65058055e+001 3.53364255e+001 2.65053353e+001 8.78836924e+001 4.84683454e+001 1.08104746e+003 1.03691451e+003 2.51463856e+001 -5.83238044e+001 -1.16212629e+001 0.00000000e+000 0.00000000e+000 1.00000000e+000 0.00000000e+000
 1.00000000e+000 3.00750148e+000 2.65497003e+001 3.53119784e+001 2.64978643e+001 8.78728035e+001 4.85274644e+001 1.08106700e+003 1.03700127e+003 2.51364109e+001 -5.83498231e+001 -1.15766819e+001 0.00000000e+000 0.00000000e+000 1.00000000e+000 0.00000000e+000
 1.00000000e+000 2.97952040e+000 2.65716472e+001 3.53265186e+001 2.64797813e+001 8.78391015e+001 4.85649854e+001 1.08104567e+003 1.03706403e+003 2.50637909e+001 -5.83206640e+001 -1.14505815e+001 0.00000000e+000 0.00000000e+000 1.00000000e+000 0.00000000e+000
 1.00000000e+000 2.98546871e+000 2.65157372e+001 3.53289000e+001 2.65188985e+001 8.78717989e+001 4.85425234e+001 1.08102318e+003 1.03702471e+003 2.49976124e+001 -5.82511518e+001 -1.13735206e+001 0.00000000e+000 0.00000000e+000 1.00000000e+000 0.00000000e+000
 1.00000000e+000 2.99250749e+000 2.65357420e+001 3.53568440e+001 2.65139579e+001 8.78893315e+001 4.84675054e+001 1.08101058e+003 1.03701669e+003 2.50013497e+001 -5.81617248e+001 -1.13629251e+001 0.00000000e+000 0.00000000e+000 1.00000000e+000 0.00000000e+000
 1.00000000e+000 2.99423108e+000 2.64976232e+001 3.54078764e+001 2.65587163e+001 8.78697323e+001 4.84486590e+001 1.08104567e+003 1.03702227e+003 2.49416141e+001 -5.81425852e+001 -1.12815179e+001 0.00000000e+000 0.00000000e+000 1.00000000e+000 0.00000000e+000
 1.00000000e+000 2.97474778e+000 2.65111160e+001 3.54477702e+001 2.65460914e+001 8.78226739e+001 4.84617575e+001 1.08113597e+003 1.03708291e+003 2.49532836e+001 -5.82183328e+001 -1.12797957e+001 0.00000000e+000 0.00000000e+000 1.00000000e+000 0.00000000e+000
 1.00000000e+000 2.97299712e+000 2.65395640e+001 3.54982129e+001 2.65158124e+001 8.77753870e+001 4.84415792e+001 1.08119694e+003 1.03712116e+003 2.49743771e+001 -5.82604564e+001 -1.13042509e+001 0.00000000e+000 0.00000000e+000 1.00000000e+000 0.00000000e+000
 1.00000000e+000 2.93107125e+000 2.65771344e+001 3.55038522e+001 2.64887635e+001 8.77193113e+001 4.85204369e+001 1.08125821e+003 1.03722351e+003 2.49572551e+001 -5.83496840e+001 -1.12596532e+001 0.00000000e+000 0.00000000e+000 1.00000000e+000 0.00000000e+000
 1.00000000e+000 2.92723158e+000 2.66037517e+001 3.55303331e+001 2.64819770e+001 8.76718044e+001 4.85442734e+001 1.08129827e+003 1.03727747e+003 2.49496291e+001 -5.83859407e+001 -1.12389797e+001 0.00000000e+000 0.00000000e+000 1.00000000e+000 0.00000000e+000
 1.00000000e+000 2.84936681e+000 2.67149179e+001 3.55195918e+001 2.64195669e+001 8.76086033e+001 4.86420338e+001 1.08135500e+003 1.03744801e+003 2.49468713e+001 -5.84612836e+001 -1.11749237e+001 0.00000000e+000 1.00000000e+000 0.00000000e+000 0.00000000e+000
 1.00000000e+000 2.88012724e+000 2.66786612e+001 3.55312388e+001 2.65105550e+001 8.76446200e+001 4.86039516e+001 1.08141935e+003 1.03746390e+003 2.49157366e+001 -5.84507018e+001 -1.11610743e+001 0.00000000e+000 0.00000000e+000 1.00000000e+000 0.00000000e+000
 1.00000000e+000 2.86546637e+000 2.66708596e+001 3.54681212e+001 2.65585035e+001 8.76802254e+001 4.86749907e+001 1.08141779e+003 1.03750923e+003 2.48749671e+001 -5.84539993e+001 -1.11150796e+001 0.00000000e+000 0.00000000e+000 1.00000000e+000 0.00000000e+000
 1.00000000e+000 2.88152073e+000 2.66257852e+001 3.54941602e+001 2.66215356e+001 8.77072583e+001 4.86268015e+001 1.08146023e+003 1.03749982e+003 2.48496073e+001 -5.84199705e+001 -1.10888913e+001 0.00000000e+000 0.00000000e+000 0.00000000e+000 1.00000000e+000
 1.00000000e+000 2.84031019e+000 2.66669015e+001 3.55098850e+001 2.65978308e+001 8.76584871e+001 4.86774944e+001 1.08147180e+003 1.03758153e+003 2.48101523e+001 -5.84352780e+001 -1.09945256e+001 0.00000000e+000 0.00000000e+000 0.00000000e+000 1.00000000e+000
 1.00000000e+000 2.79745021e+000 2.67262680e+001 3.55131544e+001 2.65488234e+001 8.76242795e+001 4.87125164e+001 1.08148134e+003 1.03765749e+003 2.48007655e+001 -5.84390655e+001 -1.09500427e+001 0.00000000e+000 0.00000000e+000 1.00000000e+000 0.00000000e+000
 1.00000000e+000 2.77707409e+000 2.67428587e+001 3.55534412e+001 2.65457043e+001 8.76320933e+001 4.86601684e+001 1.08148720e+003 1.03770978e+003 2.47409812e+001 -5.83510831e+001 -1.08518297e+001 0.00000000e+000 0.00000000e+000 0.00000000e+000 1.00000000e+000
 1.00000000e+000 2.77838494e+000 2.66694225e+001 3.55177573e+001 2.66280273e+001 8.76941175e+001 4.86820169e+001 1.08151400e+003 1.03771894e+003 2.46890355e+001 -5.83269153e+001 -1.07971446e+001 0.00000000e+000 0.00000000e+000 1.00000000e+000 0.00000000e+000
 1.00000000e+000 2.75422934e+000 2.66932559e+001 3.55696659e+001 2.66073275e+001 8.76601234e+001 4.86577385e+001 1.08157197e+003 1.03777173e+003 2.46935817e+001 -5.83058028e+001 -1.07539803e+001 0.00000000e+000 0.00000000e+000 1.00000000e+000 0.00000000e+000
 1.00000000e+000 2.66918981e+000 2.68127904e+001 3.55564380e+001 2.65438478e+001 8.75780419e+001 4.87745395e+001 1.08169994e+003 1.03793740e+003 2.47769450e+001 -5.85060923e+001 -1.08208664e+001 0.00000000e+000 0.00000000e+000 1.00000000e+000 0.00000000e+000
 1.00000000e+000 2.57503128e+000 2.69238417e+001 3.55817803e+001 2.64276088e+001 8.74616968e+001 4.88749679e+001 1.08183112e+003 1.03808268e+003 2.48752446e+001 -5.87166181e+001 -1.08805899e+001 0.00000000e+000 0.00000000e+000 1.00000000e+000 0.00000000e+000
 1.00000000e+000 2.45604325e+000 2.70758112e+001 3.56093229e+001 2.62879185e+001 8.73228699e+001 4.90004003e+001 1.08194155e+003 1.03827550e+003 2.49387398e+001 -5.89126424e+001 -1.08775509e+001 0.00000000e+000 0.00000000e+000 1.00000000e+000 0.00000000e+000
 1.00000000e+000 2.43534391e+000 2.70987948e+001 3.56657646e+001 2.62602261e+001 8.72673296e+001 4.89911940e+001 1.08203269e+003 1.03831976e+003 2.49686051e+001 -5.89920443e+001 -1.09058079e+001 0.00000000e+000 0.00000000e+000 0.00000000e+000 1.00000000e+000
 1.00000000e+000 2.43523414e+000 2.71142807e+001 3.57230772e+001 2.62568480e+001 8.71958003e+001 4.89996692e+001 1.08214824e+003 1.03836273e+003 2.49987454e+001 -5.91151129e+001 -1.09538021e+001 0.00000000e+000 0.00000000e+000 0.00000000e+000 1.00000000e+000
 1.00000000e+000 2.29642843e+000 2.73638662e+001 3.57544905e+001 2.60313319e+001 8.70202751e+001 4.91214013e+001 1.08227386e+003 1.03860182e+003 2.51634461e+001 -5.93626143e+001 -1.10521864e+001 0.00000000e+000 0.00000000e+000 0.00000000e+000 1.00000000e+000
 1.00000000e+000 2.18373526e+000 2.75388087e+001 3.57869104e+001 2.58836431e+001 8.68713816e+001 4.92368483e+001 1.08241045e+003 1.03879740e+003 2.52688248e+001 -5.95926545e+001 -1.11122385e+001 0.00000000e+000 0.00000000e+000 0.00000000e+000 1.00000000e+000
 1.00000000e+000 2.12751478e+000 2.76181631e+001 3.58182069e+001 2.58000860e+001 8.67844950e+001 4.92891633e+001 1.08250001e+003 1.03888886e+003 2.53322712e+001 -5.97480532e+001 -1.11658259e+001 0.00000000e+000 0.00000000e+000 1.00000000e+000 0.00000000e+000
 1.00000000e+000 2.09298542e+000 2.77036231e+001 3.58167969e+001 2.57027678e+001 8.67045005e+001 4.93608689e+001 1.08254431e+003 1.03894888e+003 2.54151873e+001 -5.99222385e+001 -1.12708134e+001 0.00000000e+000 0.00000000e+000 0.00000000e+000 1.00000000e+000
 1.00000000e+000 2.03736329e+000 2.78425389e+001 3.58474187e+001 2.55532379e+001 8.66144776e+001 4.93756282e+001 1.08260879e+003 1.03902939e+003 2.55588826e+001 -6.00705502e+001 -1.14205203e+001 0.00000000e+000 0.00000000e+000 1.00000000e+000 0.00000000e+000
 1.00000000e+000 1.99728377e+000 2.79366046e+001 3.58285177e+001 2.54695607e+001 8.65499801e+001 4.94542954e+001 1.08263590e+003 1.03910501e+003 2.56222670e+001 -6.01950404e+001 -1.14901759e+001 0.00000000e+000 0.00000000e+000 1.00000000e+000 0.00000000e+000
 1.00000000e+000 1.97430600e+000 2.80021825e+001 3.58033641e+001 2.54177438e+001 8.65063368e+001 4.95238212e+001 1.08265163e+003 1.03915895e+003 2.56620031e+001 -6.02968005e+001 -1.15417400e+001 0.00000000e+000 0.00000000e+000 1.00000000e+000 0.00000000e+000
 1.00000000e+000 1.87337826e+000 2.81787452e+001 3.58038542e+001 2.52319521e+001 8.63754148e+001 4.96470755e+001 1.08268917e+003 1.03932301e+003 2.57378374e+001 -6.04687578e+001 -1.15713909e+001 0.00000000e+000 0.00000000e+000 0.00000000e+000 1.00000000e+000
 1.00000000e+000 1.89648809e+000 2.82363481e+001 3.58837706e+001 2.51210269e+001 8.63402959e+001 4.95107495e+001 1.08273024e+003 1.03926936e+003 2.58689268e+001 -6.05126641e+001 -1.17702363e+001 0.00000000e+000 1.00000000e+000 0.00000000e+000 0.00000000e+000
 1.00000000e+000 1.82572055e+000 2.84128360e+001 3.58823411e+001 2.49371535e+001 8.62558564e+001 4.95584315e+001 1.08271284e+003 1.03938838e+003 2.59561355e+001 -6.05801892e+001 -1.18193973e+001 0.00000000e+000 0.00000000e+000 1.00000000e+000 0.00000000e+000
 1.00000000e+000 1.82016102e+000 2.84816706e+001 3.58492974e+001 2.48739733e+001 8.62660807e+001 4.95540220e+001 1.08265437e+003 1.03940255e+003 2.59961381e+001 -6.05555931e+001 -1.18691173e+001 0.00000000e+000 0.00000000e+000 1.00000000e+000 0.00000000e+000
 1.00000000e+000 1.75850301e+000 2.87294082e+001 3.58308228e+001 2.45945309e+001 8.61556651e+001 4.95975018e+001 1.08269563e+003 1.03951441e+003 2.62823576e+001 -6.07622324e+001 -1.21834483e+001 0.00000000e+000 0.00000000e+000 1.00000000e+000 0.00000000e+000
 1.00000000e+000 1.67019423e+000 2.89152258e+001 3.58485859e+001 2.43933551e+001 8.60472047e+001 4.96502758e+001 1.08271673e+003 1.03965031e+003 2.63842236e+001 -6.08738304e+001 -1.22508468e+001 0.00000000e+000 0.00000000e+000 1.00000000e+000 0.00000000e+000
 1.00000000e+000 1.63910527e+000 2.90163588e+001 3.58259959e+001 2.42993424e+001 8.60489652e+001 4.96401234e+001 1.08269945e+003 1.03970211e+003 2.64563152e+001 -6.08904513e+001 -1.23379143e+001 0.00000000e+000 0.00000000e+000 1.00000000e+000 0.00000000e+000
 1.00000000e+000 1.57493688e+000 2.91507315e+001 3.57817392e+001 2.41815989e+001 8.60252354e+001 4.96915614e+001 1.08270586e+003 1.03979635e+003 2.65668017e+001 -6.09777974e+001 -1.24496577e+001 0.00000000e+000 0.00000000e+000 1.00000000e+000 0.00000000e+000
 1.00000000e+000 1.52756635e+000 2.92638316e+001 3.58502162e+001 2.40429360e+001 8.58979699e+001 4.97151695e+001 1.08279062e+003 1.03988160e+003 2.66637430e+001 -6.11323540e+001 -1.25366282e+001 0.00000000e+000 1.00000000e+000 0.00000000e+000 0.00000000e+000
 1.00000000e+000 1.50591324e+000 2.94012642e+001 3.59731457e+001 2.38495852e+001 8.57396492e+001 4.96633901e+001 1.08287330e+003 1.03993561e+003 2.67901259e+001 -6.12497399e+001 -1.26667122e+001 0.00000000e+000 1.00000000e+000 0.00000000e+000 0.00000000e+000
 1.00000000e+000 1.52026981e+000 2.95124491e+001 3.60843081e+001 2.36991798e+001 8.56216646e+001 4.95719875e+001 1.08293172e+003 1.03993583e+003 2.69356266e+001 -6.13374026e+001 -1.28438948e+001 0.00000000e+000 1.00000000e+000 0.00000000e+000 0.00000000e+000
 1.00000000e+000 1.49484366e+000 2.95430556e+001 3.60862153e+001 2.36580087e+001 8.56770174e+001 4.94846416e+001 1.08286468e+003 1.03991920e+003 2.69308333e+001 -6.12237451e+001 -1.28226083e+001 0.00000000e+000 0.00000000e+000 1.00000000e+000 0.00000000e+000
 1.00000000e+000 1.52042000e+000 2.95704849e+001 3.60476605e+001 2.36614757e+001 8.57267715e+001 4.94482900e+001 1.08281326e+003 1.03988809e+003 2.69679059e+001 -6.11972773e+001 -1.29051392e+001 0.00000000e+000 0.00000000e+000 1.00000000e+000 0.00000000e+000
 1.00000000e+000 1.53435331e+000 2.96230711e+001 3.60748527e+001 2.35944645e+001 8.57428768e+001 4.93421776e+001 1.08271488e+003 1.03983973e+003 2.69786690e+001 -6.10684835e+001 -1.29159591e+001 0.00000000e+000 0.00000000e+000 1.00000000e+000 0.00000000e+000
 1.00000000e+000 1.52236224e+000 2.96310958e+001 3.60310902e+001 2.35634234e+001 8.57726725e+001 4.93648353e+001 1.08259470e+003 1.03983322e+003 2.69298241e+001 -6.09696014e+001 -1.28179875e+001 0.00000000e+000 0.00000000e+000 0.00000000e+000 1.00000000e+000
 1.00000000e+000 1.55025580e+000 2.95874621e+001 3.60488582e+001 2.36022307e+001 8.58025286e+001 4.93128340e+001 1.08250416e+003 1.03977608e+003 2.68407517e+001 -6.08266887e+001 -1.26995629e+001 0.00000000e+000 0.00000000e+000 0.00000000e+000 1.00000000e+000
 1.00000000e+000 1.60551731e+000 2.95467749e+001 3.60915873e+001 2.36215069e+001 8.58170184e+001 4.92196934e+001 1.08244888e+003 1.03967871e+003 2.68078596e+001 -6.07232890e+001 -1.26875490e+001 0.00000000e+000 0.00000000e+000 0.00000000e+000 1.00000000e+000
 1.00000000e+000 1.64720312e+000 2.95673630e+001 3.61968927e+001 2.35590638e+001 8.57822321e+001 4.90635684e+001 1.08246584e+003 1.03960065e+003 2.68677993e+001 -6.06630650e+001 -1.27727874e+001 1.00000000e+000 0.00000000e+000 0.00000000e+000 0.00000000e+000
 1.00000000e+000 1.61508968e+000 2.96558388e+001 3.61731543e+001 2.34544684e+001 8.57586798e+001 4.90875672e+001 1.08244469e+003 1.03964468e+003 2.69438026e+001 -6.06823181e+001 -1.28372600e+001 0.00000000e+000 0.00000000e+000 1.00000000e+000 0.00000000e+000
 1.00000000e+000 1.59677588e+000 2.97773378e+001 3.62209363e+001 2.32995587e+001 8.57105994e+001 4.90127799e+001 1.08240917e+003 1.03967289e+003 2.70332069e+001 -6.06287912e+001 -1.29056138e+001 0.00000000e+000 0.00000000e+000 1.00000000e+000 0.00000000e+000
 1.00000000e+000 1.57144304e+000 2.98476494e+001 3.61804236e+001 2.32731809e+001 8.57322503e+001 4.90269262e+001 1.08236645e+003 1.03972633e+003 2.70406068e+001 -6.05932151e+001 -1.29018816e+001 0.00000000e+000 0.00000000e+000 1.00000000e+000 0.00000000e+000
 1.00000000e+000 1.47263252e+000 2.99760647e+001 3.61044001e+001 2.31297890e+001 8.56881180e+001 4.91702072e+001 1.08242839e+003 1.03987898e+003 2.71770883e+001 -6.07672209e+001 -1.30053417e+001 0.00000000e+000 0.00000000e+000 1.00000000e+000 0.00000000e+000
 1.00000000e+000 1.41434379e+000 3.00421988e+001 3.60640232e+001 2.30706217e+001 8.56608342e+001 4.92625935e+001 1.08248451e+003 1.03998438e+003 2.72429341e+001 -6.08760328e+001 -1.30463815e+001 0.00000000e+000 0.00000000e+000 0.00000000e+000 1.00000000e+000
 1.00000000e+000 1.36503670e+000 3.01341002e+001 3.60065016e+001 2.29784667e+001 8.56323584e+001 4.93529982e+001 1.08257082e+003 1.04007751e+003 2.73944029e+001 -6.10550771e+001 -1.32194007e+001 0.00000000e+000 0.00000000e+000 1.00000000e+000 0.00000000e+000
 1.00000000e+000 1.30941148e+000 3.02413786e+001 3.59621903e+001 2.28740522e+001 8.55889491e+001 4.94416323e+001 1.08263950e+003 1.04018318e+003 2.75228125e+001 -6.12116477e+001 -1.33524579e+001 0.00000000e+000 0.00000000e+000 1.00000000e+000 0.00000000e+000
 1.00000000e+000 1.25548409e+000 3.03510647e+001 3.59150185e+001 2.27800276e+001 8.55523583e+001 4.95218709e+001 1.08273294e+003 1.04028448e+003 2.76807857e+001 -6.13996900e+001 -1.35332698e+001 0.00000000e+000 0.00000000e+000 1.00000000e+000 0.00000000e+000
 1.00000000e+000 1.21052918e+000 3.04467040e+001 3.58915573e+001 2.26967027e+001 8.55024670e+001 4.95896260e+001 1.08283642e+003 1.04037515e+003 2.78309348e+001 -6.15827551e+001 -1.37024095e+001 0.00000000e+000 0.00000000e+000 1.00000000e+000 0.00000000e+000
 1.00000000e+000 1.11387045e+000 3.05631390e+001 3.59084549e+001 2.25762489e+001 8.53837428e+001 4.97124595e+001 1.08284748e+003 1.04052290e+003 2.78230592e+001 -6.16752114e+001 -1.36014544e+001 0.00000000e+000 0.00000000e+000 0.00000000e+000 1.00000000e+000
 1.00000000e+000 1.07233252e+000 3.05745080e+001 3.59289335e+001 2.25438340e+001 8.53167350e+001 4.97854123e+001 1.08284898e+003 1.04056854e+003 2.77780110e+001 -6.17175440e+001 -1.34961954e+001 0.00000000e+000 0.00000000e+000 0.00000000e+000 1.00000000e+000
 1.00000000e+000 1.15483549e+000 3.04503370e+001 3.59766479e+001 2.26417597e+001 8.53547275e+001 4.96945463e+001 1.08275244e+003 1.04044241e+003 2.76338947e+001 -6.15276907e+001 -1.33382422e+001 0.00000000e+000 0.00000000e+000 0.00000000e+000 1.00000000e+000
 1.00000000e+000 1.13055230e+000 3.04679286e+001 3.59824557e+001 2.26177948e+001 8.53644832e+001 4.96777543e+001 1.08267787e+003 1.04045539e+003 2.75705895e+001 -6.14068142e+001 -1.32156545e+001 0.00000000e+000 0.00000000e+000 0.00000000e+000 1.00000000e+000
 1.00000000e+000 1.18323102e+000 3.03851510e+001 3.60202374e+001 2.26841848e+001 8.54009736e+001 4.95950221e+001 1.08260879e+003 1.04036388e+003 2.74850222e+001 -6.12455531e+001 -1.31156691e+001 0.00000000e+000 0.00000000e+000 0.00000000e+000 1.00000000e+000
 1.00000000e+000 1.17296588e+000 3.03629437e+001 3.60752213e+001 2.27001266e+001 8.53893284e+001 4.95554913e+001 1.08257138e+003 1.04036799e+003 2.73755701e+001 -6.11267940e+001 -1.29466985e+001 0.00000000e+000 0.00000000e+000 0.00000000e+000 1.00000000e+000
 1.00000000e+000 1.11951188e+000 3.04130173e+001 3.60356418e+001 2.26512172e+001 8.53816246e+001 4.96189566e+001 1.08254921e+003 1.04042400e+003 2.73870312e+001 -6.11349280e+001 -1.29166749e+001 0.00000000e+000 0.00000000e+000 0.00000000e+000 1.00000000e+000
 1.00000000e+000 1.07955296e+000 3.04244419e+001 3.60669494e+001 2.26434015e+001 8.53574469e+001 4.96255591e+001 1.08256200e+003 1.04047057e+003 2.73384715e+001 -6.10986995e+001 -1.28060786e+001 1.00000000e+000 0.00000000e+000 0.00000000e+000 0.00000000e+000
 1.00000000e+000 1.03569258e+000 3.04645045e+001 3.60616629e+001 2.25965587e+001 8.53259039e+001 4.96749165e+001 1.08258557e+003 1.04053378e+003 2.73460713e+001 -6.11387969e+001 -1.27821732e+001 0.00000000e+000 0.00000000e+000 0.00000000e+000 1.00000000e+000
 1.00000000e+000 1.01512591e+000 3.04343091e+001 3.60357742e+001 2.26109761e+001 8.53334229e+001 4.97285524e+001 1.08261539e+003 1.04055205e+003 2.73432045e+001 -6.11889012e+001 -1.27700185e+001 0.00000000e+000 0.00000000e+000 0.00000000e+000 1.00000000e+000
 1.00000000e+000 9.71932891e-001 3.04800765e+001 3.60274631e+001 2.25879148e+001 8.53088037e+001 4.97799864e+001 1.08267030e+003 1.04063917e+003 2.73652562e+001 -6.12513079e+001 -1.27674121e+001 0.00000000e+000 0.00000000e+000 0.00000000e+000 1.00000000e+000
 1.00000000e+000 9.12323449e-001 3.05278341e+001 3.60464202e+001 2.25534600e+001 8.52758599e+001 4.98043576e+001 1.08273265e+003 1.04072547e+003 2.73738714e+001 -6.12870522e+001 -1.27367866e+001 0.00000000e+000 0.00000000e+000 0.00000000e+000 1.00000000e+000
 1.00000000e+000 8.86980464e-001 3.04788690e+001 3.60601921e+001 2.26274873e+001 8.52718760e+001 4.98442624e+001 1.08279356e+003 1.04076765e+003 2.73116863e+001 -6.13171795e+001 -1.26403422e+001 0.00000000e+000 0.00000000e+000 0.00000000e+000 1.00000000e+000
 1.00000000e+000 8.35130093e-001 3.04982506e+001 3.60592361e+001 2.26324923e+001 8.52293549e+001 4.99265396e+001 1.08284670e+003 1.04084502e+003 2.72913266e+001 -6.13975610e+001 -1.25814745e+001 1.00000000e+000 0.00000000e+000 0.00000000e+000 0.00000000e+000
 1.00000000e+000 8.17320444e-001 3.05134577e+001 3.60863033e+001 2.26179616e+001 8.51794694e+001 4.99598709e+001 1.08288670e+003 1.04088844e+003 2.72897353e+001 -6.14667299e+001 -1.25703468e+001 0.00000000e+000 0.00000000e+000 0.00000000e+000 1.00000000e+000
 1.00000000e+000 8.34565647e-001 3.04655126e+001 3.61197593e+001 2.26869064e+001 8.51969772e+001 4.99111441e+001 1.08295119e+003 1.04086996e+003 2.72888502e+001 -6.14679033e+001 -1.25817208e+001 0.00000000e+000 0.00000000e+000 1.00000000e+000 0.00000000e+000
 1.00000000e+000 7.52702397e-001 3.05202667e+001 3.61120796e+001 2.26273429e+001 8.51222585e+001 5.00358511e+001 1.08296942e+003 1.04098337e+003 2.72476976e+001 -6.15386999e+001 -1.24638330e+001 0.00000000e+000 0.00000000e+000 0.00000000e+000 1.00000000e+000
 1.00000000e+000 8.60025026e-001 3.03506016e+001 3.62400554e+001 2.27471406e+001 8.51790116e+001 4.98008515e+001 1.08300254e+003 1.04077934e+003 2.72020690e+001 -6.13883584e+001 -1.24794920e+001 0.00000000e+000 0.00000000e+000 0.00000000e+000 1.00000000e+000
 1.00000000e+000 7.96615022e-001 3.03295809e+001 3.62599339e+001 2.27648119e+001 8.51443750e+001 4.98729361e+001 1.08299987e+003 1.04084782e+003 2.70680629e+001 -6.13819429e+001 -1.22674295e+001 0.00000000e+000 0.00000000e+000 0.00000000e+000 1.00000000e+000
 1.00000000e+000 8.46958280e-001 3.02406281e+001 3.63630118e+001 2.28262029e+001 8.51619241e+001 4.97248584e+001 1.08295606e+003 1.04075233e+003 2.69581741e+001 -6.11698368e+001 -1.21131907e+001 0.00000000e+000 0.00000000e+000 0.00000000e+000 1.00000000e+000
 1.00000000e+000 8.93826286e-001 3.01429589e+001 3.64331550e+001 2.28698751e+001 8.51900705e+001 4.96145646e+001 1.08286261e+003 1.04065268e+003 2.68249771e+001 -6.09621562e+001 -1.19456064e+001 0.00000000e+000 0.00000000e+000 0.00000000e+000 1.00000000e+000
 1.00000000e+000 9.28516628e-001 3.00847889e+001 3.64683747e+001 2.29186942e+001 8.52554669e+001 4.94921192e+001 1.08282853e+003 1.04057898e+003 2.67793679e+001 -6.08126661e+001 -1.19016172e+001 0.00000000e+000 0.00000000e+000 0.00000000e+000 1.00000000e+000
 1.00000000e+000 9.88175309e-001 2.99805037e+001 3.65226253e+001 2.29967606e+001 8.53169305e+001 4.93603721e+001 1.08272445e+003 1.04046263e+003 2.66466969e+001 -6.05799559e+001 -1.17543013e+001 0.00000000e+000 0.00000000e+000 0.00000000e+000 1.00000000e+000
 1.00000000e+000 9.31314453e-001 3.00619259e+001 3.64936036e+001 2.29433225e+001 8.53079817e+001 4.94065730e+001 1.08271383e+003 1.04055039e+003 2.66567586e+001 -6.05812402e+001 -1.17240580e+001 0.00000000e+000 0.00000000e+000 0.00000000e+000 1.00000000e+000
 1.00000000e+000 9.04519603e-001 3.01203997e+001 3.64724604e+001 2.29452255e+001 8.52889770e+001 4.94651117e+001 1.08271915e+003 1.04064746e+003 2.66221302e+001 -6.05945061e+001 -1.16565876e+001 0.00000000e+000 0.00000000e+000 0.00000000e+000 1.00000000e+000
 1.00000000e+000 8.74793041e-001 3.01007333e+001 3.65185000e+001 2.29670992e+001 8.52815752e+001 4.94387778e+001 1.08274408e+003 1.04067048e+003 2.65697918e+001 -6.05237835e+001 -1.15418819e+001 0.00000000e+000 0.00000000e+000 0.00000000e+000 1.00000000e+000
 1.00000000e+000 8.26719364e-001 3.01102901e+001 3.65601704e+001 2.29301548e+001 8.52158875e+001 4.94810265e+001 1.08277584e+003 1.04071539e+003 2.65415344e+001 -6.05617975e+001 -1.14623797e+001 0.00000000e+000 0.00000000e+000 0.00000000e+000 1.00000000e+000
 1.00000000e+000 8.46038368e-001 3.00338657e+001 3.66340231e+001 2.30126162e+001 8.52102547e+001 4.94214550e+001 1.08278058e+003 1.04068423e+003 2.64355914e+001 -6.04650983e+001 -1.13129143e+001 0.00000000e+000 0.00000000e+000 0.00000000e+000 1.00000000e+000
 1.00000000e+000 8.37255916e-001 2.99458538e+001 3.67552845e+001 2.30903028e+001 8.51838508e+001 4.93467145e+001 1.08278460e+003 1.04067971e+003 2.62547140e+001 -6.03199586e+001 -1.10292877e+001 0.00000000e+000 0.00000000e+000 0.00000000e+000 1.00000000e+000
 1.00000000e+000 8.20521394e-001 2.99109860e+001 3.68085064e+001 2.31235351e+001 8.51516910e+001 4.93467626e+001 1.08277002e+003 1.04069195e+003 2.61570142e+001 -6.02572083e+001 -1.08540943e+001 0.00000000e+000 0.00000000e+000 0.00000000e+000 1.00000000e+000
 1.00000000e+000 8.01039630e-001 2.98554505e+001 3.68975254e+001 2.31657800e+001 8.51709416e+001 4.92351556e+001 1.08272083e+003 1.04065857e+003 2.60242150e+001 -6.00362007e+001 -1.06360585e+001 0.00000000e+000 0.00000000e+000 0.00000000e+000 1.00000000e+000
 1.00000000e+000 7.23655633e-001 2.98936472e+001 3.69319281e+001 2.31207021e+001 8.51125132e+001 4.92840966e+001 1.08274087e+003 1.04074639e+003 2.59809843e+001 -6.00425222e+001 -1.04958921e+001 0.00000000e+000 0.00000000e+000 0.00000000e+000 1.00000000e+000
 1.00000000e+000 6.81199894e-001 2.99110710e+001 3.69855626e+001 2.30900812e+001 8.50586918e+001 4.92893114e+001 1.08276679e+003 1.04078384e+003 2.59563540e+001 -6.00574149e+001 -1.04215720e+001 0.00000000e+000 0.00000000e+000 0.00000000e+000 1.00000000e+000
 1.00000000e+000 6.26437089e-001 2.99662610e+001 3.69994244e+001 2.30427172e+001 8.49904978e+001 4.93636365e+001 1.08276911e+003 1.04087182e+003 2.59187250e+001 -6.01000210e+001 -1.03234615e+001 0.00000000e+000 0.00000000e+000 0.00000000e+000 1.00000000e+000
 1.00000000e+000 6.32131120e-001 2.99895058e+001 3.70337070e+001 2.30236465e+001 8.49423808e+001 4.93572684e+001 1.08292566e+003 1.04088544e+003 2.60570653e+001 -6.03001058e+001 -1.05332172e+001 0.00000000e+000 0.00000000e+000 0.00000000e+000 1.00000000e+000
 1.00000000e+000 6.21485921e-001 3.00555299e+001 3.70721547e+001 2.29754368e+001 8.49006267e+001 4.93251253e+001 1.08303542e+003 1.04092298e+003 2.61459819e+001 -6.04148172e+001 -1.06700064e+001 0.00000000e+000 0.00000000e+000 0.00000000e+000 1.00000000e+000
 1.00000000e+000 6.25836940e-001 3.00289661e+001 3.70301134e+001 2.30231292e+001 8.49510985e+001 4.93351890e+001 1.08301824e+003 1.04091125e+003 2.61272922e+001 -6.03969583e+001 -1.06678470e+001 0.00000000e+000 0.00000000e+000 0.00000000e+000 1.00000000e+000
 1.00000000e+000 6.17178699e-001 3.00383073e+001 3.70698889e+001 2.30391732e+001 8.49557477e+001 4.92788082e+001 1.08300625e+003 1.04092125e+003 2.60868832e+001 -6.02992577e+001 -1.05929640e+001 0.00000000e+000 0.00000000e+000 0.00000000e+000 1.00000000e+000
 1.00000000e+000 6.64920081e-001 2.99095604e+001 3.70018879e+001 2.31588599e+001 8.50225520e+001 4.93299210e+001 1.08300092e+003 1.04084150e+003 2.60752744e+001 -6.03279254e+001 -1.06184390e+001 0.00000000e+000 0.00000000e+000 0.00000000e+000 1.00000000e+000
 1.00000000e+000 7.00987834e-001 2.97858632e+001 3.69653888e+001 2.32786523e+001 8.50779055e+001 4.93547977e+001 1.08304064e+003 1.04076995e+003 2.60784319e+001 -6.03618880e+001 -1.06552537e+001 0.00000000e+000 0.00000000e+000 0.00000000e+000 1.00000000e+000
 1.00000000e+000 7.31501410e-001 2.96535608e+001 3.70526067e+001 2.33767632e+001 8.51013131e+001 4.92599688e+001 1.08299191e+003 1.04069544e+003 2.59010685e+001 -6.01419651e+001 -1.04093599e+001 0.00000000e+000 0.00000000e+000 0.00000000e+000 1.00000000e+000
 1.00000000e+000 7.55096031e-001 2.95223051e+001 3.70846170e+001 2.35369406e+001 8.51460700e+001 4.92375848e+001 1.08294585e+003 1.04066729e+003 2.56963423e+001 -5.99548985e+001 -1.01281910e+001 0.00000000e+000 0.00000000e+000 0.00000000e+000 1.00000000e+000
 1.00000000e+000 8.05189287e-001 2.93608102e+001 3.71660681e+001 2.36841903e+001 8.51948291e+001 4.91277754e+001 1.08289465e+003 1.04057306e+003 2.54987129e+001 -5.97042215e+001 -9.86874625e+000 0.00000000e+000 0.00000000e+000 0.00000000e+000 1.00000000e+000
 1.00000000e+000 8.74244804e-001 2.91645984e+001 3.72386405e+001 2.38496258e+001 8.52711249e+001 4.89982466e+001 1.08283501e+003 1.04043552e+003 2.53100936e+001 -5.94469784e+001 -9.64035426e+000 0.00000000e+000 0.00000000e+000 0.00000000e+000 1.00000000e+000
 1.00000000e+000 9.08364137e-001 2.89964887e+001 3.72919951e+001 2.40071107e+001 8.53250508e+001 4.89379682e+001 1.08274538e+003 1.04035241e+003 2.50739935e+001 -5.91921405e+001 -9.31534423e+000 0.00000000e+000 0.00000000e+000 0.00000000e+000 1.00000000e+000
 1.00000000e+000 9.68788321e-001 2.88299203e+001 3.73958138e+001 2.41197198e+001 8.53448381e+001 4.88236849e+001 1.08270823e+003 1.04023611e+003 2.49129341e+001 -5.89934856e+001 -9.10033062e+000 0.00000000e+000 0.00000000e+000 0.00000000e+000 1.00000000e+000
 1.00000000e+000 1.03557894e+000 2.87393970e+001 3.74715954e+001 2.41866072e+001 8.53802096e+001 4.86864081e+001 1.08270108e+003 1.04014257e+003 2.48469211e+001 -5.88672690e+001 -9.05044069e+000 0.00000000e+000 0.00000000e+000 0.00000000e+000 1.00000000e+000
 1.00000000e+000 1.06519319e+000 2.86826990e+001 3.74639379e+001 2.42242106e+001 8.54277410e+001 4.86463082e+001 1.08266903e+003 1.04008186e+003 2.48276951e+001 -5.87922794e+001 -9.04897345e+000 0.00000000e+000 1.00000000e+000 0.00000000e+000 0.00000000e+000
 1.00000000e+000 1.06835401e+000 2.86591059e+001 3.74992543e+001 2.42422684e+001 8.54525232e+001 4.85688081e+001 1.08269273e+003 1.04004360e+003 2.48375581e+001 -5.87427954e+001 -9.06443079e+000 0.00000000e+000 1.00000000e+000 0.00000000e+000 0.00000000e+000
 1.00000000e+000 9.49746074e-001 2.88260593e+001 3.74680341e+001 2.40777554e+001 8.53210703e+001 4.87538339e+001 1.08276723e+003 1.04022635e+003 2.49263160e+001 -5.89861946e+001 -9.11881372e+000 0.00000000e+000 0.00000000e+000 0.00000000e+000 1.00000000e+000
 1.00000000e+000 9.24166217e-001 2.88903467e+001 3.74731791e+001 2.40416757e+001 8.52736774e+001 4.87900147e+001 1.08286406e+003 1.04029178e+003 2.49925692e+001 -5.91165324e+001 -9.21828442e+000 0.00000000e+000 0.00000000e+000 0.00000000e+000 1.00000000e+000
 1.00000000e+000 9.35281468e-001 2.88670346e+001 3.74699215e+001 2.40704277e+001 8.52745758e+001 4.88023858e+001 1.08292027e+003 1.04029084e+003 2.50270390e+001 -5.91864715e+001 -9.27843068e+000 0.00000000e+000 0.00000000e+000 0.00000000e+000 1.00000000e+000
 1.00000000e+000 9.02840471e-001 2.89105345e+001 3.74592862e+001 2.40469002e+001 8.52272237e+001 4.88786215e+001 1.08296679e+003 1.04036443e+003 2.50542835e+001 -5.92893665e+001 -9.29962904e+000 0.00000000e+000 0.00000000e+000 0.00000000e+000 1.00000000e+000
 1.00000000e+000 9.06394107e-001 2.88869017e+001 3.74654200e+001 2.40805516e+001 8.52283961e+001 4.88775682e+001 1.08303737e+003 1.04035867e+003 2.50999498e+001 -5.93596034e+001 -9.37584127e+000 0.00000000e+000 0.00000000e+000 0.00000000e+000 1.00000000e+000
 1.00000000e+000 8.72027060e-001 2.88991890e+001 3.74929143e+001 2.40855432e+001 8.51674722e+001 4.89354099e+001 1.08312426e+003 1.04042231e+003 2.51198421e+001 -5.94804593e+001 -9.37596836e+000 0.00000000e+000 0.00000000e+000 0.00000000e+000 1.00000000e+000
 1.00000000e+000 7.92394572e-001 2.89920131e+001 3.75173773e+001 2.40122792e+001 8.50496082e+001 4.90560970e+001 1.08315289e+003 1.04056360e+003 2.50991882e+001 -5.95742381e+001 -9.26838656e+000 0.00000000e+000 0.00000000e+000 0.00000000e+000 1.00000000e+000
 1.00000000e+000 7.40188214e-001 2.90572789e+001 3.75759552e+001 2.39649074e+001 8.49221871e+001 4.91344324e+001 1.08334679e+003 1.04067472e+003 2.51687676e+001 -5.98293695e+001 -9.35617035e+000 0.00000000e+000 0.00000000e+000 0.00000000e+000 1.00000000e+000
 1.00000000e+000 7.13953124e-001 2.91444587e+001 3.75700336e+001 2.38904971e+001 8.48257569e+001 4.92341587e+001 1.08347719e+003 1.04075784e+003 2.52858421e+001 -6.00852170e+001 -9.52300359e+000 0.00000000e+000 0.00000000e+000 0.00000000e+000 1.00000000e+000
 1.00000000e+000 5.99346417e-001 2.93365852e+001 3.75578719e+001 2.37494632e+001 8.46876833e+001 4.93937174e+001 1.08364728e+003 1.04096945e+003 2.54197440e+001 -6.03807472e+001 -9.64667097e+000 0.00000000e+000 0.00000000e+000 0.00000000e+000 1.00000000e+000
 1.00000000e+000 5.28927268e-001 2.94416602e+001 3.75356649e+001 2.36548081e+001 8.45598731e+001 4.95767352e+001 1.08376116e+003 1.04111840e+003 2.55142400e+001 -6.06857233e+001 -9.74659662e+000 0.00000000e+000 0.00000000e+000 0.00000000e+000 1.00000000e+000
 1.00000000e+000 4.76677077e-001 2.94850558e+001 3.75269448e+001 2.36216852e+001 8.45327401e+001 4.96323083e+001 1.08376212e+003 1.04119030e+003 2.55132569e+001 -6.06972543e+001 -9.68788017e+000 0.00000000e+000 0.00000000e+000 0.00000000e+000 1.00000000e+000
 1.00000000e+000 3.68205251e-001 2.95729344e+001 3.75396738e+001 2.35483931e+001 8.44500108e+001 4.97410363e+001 1.08376346e+003 1.04134684e+003 2.54460625e+001 -6.07202099e+001 -9.49682426e+000 0.00000000e+000 0.00000000e+000 0.00000000e+000 1.00000000e+000
 1.00000000e+000 4.00698790e-001 2.94596231e+001 3.76304003e+001 2.36614949e+001 8.44849507e+001 4.96181673e+001 1.08376332e+003 1.04127866e+003 2.53195605e+001 -6.05725454e+001 -9.34680440e+000 0.00000000e+000 0.00000000e+000 0.00000000e+000 1.00000000e+000
 1.00000000e+000 3.74416749e-001 2.94860466e+001 3.76927457e+001 2.36382760e+001 8.44685243e+001 4.95553924e+001 1.08370058e+003 1.04129356e+003 2.52161858e+001 -6.04553317e+001 -9.19343121e+000 0.00000000e+000 0.00000000e+000 0.00000000e+000 1.00000000e+000
 1.00000000e+000 3.37330564e-001 2.95072611e+001 3.77062971e+001 2.36115723e+001 8.44183349e+001 4.96132558e+001 1.08369490e+003 1.04134490e+003 2.51633878e+001 -6.04874751e+001 -9.10113476e+000 0.00000000e+000 0.00000000e+000 0.00000000e+000 1.00000000e+000
 1.00000000e+000 3.88478327e-001 2.93564725e+001 3.77221156e+001 2.37425141e+001 8.44552329e+001 4.96007550e+001 1.08370742e+003 1.04126458e+003 2.50850691e+001 -6.04594675e+001 -9.02445965e+000 0.00000000e+000 0.00000000e+000 0.00000000e+000 1.00000000e+000
 1.00000000e+000 4.02336145e-001 2.92113346e+001 3.78013098e+001 2.38817225e+001 8.45123116e+001 4.94992091e+001 1.08358347e+003 1.04119924e+003 2.48162160e+001 -6.01242124e+001 -8.62875924e+000 0.00000000e+000 0.00000000e+000 0.00000000e+000 1.00000000e+000
 1.00000000e+000 3.40308445e-001 2.91878250e+001 3.78124858e+001 2.39004043e+001 8.44520844e+001 4.96246646e+001 1.08349874e+003 1.04128706e+003 2.46090334e+001 -6.00486265e+001 -8.27443807e+000 0.00000000e+000 0.00000000e+000 0.00000000e+000 1.00000000e+000
 1.00000000e+000 3.27757591e-001 2.91042551e+001 3.79285837e+001 2.40204314e+001 8.44304567e+001 4.95673084e+001 1.08345914e+003 1.04131149e+003 2.43684076e+001 -5.98455075e+001 -7.89157872e+000 0.00000000e+000 0.00000000e+000 0.00000000e+000 1.00000000e+000
 1.00000000e+000 3.07677831e-001 2.90166887e+001 3.79812087e+001 2.41374542e+001 8.44539645e+001 4.95423106e+001 1.08337435e+003 1.04132723e+003 2.41321706e+001 -5.96143073e+001 -7.51648683e+000 0.00000000e+000 0.00000000e+000 0.00000000e+000 1.00000000e+000
 1.00000000e+000 3.76741298e-001 2.87753437e+001 3.80649674e+001 2.43913232e+001 8.45236165e+001 4.94522335e+001 1.08331094e+003 1.04121947e+003 2.38615854e+001 -5.93373485e+001 -7.14663702e+000 0.00000000e+000 0.00000000e+000 0.00000000e+000 1.00000000e+000
 1.00000000e+000 4.77522967e-001 2.84865884e+001 3.81949239e+001 2.46435128e+001 8.46289887e+001 4.92366694e+001 1.08326779e+003 1.04101477e+003 2.36207059e+001 -5.90028678e+001 -6.85182170e+000 0.00000000e+000 0.00000000e+000 0.00000000e+000 1.00000000e+000
 1.00000000e+000 5.36555007e-001 2.82663877e+001 3.82819231e+001 2.48468707e+001 8.46980989e+001 4.91211120e+001 1.08322758e+003 1.04088777e+003 2.34062275e+001 -5.87547290e+001 -6.56374800e+000 0.00000000e+000 0.00000000e+000 0.00000000e+000 1.00000000e+000
 1.00000000e+000 6.19931586e-001 2.79419075e+001 3.82577670e+001 2.51890401e+001 8.48526945e+001 4.91030371e+001 1.08321173e+003 1.04072271e+003 2.31614659e+001 -5.85870189e+001 -6.31973990e+000 0.00000000e+000 0.00000000e+000 0.00000000e+000 1.00000000e+000
 1.00000000e+000 7.06420594e-001 2.76067063e+001 3.82330127e+001 2.55297627e+001 8.50163572e+001 4.90740401e+001 1.08321277e+003 1.04054345e+003 2.29461064e+001 -5.84300479e+001 -6.11439309e+000 0.00000000e+000 0.00000000e+000 0.00000000e+000 1.00000000e+000
 1.00000000e+000 7.92831518e-001 2.74382988e+001 3.82417961e+001 2.56455029e+001 8.50878840e+001 4.89970877e+001 1.08326950e+003 1.04038256e+003 2.30112903e+001 -5.84610777e+001 -6.26853599e+000 1.00000000e+000 0.00000000e+000 0.00000000e+000 0.00000000e+000
 1.00000000e+000 6.10577020e-001 2.75594616e+001 3.82656966e+001 2.55290505e+001 8.49722520e+001 4.91651224e+001 1.08317689e+003 1.04063309e+003 2.27971282e+001 -5.83571479e+001 -5.77794604e+000 0.00000000e+000 0.00000000e+000 0.00000000e+000 1.00000000e+000
 1.00000000e+000 6.39748638e-001 2.74296188e+001 3.83151583e+001 2.56270565e+001 8.50278458e+001 4.90744060e+001 1.08314465e+003 1.04054249e+003 2.26921425e+001 -5.82131220e+001 -5.64503595e+000 0.00000000e+000 0.00000000e+000 0.00000000e+000 1.00000000e+000
 1.00000000e+000 5.91091798e-001 2.74473745e+001 3.83474946e+001 2.56194828e+001 8.50036768e+001 4.90878012e+001 1.08306220e+003 1.04059932e+003 2.25525013e+001 -5.80832175e+001 -5.39107082e+000 0.00000000e+000 0.00000000e+000 0.00000000e+000 1.00000000e+000
 1.00000000e+000 6.25001202e-001 2.73145516e+001 3.83055254e+001 2.57371463e+001 8.50668667e+001 4.91133700e+001 1.08309081e+003 1.04051741e+003 2.25511058e+001 -5.81131732e+001 -5.42357180e+000 0.00000000e+000 0.00000000e+000 0.00000000e+000 1.00000000e+000
 1.00000000e+000 5.82184372e-001 2.74521532e+001 3.82523358e+001 2.56062215e+001 8.50104257e+001 4.91981687e+001 1.08310874e+003 1.04058441e+003 2.26977410e+001 -5.82839303e+001 -5.60191633e+000 0.00000000e+000 1.00000000e+000 0.00000000e+000 0.00000000e+000
 1.00000000e+000 5.55361820e-001 2.76050010e+001 3.82630081e+001 2.54526565e+001 8.49508261e+001 4.91798765e+001 1.08312106e+003 1.04063473e+003 2.28400274e+001 -5.83667412e+001 -5.77211497e+000 0.00000000e+000 0.00000000e+000 0.00000000e+000 1.00000000e+000
 1.00000000e+000 5.54974743e-001 2.76843280e+001 3.82997104e+001 2.54110639e+001 8.49279937e+001 4.91170130e+001 1.08310363e+003 1.04064138e+003 2.28678588e+001 -5.83440550e+001 -5.82064155e+000 0.00000000e+000 0.00000000e+000 0.00000000e+000 1.00000000e+000
 1.00000000e+000 5.11906592e-001 2.78261834e+001 3.82873623e+001 2.52628238e+001 8.48828336e+001 4.91265975e+001 1.08308694e+003 1.04069506e+003 2.30050618e+001 -5.84196312e+001 -5.97206003e+000 0.00000000e+000 1.00000000e+000 0.00000000e+000 0.00000000e+000
 1.00000000e+000 2.44974963e-001 2.81942145e+001 3.81821527e+001 2.49368400e+001 8.46780260e+001 4.95005223e+001 1.08303951e+003 1.04111986e+003 2.30248834e+001 -5.86313179e+001 -5.77992616e+000 0.00000000e+000 0.00000000e+000 0.00000000e+000 1.00000000e+000
 1.00000000e+000 2.25287337e-001 2.82525654e+001 3.82112499e+001 2.48858489e+001 8.46477543e+001 4.94799882e+001 1.08305678e+003 1.04116230e+003 2.30318955e+001 -5.86323948e+001 -5.77923522e+000 0.00000000e+000 0.00000000e+000 0.00000000e+000 1.00000000e+000
 1.00000000e+000 1.54048161e-001 2.84616016e+001 3.81754354e+001 2.46691522e+001 8.45689611e+001 4.95452019e+001 1.08308240e+003 1.04128364e+003 2.32061486e+001 -5.87918991e+001 -5.96875865e+000 0.00000000e+000 1.00000000e+000 0.00000000e+000 0.00000000e+000
 1.00000000e+000 9.96231579e-002 2.87059906e+001 3.81998176e+001 2.44098895e+001 8.44509246e+001 4.95455502e+001 1.08310383e+003 1.04140026e+003 2.34243875e+001 -5.89360088e+001 -6.19876710e+000 0.00000000e+000 0.00000000e+000 0.00000000e+000 1.00000000e+000
 1.00000000e+000 -2.38426124e-001 2.92445759e+001 3.81143820e+001 2.39112181e+001 8.41415335e+001 4.99667433e+001 1.08308167e+003 1.04194624e+003 2.35465285e+001 -5.92587202e+001 -6.08769347e+000 0.00000000e+000 0.00000000e+000 0.00000000e+000 1.00000000e+000
 1.00000000e+000 -3.05424688e-001 2.92503418e+001 3.80936140e+001 2.39100078e+001 8.40776753e+001 5.01234734e+001 1.08312834e+003 1.04205346e+003 2.35037823e+001 -5.93949240e+001 -5.98438717e+000 0.00000000e+000 0.00000000e+000 0.00000000e+000 1.00000000e+000
 1.00000000e+000 -2.96917497e-001 2.91046739e+001 3.80777118e+001 2.40906578e+001 8.41385395e+001 5.01608817e+001 1.08307178e+003 1.04201734e+003 2.32961000e+001 -5.92738554e+001 -5.71792019e+000 0.00000000e+000 0.00000000e+000 0.00000000e+000 1.00000000e+000
 1.00000000e+000 -2.69517858e-001 2.90052764e+001 3.81339845e+001 2.41736608e+001 8.41361603e+001 5.01332342e+001 1.08298902e+003 1.04196261e+003 2.31109725e+001 -5.91241214e+001 -5.46026659e+000 0.00000000e+000 0.00000000e+000 0.00000000e+000 1.00000000e+000
 1.00000000e+000 -3.15038201e-001 2.90406599e+001 3.80998613e+001 2.41427926e+001 8.41152228e+001 5.02159188e+001 1.08298406e+003 1.04202213e+003 2.31173019e+001 -5.91785894e+001 -5.43078382e+000 0.00000000e+000 0.00000000e+000 0.00000000e+000 1.00000000e+000
 1.00000000e+000 -2.96252080e-001 2.89951670e+001 3.81330324e+001 2.41737286e+001 8.41271539e+001 5.01694399e+001 1.08294715e+003 1.04198407e+003 2.30559645e+001 -5.90917737e+001 -5.34765618e+000 0.00000000e+000 0.00000000e+000 0.00000000e+000 1.00000000e+000
 1.00000000e+000 -3.00177411e-001 2.89319177e+001 3.81357679e+001 2.42189371e+001 8.41436578e+001 5.01845080e+001 1.08291690e+003 1.04197076e+003 2.29681094e+001 -5.90347462e+001 -5.22281961e+000 0.00000000e+000 0.00000000e+000 0.00000000e+000 1.00000000e+000
 1.00000000e+000 -2.57685046e-001 2.88090315e+001 3.81837392e+001 2.43267943e+001 8.41860644e+001 5.01124747e+001 1.08287102e+003 1.04189295e+003 2.28277318e+001 -5.88676567e+001 -5.04942039e+000 0.00000000e+000 0.00000000e+000 0.00000000e+000 1.00000000e+000
 1.00000000e+000 -2.43716542e-001 2.87039816e+001 3.81931480e+001 2.44228390e+001 8.42177428e+001 5.01138127e+001 1.08284501e+003 1.04185357e+003 2.27038998e+001 -5.87823927e+001 -4.89273772e+000 0.00000000e+000 0.00000000e+000 0.00000000e+000 1.00000000e+000
 1.00000000e+000 -4.96998427e-001 2.90087835e+001 3.81210961e+001 2.41601092e+001 8.40219382e+001 5.04625680e+001 1.08277641e+003 1.04224604e+003 2.26130622e+001 -5.89087150e+001 -4.57252279e+000 0.00000000e+000 0.00000000e+000 0.00000000e+000 1.00000000e+000
 1.00000000e+000 -4.30204933e-001 2.88888914e+001 3.81271537e+001 2.42988484e+001 8.41052073e+001 5.03837584e+001 1.08280214e+003 1.04215953e+003 2.25616757e+001 -5.88250933e+001 -4.56307083e+000 0.00000000e+000 0.00000000e+000 0.00000000e+000 1.00000000e+000
 1.00000000e+000 -4.36065486e-001 2.89590133e+001 3.81729801e+001 2.42217824e+001 8.40706711e+001 5.03259759e+001 1.08279516e+003 1.04218511e+003 2.25904355e+001 -5.87920327e+001 -4.58208974e+000 0.00000000e+000 0.00000000e+000 0.00000000e+000 1.00000000e+000
 1.00000000e+000 -4.37391418e-001 2.90150884e+001 3.82301728e+001 2.41263470e+001 8.40043211e+001 5.02897737e+001 1.08280170e+003 1.04219213e+003 2.26630072e+001 -5.88034711e+001 -4.64323635e+000 1.00000000e+000 0.00000000e+000 0.00000000e+000 0.00000000e+000
 1.00000000e+000 -4.00866090e-001 2.90711573e+001 3.83182555e+001 2.40108387e+001 8.39653982e+001 5.01407462e+001 1.08278533e+003 1.04212638e+003 2.27836420e+001 -5.87548376e+001 -4.79511043e+000 0.00000000e+000 1.00000000e+000 0.00000000e+000 0.00000000e+000
 1.00000000e+000 -4.19568864e-001 2.92036498e+001 3.83642887e+001 2.38643766e+001 8.38831446e+001 5.01096289e+001 1.08281459e+003 1.04217445e+003 2.29077641e+001 -5.88321997e+001 -4.94336161e+000 0.00000000e+000 0.00000000e+000 0.00000000e+000 1.00000000e+000
 1.00000000e+000 -4.48562709e-001 2.93670057e+001 3.83945371e+001 2.36546843e+001 8.37908525e+001 5.00895661e+001 1.08282860e+003 1.04221804e+003 2.30765696e+001 -5.89307301e+001 -5.13902495e+000 0.00000000e+000 1.00000000e+000 0.00000000e+000 0.00000000e+000
 1.00000000e+000 -5.08299334e-001 2.95491386e+001 3.84453375e+001 2.34532220e+001 8.36923311e+001 5.00646153e+001 1.08287136e+003 1.04232060e+003 2.32233880e+001 -5.90193868e+001 -5.27375225e+000 1.00000000e+000 0.00000000e+000 0.00000000e+000 0.00000000e+000
 1.00000000e+000 -5.53741880e-001 2.97057949e+001 3.84969703e+001 2.32772234e+001 8.35972513e+001 5.00444097e+001 1.08286136e+003 1.04239952e+003 2.33132368e+001 -5.90359637e+001 -5.32224952e+000 1.00000000e+000 0.00000000e+000 0.00000000e+000 0.00000000e+000
 1.00000000e+000 -5.82161840e-001 2.97755105e+001 3.85440576e+001 2.31798544e+001 8.35566249e+001 4.99965587e+001 1.08287391e+003 1.04242525e+003 2.33799613e+001 -5.90403048e+001 -5.37249158e+000 0.00000000e+000 0.00000000e+000 0.00000000e+000 1.00000000e+000
 1.00000000e+000 -5.81825176e-001 2.98425202e+001 3.85787011e+001 2.30848896e+001 8.35083148e+001 4.99644584e+001 1.08283072e+003 1.04242681e+003 2.34142156e+001 -5.90125651e+001 -5.39266118e+000 0.00000000e+000 0.00000000e+000 0.00000000e+000 1.00000000e+000
 1.00000000e+000 -5.84428875e-001 2.99025105e+001 3.86065259e+001 2.30060734e+001 8.34839884e+001 4.99151870e+001 1.08280883e+003 1.04242266e+003 2.34799662e+001 -5.89965901e+001 -5.46297384e+000 0.00000000e+000 1.00000000e+000 0.00000000e+000 0.00000000e+000
 1.00000000e+000 -6.03649355e-001 2.99944429e+001 3.86801073e+001 2.28710395e+001 8.34008009e+001 4.98697809e+001 1.08280206e+003 1.04245887e+003 2.35304092e+001 -5.89879542e+001 -5.48038858e+000 0.00000000e+000 1.00000000e+000 0.00000000e+000 0.00000000e+000
 1.00000000e+000 -6.41650208e-001 3.01187028e+001 3.87297468e+001 2.27045798e+001 8.33083408e+001 4.98609001e+001 1.08278199e+003 1.04252601e+003 2.35825482e+001 -5.89943373e+001 -5.50036693e+000 1.00000000e+000 0.00000000e+000 0.00000000e+000 0.00000000e+000
 1.00000000e+000 -6.74384386e-001 3.01525718e+001 3.87589033e+001 2.26436420e+001 8.32745496e+001 4.98562448e+001 1.08279443e+003 1.04255894e+003 2.35929918e+001 -5.90043314e+001 -5.48265123e+000 0.00000000e+000 0.00000000e+000 0.00000000e+000 1.00000000e+000
 1.00000000e+000 -7.32609373e-001 3.02319410e+001 3.87429352e+001 2.25645255e+001 8.32334675e+001 4.99198879e+001 1.08277999e+003 1.04263768e+003 2.36070873e+001 -5.90282536e+001 -5.45222518e+000 0.00000000e+000 0.00000000e+000 0.00000000e+000 1.00000000e+000
 1.00000000e+000 -7.49368358e-001 3.02931280e+001 3.87569417e+001 2.24797270e+001 8.32006943e+001 4.99115140e+001 1.08274268e+003 1.04265994e+003 2.36260814e+001 -5.90006995e+001 -5.44668068e+000 1.00000000e+000 0.00000000e+000 0.00000000e+000 0.00000000e+000
 1.00000000e+000 -7.92013098e-001 3.03697489e+001 3.87704457e+001 2.23940836e+001 8.31595663e+001 4.99253564e+001 1.08271629e+003 1.04272162e+003 2.36303911e+001 -5.89903852e+001 -5.40534598e+000 0.00000000e+000 0.00000000e+000 0.00000000e+000 1.00000000e+000
 1.00000000e+000 -7.94095872e-001 3.04233771e+001 3.87992975e+001 2.23411760e+001 8.31374970e+001 4.98827298e+001 1.08270863e+003 1.04273759e+003 2.36759784e+001 -5.89648081e+001 -5.44487108e+000 0.00000000e+000 1.00000000e+000 0.00000000e+000 0.00000000e+000
 1.00000000e+000 -7.53638799e-001 3.03943535e+001 3.88170117e+001 2.23727626e+001 8.31603472e+001 4.98230113e+001 1.08271616e+003 1.04269477e+003 2.36956592e+001 -5.89281686e+001 -5.48694581e+000 1.00000000e+000 0.00000000e+000 0.00000000e+000 0.00000000e+000
 1.00000000e+000 -7.51767003e-001 3.04343137e+001 3.88752634e+001 2.23186111e+001 8.31364668e+001 4.97388789e+001 1.08275748e+003 1.04268695e+003 2.37603145e+001 -5.89174053e+001 -5.56320195e+000 1.00000000e+000 0.00000000e+000 0.00000000e+000 0.00000000e+000
 1.00000000e+000 -7.49636591e-001 3.04674567e+001 3.88949939e+001 2.22660283e+001 8.31275268e+001 4.96970339e+001 1.08273179e+003 1.04267976e+003 2.37799255e+001 -5.88702369e+001 -5.57226090e+000 1.00000000e+000 0.00000000e+000 0.00000000e+000 0.00000000e+000
 1.00000000e+000 -6.99141855e-001 3.04251453e+001 3.89115028e+001 2.22911895e+001 8.31737608e+001 4.96008877e+001 1.08270934e+003 1.04259416e+003 2.38083812e+001 -5.87944014e+001 -5.64116618e+000 1.00000000e+000 0.00000000e+000 0.00000000e+000 0.00000000e+000
 1.00000000e+000 -7.09284642e-001 3.04014422e+001 3.88644297e+001 2.23540073e+001 8.32037814e+001 4.96599614e+001 1.08271340e+003 1.04261969e+003 2.37717297e+001 -5.88090593e+001 -5.59312006e+000 0.00000000e+000 0.00000000e+000 0.00000000e+000 1.00000000e+000
 1.00000000e+000 -6.82687087e-001 3.03622781e+001 3.88553839e+001 2.24268156e+001 8.32264289e+001 4.96631676e+001 1.08272229e+003 1.04260477e+003 2.37421211e+001 -5.88102445e+001 -5.57386512e+000 1.00000000e+000 0.00000000e+000 0.00000000e+000 0.00000000e+000
 1.00000000e+000 -6.47561009e-001 3.02903967e+001 3.88606977e+001 2.25348543e+001 8.32615445e+001 4.96426226e+001 1.08269790e+003 1.04255970e+003 2.36529555e+001 -5.87325499e+001 -5.48403687e+000 0.00000000e+000 0.00000000e+000 0.00000000e+000 1.00000000e+000
 1.00000000e+000 -5.83702974e-001 3.01579190e+001 3.89528251e+001 2.26404614e+001 8.32879374e+001 4.95159096e+001 1.08269076e+003 1.04244600e+003 2.35519858e+001 -5.85970659e+001 -5.37603074e+000 0.00000000e+000 0.00000000e+000 0.00000000e+000 1.00000000e+000
 1.00000000e+000 -5.17386640e-001 3.00395532e+001 3.89799597e+001 2.27658542e+001 8.33565850e+001 4.94226056e+001 1.08266984e+003 1.04233976e+003 2.34701870e+001 -5.84783362e+001 -5.31259776e+000 0.00000000e+000 0.00000000e+000 0.00000000e+000 1.00000000e+000
 1.00000000e+000 -4.56219111e-001 2.98853238e+001 3.89880489e+001 2.29377432e+001 8.34422208e+001 4.93629510e+001 1.08263868e+003 1.04223661e+003 2.33361495e+001 -5.83393824e+001 -5.18359815e+000 0.00000000e+000 0.00000000e+000 0.00000000e+000 1.00000000e+000
 1.00000000e+000 -4.07520053e-001 2.97946193e+001 3.90114063e+001 2.30405424e+001 8.34986858e+001 4.92877412e+001 1.08258278e+003 1.04215899e+003 2.32229317e+001 -5.81804364e+001 -5.05994216e+000 0.00000000e+000 0.00000000e+000 0.00000000e+000 1.00000000e+000
 1.00000000e+000 -3.74882664e-001 2.96963509e+001 3.90353293e+001 2.31346080e+001 8.35324433e+001 4.92505479e+001 1.08256696e+003 1.04209795e+003 2.31287514e+001 -5.80966726e+001 -4.95928333e+000 0.00000000e+000 0.00000000e+000 0.00000000e+000 1.00000000e+000
 1.00000000e+000 -3.70060231e-001 2.96546144e+001 3.90325284e+001 2.31700955e+001 8.35333774e+001 4.92765943e+001 1.08256763e+003 1.04208921e+003 2.30961781e+001 -5.81013793e+001 -4.92048965e+000 0.00000000e+000 1.00000000e+000 0.00000000e+000 0.00000000e+000
 1.00000000e+000 -3.77288795e-001 2.97058572e+001 3.90662829e+001 2.30998305e+001 8.35136575e+001 4.92257818e+001 1.08254541e+003 1.04210463e+003 2.31126663e+001 -5.80555074e+001 -4.92680519e+000 0.00000000e+000 0.00000000e+000 0.00000000e+000 1.00000000e+000
 1.00000000e+000 -3.69250650e-001 2.96930501e+001 3.90548985e+001 2.31373695e+001 8.35338880e+001 4.92245866e+001 1.08257609e+003 1.04211443e+003 2.31077963e+001 -5.80676236e+001 -4.94545730e+000 0.00000000e+000 1.00000000e+000 0.00000000e+000 0.00000000e+000
 1.00000000e+000 -3.39764540e-001 2.96725579e+001 3.90656024e+001 2.31912558e+001 8.35574802e+001 4.91854100e+001 1.08260388e+003 1.04210782e+003 2.30900662e+001 -5.80334791e+001 -4.94612480e+000 0.00000000e+000 0.00000000e+000 0.00000000e+000 1.00000000e+000
 1.00000000e+000 -3.42227312e-001 2.96271169e+001 3.90484280e+001 2.32597305e+001 8.35728141e+001 4.92296450e+001 1.08266541e+003 1.04213845e+003 2.30529091e+001 -5.80797104e+001 -4.90808618e+000 0.00000000e+000 0.00000000e+000 0.00000000e+000 1.00000000e+000
 1.00000000e+000 -3.89634590e-001 2.95821911e+001 3.89540544e+001 2.33503338e+001 8.35868435e+001 4.94240318e+001 1.08268568e+003 1.04224257e+003 2.29492305e+001 -5.81674232e+001 -4.75677253e+000 0.00000000e+000 0.00000000e+000 0.00000000e+000 1.00000000e+000
 1.00000000e+000 -4.06838655e-001 2.95515760e+001 3.89373956e+001 2.33916426e+001 8.35793007e+001 4.94891847e+001 1.08274672e+003 1.04227431e+003 2.29344697e+001 -5.82489792e+001 -4.74271496e+000 0.00000000e+000 0.00000000e+000 0.00000000e+000 1.00000000e+000
 1.00000000e+000 -4.70766550e-001 2.96181569e+001 3.88919334e+001 2.33315326e+001 8.35379992e+001 4.96074779e+001 1.08275738e+003 1.04236970e+003 2.29548705e+001 -5.83364886e+001 -4.72733697e+000 0.00000000e+000 1.00000000e+000 0.00000000e+000 0.00000000e+000
 1.00000000e+000 -5.73179641e-001 2.98064455e+001 3.89400736e+001 2.31421829e+001 8.33986675e+001 4.96718000e+001 1.08280825e+003 1.04254454e+003 2.30247135e+001 -5.84675299e+001 -4.73260796e+000 0.00000000e+000 0.00000000e+000 0.00000000e+000 1.00000000e+000
 1.00000000e+000 -6.66291431e-001 3.00151417e+001 3.89207803e+001 2.29191003e+001 8.32856355e+001 4.97691623e+001 1.08285206e+003 1.04269665e+003 2.32069381e+001 -5.86679711e+001 -4.90026677e+000 0.00000000e+000 0.00000000e+000 0.00000000e+000 1.00000000e+000
 1.00000000e+000 -6.96407977e-001 3.00128465e+001 3.89803323e+001 2.29395719e+001 8.32534382e+001 4.97583693e+001 1.08282655e+003 1.04274359e+003 2.30791374e+001 -5.85686578e+001 -4.68037313e+000 0.00000000e+000 0.00000000e+000 0.00000000e+000 1.00000000e+000
 1.00000000e+000 -6.76582572e-001 2.99551021e+001 3.90617859e+001 2.30173808e+001 8.32422579e+001 4.96912883e+001 1.08281352e+003 1.04271887e+003 2.29517217e+001 -5.84642067e+001 -4.50814262e+000 0.00000000e+000 0.00000000e+000 0.00000000e+000 1.00000000e+000
 1.00000000e+000 -6.93808012e-001 2.99626048e+001 3.90811113e+001 2.30140724e+001 8.32198789e+001 4.96975664e+001 1.08281611e+003 1.04272902e+003 2.29398229e+001 -5.84789838e+001 -4.48210162e+000 0.00000000e+000 0.00000000e+000 0.00000000e+000 1.00000000e+000
 1.00000000e+000 -7.53553539e-001 3.00751336e+001 3.90869327e+001 2.29186704e+001 8.31511378e+001 4.97484683e+001 1.08283536e+003 1.04282245e+003 2.29896207e+001 -5.85591448e+001 -4.50511704e+000 0.00000000e+000 0.00000000e+000 0.00000000e+000 1.00000000e+000
 1.00000000e+000 -8.12597042e-001 3.01801957e+001 3.90752314e+001 2.28366671e+001 8.30974114e+001 4.98095278e+001 1.08284802e+003 1.04291494e+003 2.30338324e+001 -5.86317878e+001 -4.52288710e+000 0.00000000e+000 1.00000000e+000 0.00000000e+000 0.00000000e+000
 1.00000000e+000 -8.29503536e-001 3.02131517e+001 3.90925991e+001 2.27900066e+001 8.30455710e+001 4.98353467e+001 1.08286445e+003 1.04292968e+003 2.30747680e+001 -5.86916139e+001 -4.55513456e+000 0.00000000e+000 1.00000000e+000 0.00000000e+000 0.00000000e+000
 1.00000000e+000 -8.08512679e-001 3.01947195e+001 3.91232844e+001 2.27807070e+001 8.30383283e+001 4.97899241e+001 1.08286457e+003 1.04288053e+003 2.31058337e+001 -5.86815150e+001 -4.59479650e+000 0.00000000e+000 1.00000000e+000 0.00000000e+000 0.00000000e+000
 1.00000000e+000 -8.32843457e-001 3.02229112e+001 3.91249803e+001 2.27489927e+001 8.30002140e+001 4.98340134e+001 1.08286597e+003 1.04291105e+003 2.31047169e+001 -5.87239070e+001 -4.57095838e+000 0.00000000e+000 0.00000000e+000 0.00000000e+000 1.00000000e+000
 1.00000000e+000 -8.47537762e-001 3.02767205e+001 3.91523994e+001 2.26513819e+001 8.29631288e+001 4.98060329e+001 1.08281956e+003 1.04290502e+003 2.31448754e+001 -5.86988038e+001 -4.59986098e+000 1.00000000e+000 0.00000000e+000 0.00000000e+000 0.00000000e+000
 1.00000000e+000 -9.32848775e-001 3.04595744e+001 3.91898811e+001 2.24246929e+001 8.28499312e+001 4.98287792e+001 1.08276869e+003 1.04300830e+003 2.32166637e+001 -5.87270404e+001 -4.61195941e+000 0.00000000e+000 1.00000000e+000 0.00000000e+000 0.00000000e+000
 1.00000000e+000 -9.42335807e-001 3.05038811e+001 3.91971486e+001 2.23559593e+001 8.28335267e+001 4.98099661e+001 1.08275614e+003 1.04300856e+003 2.32729858e+001 -5.87459925e+001 -4.68256138e+000 0.00000000e+000 1.00000000e+000 0.00000000e+000 0.00000000e+000
 1.00000000e+000 -9.51439110e-001 3.05372940e+001 3.91981575e+001 2.23096222e+001 8.28190811e+001 4.98067861e+001 1.08274461e+003 1.04301563e+003 2.33100966e+001 -5.87621194e+001 -4.72525146e+000 0.00000000e+000 0.00000000e+000 0.00000000e+000 1.00000000e+000
 1.00000000e+000 -9.29146776e-001 3.04934517e+001 3.91765140e+001 2.23611933e+001 8.28574518e+001 4.98034027e+001 1.08271813e+003 1.04298132e+003 2.32676812e+001 -5.87149007e+001 -4.69565900e+000 1.00000000e+000 0.00000000e+000 0.00000000e+000 0.00000000e+000
 1.00000000e+000 -9.29236887e-001 3.05390196e+001 3.92267145e+001 2.22704865e+001 8.28226161e+001 4.97393272e+001 1.08268700e+003 1.04296605e+003 2.32998712e+001 -5.86702979e+001 -4.71553653e+000 0.00000000e+000 0.00000000e+000 0.00000000e+000 1.00000000e+000
 1.00000000e+000 -9.43176019e-001 3.06272970e+001 3.92643539e+001 2.21251712e+001 8.27775333e+001 4.96836624e+001 1.08264003e+003 1.04296341e+003 2.33825311e+001 -5.86512424e+001 -4.79352531e+000 0.00000000e+000 1.00000000e+000 0.00000000e+000 0.00000000e+000
 1.00000000e+000 -9.94540417e-001 3.07263792e+001 3.92663947e+001 2.20128016e+001 8.27321918e+001 4.97065764e+001 1.08261737e+003 1.04303020e+003 2.34308727e+001 -5.86673146e+001 -4.80825815e+000 0.00000000e+000 0.00000000e+000 0.00000000e+000 1.00000000e+000
 1.00000000e+000 -1.00431856e+000 3.07796715e+001 3.92647992e+001 2.19644409e+001 8.27201400e+001 4.97006345e+001 1.08261115e+003 1.04305786e+003 2.34653795e+001 -5.86705768e+001 -4.84753490e+000 0.00000000e+000 0.00000000e+000 0.00000000e+000 1.00000000e+000
 1.00000000e+000 -1.03097271e+000 3.08078623e+001 3.92778384e+001 2.19209503e+001 8.26965090e+001 4.97126484e+001 1.08260205e+003 1.04309855e+003 2.34486882e+001 -5.86456639e+001 -4.79115151e+000 0.00000000e+000 0.00000000e+000 0.00000000e+000 1.00000000e+000
 1.00000000e+000 -1.09179844e+000 3.08640560e+001 3.92357794e+001 2.18795902e+001 8.26723201e+001 4.98131849e+001 1.08260318e+003 1.04319973e+003 2.34231884e+001 -5.86869273e+001 -4.72171879e+000 0.00000000e+000 0.00000000e+000 0.00000000e+000 1.00000000e+000
 1.00000000e+000 -1.13410911e+000 3.09185213e+001 3.92323279e+001 2.18285224e+001 8.26357417e+001 4.98661403e+001 1.08258738e+003 1.04328066e+003 2.33924970e+001 -5.86769329e+001 -4.63110411e+000 1.00000000e+000 0.00000000e+000 0.00000000e+000 0.00000000e+000
 1.00000000e+000 -1.14782386e+000 3.08814749e+001 3.91979806e+001 2.19012902e+001 8.26621606e+001 4.99247333e+001 1.08259395e+003 1.04331419e+003 2.33238432e+001 -5.86749699e+001 -4.53775276e+000 0.00000000e+000 0.00000000e+000 0.00000000e+000 1.00000000e+000
 1.00000000e+000 -1.14707628e+000 3.09032208e+001 3.92127069e+001 2.18625580e+001 8.26464894e+001 4.99089431e+001 1.08258387e+003 1.04331919e+003 2.33443023e+001 -5.86552925e+001 -4.54541021e+000 1.00000000e+000 0.00000000e+000 0.00000000e+000 0.00000000e+000
 1.00000000e+000 -1.17916571e+000 3.09319216e+001 3.92088987e+001 2.18211815e+001 8.26188816e+001 4.99493735e+001 1.08257824e+003 1.04335665e+003 2.33337065e+001 -5.86812558e+001 -4.51144366e+000 0.00000000e+000 0.00000000e+000 0.00000000e+000 1.00000000e+000
 1.00000000e+000 -1.14582057e+000 3.08662293e+001 3.92269423e+001 2.18591545e+001 8.26406926e+001 4.99068932e+001 1.08255933e+003 1.04328576e+003 2.33113916e+001 -5.86325690e+001 -4.49219923e+000 0.00000000e+000 0.00000000e+000 0.00000000e+000 1.00000000e+000
 1.00000000e+000 -1.11423677e+000 3.08023128e+001 3.92848317e+001 2.19230269e+001 8.26529203e+001 4.98305610e+001 1.08255900e+003 1.04323112e+003 2.32458799e+001 -5.85397388e+001 -4.41017618e+000 0.00000000e+000 0.00000000e+000 0.00000000e+000 1.00000000e+000
 1.00000000e+000 -1.10613458e+000 3.07501640e+001 3.92987046e+001 2.19728279e+001 8.26733113e+001 4.98119094e+001 1.08254958e+003 1.04320641e+003 2.31924208e+001 -5.84861475e+001 -4.33469226e+000 0.00000000e+000 0.00000000e+000 0.00000000e+000 1.00000000e+000
 1.00000000e+000 -1.07628120e+000 3.06338767e+001 3.92889498e+001 2.21011062e+001 8.27425353e+001 4.97897822e+001 1.08255769e+003 1.04314673e+003 2.31235047e+001 -5.84205266e+001 -4.27359738e+000 0.00000000e+000 0.00000000e+000 0.00000000e+000 1.00000000e+000
 1.00000000e+000 -1.08416314e+000 3.05740947e+001 3.93027278e+001 2.21620465e+001 8.27745501e+001 4.97701245e+001 1.08254309e+003 1.04313468e+003 2.30352520e+001 -5.83310832e+001 -4.15107706e+000 0.00000000e+000 0.00000000e+000 0.00000000e+000 1.00000000e+000
 1.00000000e+000 -1.09227152e+000 3.05638522e+001 3.93294598e+001 2.21633717e+001 8.27763770e+001 4.97423138e+001 1.08250053e+003 1.04313674e+003 2.29662895e+001 -5.82240301e+001 -4.03765478e+000 0.00000000e+000 0.00000000e+000 0.00000000e+000 1.00000000e+000
 1.00000000e+000 -1.11104267e+000 3.05396764e+001 3.93358046e+001 2.21743407e+001 8.27928185e+001 4.97352158e+001 1.08249022e+003 1.04314186e+003 2.29233650e+001 -5.81849879e+001 -3.96604072e+000 0.00000000e+000 0.00000000e+000 0.00000000e+000 1.00000000e+000
 1.00000000e+000 -1.12432415e+000 3.05174442e+001 3.93206815e+001 2.21767097e+001 8.28034011e+001 4.97565857e+001 1.08247923e+003 1.04313192e+003 2.29082619e+001 -5.81897584e+001 -3.94792841e+000 0.00000000e+000 0.00000000e+000 0.00000000e+000 1.00000000e+000
 1.00000000e+000 -1.13066613e+000 3.05138638e+001 3.93164566e+001 2.21873443e+001 8.28152415e+001 4.97505162e+001 1.08246540e+003 1.04312278e+003 2.29017275e+001 -5.81689588e+001 -3.94210527e+000 0.00000000e+000 0.00000000e+000 0.00000000e+000 1.00000000e+000
 1.00000000e+000 -1.11227611e+000 3.04329901e+001 3.92863760e+001 2.22909522e+001 8.28632125e+001 4.97747758e+001 1.08244625e+003 1.04309075e+003 2.28186069e+001 -5.81329800e+001 -3.86114834e+000 0.00000000e+000 0.00000000e+000 0.00000000e+000 1.00000000e+000
 1.00000000e+000 -1.16959497e+000 3.05161133e+001 3.94045202e+001 2.22185850e+001 8.28068641e+001 4.96612322e+001 1.08254566e+003 1.04315349e+003 2.28689857e+001 -5.80992774e+001 -3.85824233e+000 0.00000000e+000 0.00000000e+000 0.00000000e+000 1.00000000e+000
 1.00000000e+000 -1.63527707e+000 3.10486875e+001 3.92357563e+001 2.17546831e+001 8.24589050e+001 5.03495744e+001 1.08236068e+003 1.04385683e+003 2.26902182e+001 -5.82983746e+001 -3.22266303e+000 0.00000000e+000 0.00000000e+000 0.00000000e+000 1.00000000e+000
 1.00000000e+000 -1.56935950e+000 3.08889958e+001 3.92099221e+001 2.19236526e+001 8.25573830e+001 5.03175939e+001 1.08232580e+003 1.04374529e+003 2.25845773e+001 -5.81920915e+001 -3.13726532e+000 1.00000000e+000 0.00000000e+000 0.00000000e+000 0.00000000e+000
 1.00000000e+000 -1.43666544e+000 3.06183053e+001 3.90958789e+001 2.20211066e+001 8.26517642e+001 5.04220270e+001 1.08200737e+003 1.04352042e+003 2.23663074e+001 -5.80133881e+001 -2.89208444e+000 0.00000000e+000 1.00000000e+000 0.00000000e+000 0.00000000e+000
 1.00000000e+000 -1.42306034e+000 3.05660810e+001 3.90885471e+001 2.20607858e+001 8.26850304e+001 5.04066647e+001 1.08200256e+003 1.04347619e+003 2.23462885e+001 -5.79942824e+001 -2.88184929e+000 0.00000000e+000 1.00000000e+000 0.00000000e+000 0.00000000e+000
 1.00000000e+000 -1.38791058e+000 3.05723860e+001 3.91215483e+001 2.20399064e+001 8.26869577e+001 5.03290556e+001 1.08193840e+003 1.04341695e+003 2.23403201e+001 -5.79050902e+001 -2.88467485e+000 1.00000000e+000 0.00000000e+000 0.00000000e+000 0.00000000e+000
 1.00000000e+000 -1.38354867e+000 3.05819835e+001 3.91866748e+001 2.19907813e+001 8.26625517e+001 5.02505149e+001 1.08189530e+003 1.04338257e+003 2.23183520e+001 -5.78228431e+001 -2.83974207e+000 0.00000000e+000 0.00000000e+000 0.00000000e+000 1.00000000e+000
 1.00000000e+000 -1.17456303e+000 3.02576313e+001 3.92528036e+001 2.22716563e+001 8.28444111e+001 4.99679798e+001 1.08194547e+003 1.04302533e+003 2.23159028e+001 -5.76890652e+001 -3.02083492e+000 0.00000000e+000 0.00000000e+000 0.00000000e+000 1.00000000e+000
 1.00000000e+000 -1.15865705e+000 3.02190913e+001 3.92692110e+001 2.22783813e+001 8.28582893e+001 4.99267523e+001 1.08194664e+003 1.04296484e+003 2.23329858e+001 -5.76783189e+001 -3.06054906e+000 0.00000000e+000 0.00000000e+000 0.00000000e+000 1.00000000e+000
 1.00000000e+000 -1.17443018e+000 3.02528971e+001 3.93125811e+001 2.22148656e+001 8.28248968e+001 4.98885220e+001 1.08195696e+003 1.04296583e+003 2.23709294e+001 -5.76928061e+001 -3.09185590e+000 0.00000000e+000 0.00000000e+000 0.00000000e+000 1.00000000e+000
 1.00000000e+000 -1.10698348e+000 3.02211937e+001 3.93905759e+001 2.22434483e+001 8.28438160e+001 4.97282131e+001 1.08197429e+003 1.04286387e+003 2.24340914e+001 -5.76473427e+001 -3.21245098e+000 0.00000000e+000 1.00000000e+000 0.00000000e+000 0.00000000e+000
 1.00000000e+000 -1.14057242e+000 3.03298050e+001 3.94440278e+001 2.20867779e+001 8.27652088e+001 4.96969530e+001 1.08197665e+003 1.04290139e+003 2.25401404e+001 -5.76939266e+001 -3.29504740e+000 0.00000000e+000 0.00000000e+000 0.00000000e+000 1.00000000e+000
 1.00000000e+000 -1.17212819e+000 3.04016789e+001 3.94777429e+001 2.19779213e+001 8.27192501e+001 4.96695252e+001 1.08199228e+003 1.04291946e+003 2.26263511e+001 -5.77353898e+001 -3.37668188e+000 1.00000000e+000 0.00000000e+000 0.00000000e+000 0.00000000e+000
 1.00000000e+000 -1.14449735e+000 3.04046202e+001 3.95457177e+001 2.19278215e+001 8.26938875e+001 4.95740202e+001 1.08200319e+003 1.04286382e+003 2.26834228e+001 -5.77268558e+001 -3.45552829e+000 0.00000000e+000 1.00000000e+000 1.00000000e+000 0.00000000e+000
 1.00000000e+000 -1.19128147e+000 3.05620978e+001 3.95913949e+001 2.17306091e+001 8.26017483e+001 4.95492976e+001 1.08200043e+003 1.04292626e+003 2.28057890e+001 -5.77801074e+001 -3.56295170e+000 1.00000000e+000 0.00000000e+000 0.00000000e+000 0.00000000e+000
 1.00000000e+000 -1.29582006e+000 3.08024066e+001 3.96367217e+001 2.14631944e+001 8.24585781e+001 4.95787208e+001 1.08204510e+003 1.04307879e+003 2.29683657e+001 -5.79125739e+001 -3.68801446e+000 0.00000000e+000 1.00000000e+000 0.00000000e+000 0.00000000e+000
 1.00000000e+000 -1.37751280e+000 3.09935685e+001 3.96819303e+001 2.12518872e+001 8.23349459e+001 4.96033387e+001 1.08210384e+003 1.04321076e+003 2.30984100e+001 -5.80351719e+001 -3.79455165e+000 0.00000000e+000 0.00000000e+000 0.00000000e+000 1.00000000e+000
 1.00000000e+000 -1.44966812e+000 3.11650058e+001 3.96735829e+001 2.10929907e+001 8.22413120e+001 4.96769177e+001 1.08221402e+003 1.04335125e+003 2.32651777e+001 -5.82573265e+001 -3.98741950e+000 0.00000000e+000 0.00000000e+000 0.00000000e+000 0.00000000e+000
 1.00000000e+000 -1.55243087e+000 3.13344150e+001 3.96606711e+001 2.09110755e+001 8.21285310e+001 4.97986055e+001 1.08228109e+003 1.04351798e+003 2.33768446e+001 -5.84529829e+001 -4.07419174e+000 0.00000000e+000 0.00000000e+000 0.00000000e+000 1.00000000e+000
 1.00000000e+000 -1.62123739e+000 3.14445456e+001 3.96521838e+001 2.07852767e+001 8.20486167e+001 4.98822743e+001 1.08235245e+003 1.04362117e+003 2.34856546e+001 -5.86208678e+001 -4.18210380e+000 0.00000000e+000 0.00000000e+000 0.00000000e+000 1.00000000e+000
 1.00000000e+000 -1.70085984e+000 3.15730427e+001 3.96228880e+001 2.06679450e+001 8.19562442e+001 5.00163733e+001 1.08238312e+003 1.04374750e+003 2.35348415e+001 -5.87903946e+001 -4.21863571e+000 0.00000000e+000 0.00000000e+000 0.00000000e+000 1.00000000e+000
 1.00000000e+000 -1.81521502e+000 3.16796002e+001 3.96028000e+001 2.05654758e+001 8.18481792e+001 5.01843536e+001 1.08250290e+003 1.04391024e+003 2.36244539e+001 -5.90395322e+001 -4.26421579e+000 0.00000000e+000 0.00000000e+000 1.00000000e+000 0.00000000e+000
 1.00000000e+000 -1.82157249e+000 3.17495674e+001 3.97196280e+001 2.04858793e+001 8.17594928e+001 5.01002119e+001 1.08253706e+003 1.04394204e+003 2.36586150e+001 -5.90399274e+001 -4.27176145e+000 0.00000000e+000 0.00000000e+000 0.00000000e+000 1.00000000e+000
 1.00000000e+000 -1.61647484e+000 3.14970788e+001 3.97935132e+001 2.06905414e+001 8.19041012e+001 4.98072558e+001 1.08261462e+003 1.04359823e+003 2.37516980e+001 -5.89688964e+001 -4.57938845e+000 0.00000000e+000 0.00000000e+000 0.00000000e+000 1.00000000e+000
 1.00000000e+000 -1.59647101e+000 3.14614037e+001 3.97981594e+001 2.07152826e+001 8.19150850e+001 4.97864980e+001 1.08260778e+003 1.04354118e+003 2.37540253e+001 -5.89783188e+001 -4.61299026e+000 0.00000000e+000 0.00000000e+000 0.00000000e+000 1.00000000e+000
 1.00000000e+000 -1.59386969e+000 3.14655017e+001 3.98527972e+001 2.06929475e+001 8.18794406e+001 4.97413342e+001 1.08262930e+003 1.04351867e+003 2.37772759e+001 -5.89723481e+001 -4.63037047e+000 0.00000000e+000 0.00000000e+000 0.00000000e+000 1.00000000e+000
 1.00000000e+000 -1.64973722e+000 3.15260162e+001 3.98526504e+001 2.06453155e+001 8.18291482e+001 4.98071359e+001 1.08266211e+003 1.04360704e+003 2.37896205e+001 -5.90389067e+001 -4.59877504e+000 0.00000000e+000 0.00000000e+000 0.00000000e+000 1.00000000e+000
 1.00000000e+000 -1.73970976e+000 3.16440583e+001 3.98528660e+001 2.05197773e+001 8.17265692e+001 4.99199557e+001 1.08267886e+003 1.04373243e+003 2.38206429e+001 -5.91474660e+001 -4.57149499e+000 0.00000000e+000 0.00000000e+000 1.00000000e+000 0.00000000e+000
 1.00000000e+000 -1.86147584e+000 3.17639468e+001 3.98315783e+001 2.04236525e+001 8.16236807e+001 5.00931416e+001 1.08268962e+003 1.04391262e+003 2.37984631e+001 -5.92527338e+001 -4.43667866e+000 0.00000000e+000 0.00000000e+000 1.00000000e+000 0.00000000e+000
 1.00000000e+000 -1.90627765e+000 3.18316087e+001 3.98842997e+001 2.03944657e+001 8.15605631e+001 5.00912892e+001 1.08278056e+003 1.04398683e+003 2.38364655e+001 -5.93273306e+001 -4.45491642e+000 0.00000000e+000 0.00000000e+000 1.00000000e+000 0.00000000e+000
 1.00000000e+000 -1.95657980e+000 3.18735815e+001 3.98995163e+001 2.03579355e+001 8.15074476e+001 5.01408095e+001 1.08283100e+003 1.04404879e+003 2.38576470e+001 -5.94171387e+001 -4.44774287e+000 0.00000000e+000 0.00000000e+000 1.00000000e+000 0.00000000e+000
 1.00000000e+000 -2.03827051e+000 3.19336467e+001 3.99392160e+001 2.02574652e+001 8.14082877e+001 5.02159256e+001 1.08284383e+003 1.04413398e+003 2.38438941e+001 -5.94739881e+001 -4.34550494e+000 0.00000000e+000 0.00000000e+000 0.00000000e+000 1.00000000e+000
 1.00000000e+000 -2.04257218e+000 3.19240126e+001 3.99892744e+001 2.03093507e+001 8.13811969e+001 5.02149256e+001 1.08283775e+003 1.04418153e+003 2.37537018e+001 -5.94223174e+001 -4.19295276e+000 0.00000000e+000 0.00000000e+000 0.00000000e+000 1.00000000e+000
 1.00000000e+000 -2.07738579e+000 3.19375000e+001 3.99880286e+001 2.02908367e+001 8.13656209e+001 5.02462295e+001 1.08283878e+003 1.04420953e+003 2.37482065e+001 -5.94447505e+001 -4.15718342e+000 0.00000000e+000 0.00000000e+000 0.00000000e+000 1.00000000e+000
 1.00000000e+000 -2.09773876e+000 3.19869311e+001 4.00315252e+001 2.02407971e+001 8.13194383e+001 5.02273833e+001 1.08281261e+003 1.04423483e+003 2.37169729e+001 -5.93950666e+001 -4.08746628e+000 0.00000000e+000 0.00000000e+000 0.00000000e+000 1.00000000e+000
 1.00000000e+000 -2.14779767e+000 3.20828406e+001 4.00865690e+001 2.01395472e+001 8.12448529e+001 5.02135266e+001 1.08282093e+003 1.04429517e+003 2.37356928e+001 -5.93936137e+001 -4.05921463e+000 0.00000000e+000 0.00000000e+000 1.00000000e+000 0.00000000e+000
 1.00000000e+000 -2.10234441e+000 3.20532900e+001 4.01534369e+001 2.01133230e+001 8.12249837e+001 5.01183857e+001 1.08278195e+003 1.04420318e+003 2.37010232e+001 -5.93030079e+001 -4.04567104e+000 0.00000000e+000 0.00000000e+000 0.00000000e+000 1.00000000e+000
 1.00000000e+000 -2.05536565e+000 3.20810003e+001 4.02120706e+001 2.00657709e+001 8.12152132e+001 4.99894856e+001 1.08278171e+003 1.04411807e+003 2.37838923e+001 -5.92987673e+001 -4.19915324e+000 0.00000000e+000 1.00000000e+000 0.00000000e+000 0.00000000e+000
 1.00000000e+000 -2.22137429e+000 3.24586602e+001 4.02613400e+001 1.96923467e+001 8.09701746e+001 5.01154868e+001 1.08269199e+003 1.04438363e+003 2.38545033e+001 -5.93792067e+001 -4.11565884e+000 0.00000000e+000 1.00000000e+000 0.00000000e+000 0.00000000e+000
 1.00000000e+000 -2.22264930e+000 3.25499076e+001 4.03492437e+001 1.95618539e+001 8.08798763e+001 5.00411929e+001 1.08266740e+003 1.04437100e+003 2.39155862e+001 -5.93819958e+001 -4.17087253e+000 0.00000000e+000 0.00000000e+000 1.00000000e+000 0.00000000e+000
 1.00000000e+000 -2.35722893e+000 3.27773521e+001 4.03334201e+001 1.93257055e+001 8.07305714e+001 5.01942532e+001 1.08261831e+003 1.04454897e+003 2.39545160e+001 -5.94846075e+001 -4.11553101e+000 0.00000000e+000 0.00000000e+000 1.00000000e+000 0.00000000e+000
 1.00000000e+000 -2.39843633e+000 3.28034247e+001 4.03243642e+001 1.93153644e+001 8.07006931e+001 5.02585821e+001 1.08261937e+003 1.04460012e+003 2.39380219e+001 -5.95347078e+001 -4.06384456e+000 0.00000000e+000 0.00000000e+000 1.00000000e+000 0.00000000e+000
 1.00000000e+000 -2.40447324e+000 3.27738386e+001 4.03517822e+001 1.93441754e+001 8.06851461e+001 5.02593229e+001 1.08264739e+003 1.04459393e+003 2.39156963e+001 -5.95577675e+001 -4.02621099e+000 0.00000000e+000 0.00000000e+000 0.00000000e+000 1.00000000e+000
 1.00000000e+000 -2.43873705e+000 3.27563307e+001 4.03365279e+001 1.93602988e+001 8.06789835e+001 5.03202523e+001 1.08263057e+003 1.04462106e+003 2.38712290e+001 -5.95633484e+001 -3.93132734e+000 0.00000000e+000 0.00000000e+000 0.00000000e+000 1.00000000e+000
 1.00000000e+000 -2.47433457e+000 3.27760688e+001 4.03341981e+001 1.93757483e+001 8.06541387e+001 5.03713930e+001 1.08268489e+003 1.04468065e+003 2.38829977e+001 -5.96410918e+001 -3.92545414e+000 0.00000000e+000 0.00000000e+000 0.00000000e+000 1.00000000e+000
 1.00000000e+000 -2.50463296e+000 3.27787112e+001 4.03246629e+001 1.93880389e+001 8.06378886e+001 5.04256719e+001 1.08268999e+003 1.04472057e+003 2.38486583e+001 -5.96673944e+001 -3.85798036e+000 0.00000000e+000 0.00000000e+000 0.00000000e+000 1.00000000e+000
 1.00000000e+000 -2.50223082e+000 3.27411408e+001 4.03746702e+001 1.94132249e+001 8.06221268e+001 5.03933487e+001 1.08266593e+003 1.04468941e+003 2.37780404e+001 -5.96009692e+001 -3.75384209e+000 0.00000000e+000 0.00000000e+000 0.00000000e+000 1.00000000e+000
 1.00000000e+000 -2.47031951e+000 3.26431883e+001 4.03622335e+001 1.95413491e+001 8.06798564e+001 5.03855392e+001 1.08262475e+003 1.04463978e+003 2.36678447e+001 -5.95136554e+001 -3.62847615e+000 0.00000000e+000 0.00000000e+000 0.00000000e+000 1.00000000e+000
 1.00000000e+000 -2.42897853e+000 3.25130645e+001 4.03541618e+001 1.96765373e+001 8.07500399e+001 5.03633944e+001 1.08256840e+003 1.04456124e+003 2.35494799e+001 -5.93852516e+001 -3.48276735e+000 0.00000000e+000 0.00000000e+000 0.00000000e+000 1.00000000e+000
 1.00000000e+000 -2.38075866e+000 3.24113612e+001 4.04371927e+001 1.98001978e+001 8.08127096e+001 5.01996172e+001 1.08258178e+003 1.04447040e+003 2.34783269e+001 -5.91982908e+001 -3.39935229e+000 0.00000000e+000 0.00000000e+000 0.00000000e+000 1.00000000e+000
 1.00000000e+000 -2.37679218e+000 3.23078687e+001 4.04045529e+001 1.99036767e+001 8.08586328e+001 5.02487442e+001 1.08250863e+003 1.04443489e+003 2.33419062e+001 -5.90903670e+001 -3.20559952e+000 0.00000000e+000 0.00000000e+000 0.00000000e+000 1.00000000e+000
 1.00000000e+000 -2.39782628e+000 3.22296100e+001 4.03634071e+001 1.99938024e+001 8.08979365e+001 5.03191112e+001 1.08246379e+003 1.04443109e+003 2.32290461e+001 -5.90403082e+001 -3.04061150e+000 0.00000000e+000 0.00000000e+000 1.00000000e+000 0.00000000e+000
 1.00000000e+000 -2.34750313e+000 3.21861932e+001 4.04487572e+001 1.99961068e+001 8.08943737e+001 5.01893281e+001 1.08241318e+003 1.04433491e+003 2.31903138e+001 -5.88988656e+001 -2.99501117e+000 0.00000000e+000 0.00000000e+000 0.00000000e+000 1.00000000e+000
 1.00000000e+000 -2.36430323e+000 3.21557192e+001 4.04509228e+001 2.00283452e+001 8.09090030e+001 5.01936599e+001 1.08240142e+003 1.04433275e+003 2.31494429e+001 -5.88543711e+001 -2.91476490e+000 0.00000000e+000 0.00000000e+000 1.00000000e+000 0.00000000e+000
 1.00000000e+000 -2.37276468e+000 3.20648444e+001 4.03783167e+001 2.01359956e+001 8.09617137e+001 5.02919743e+001 1.08238320e+003 1.04432492e+003 2.30746349e+001 -5.88585859e+001 -2.81631727e+000 0.00000000e+000 0.00000000e+000 0.00000000e+000 1.00000000e+000
 1.00000000e+000 -2.36467976e+000 3.20160570e+001 4.03741993e+001 2.01919105e+001 8.09854421e+001 5.02940336e+001 1.08234526e+003 1.04430136e+003 2.30028831e+001 -5.87919435e+001 -2.72029294e+000 0.00000000e+000 0.00000000e+000 0.00000000e+000 1.00000000e+000
 1.00000000e+000 -2.32852826e+000 3.19251057e+001 4.03932794e+001 2.02769930e+001 8.10239485e+001 5.02473117e+001 1.08229898e+003 1.04422032e+003 2.29220409e+001 -5.86853319e+001 -2.62769830e+000 0.00000000e+000 0.00000000e+000 0.00000000e+000 1.00000000e+000
 1.00000000e+000 -2.36208012e+000 3.19574958e+001 4.04153754e+001 2.02128484e+001 8.09764697e+001 5.02697721e+001 1.08227584e+003 1.04424115e+003 2.29286257e+001 -5.86889109e+001 -2.58956456e+000 0.00000000e+000 0.00000000e+000 0.00000000e+000 1.00000000e+000
 1.00000000e+000 -2.34368531e+000 3.20008091e+001 4.04488457e+001 2.01598031e+001 8.09486779e+001 5.02184426e+001 1.08224307e+003 1.04421929e+003 2.29506600e+001 -5.86631570e+001 -2.62567385e+000 0.00000000e+000 0.00000000e+000 1.00000000e+000 0.00000000e+000
 1.00000000e+000 -2.31149884e+000 3.20131457e+001 4.05098665e+001 2.01343250e+001 8.09242261e+001 5.01316827e+001 1.08222768e+003 1.04417120e+003 2.29648997e+001 -5.86220963e+001 -2.65628215e+000 0.00000000e+000 1.00000000e+000 0.00000000e+000 0.00000000e+000
 1.00000000e+000 -2.22978675e+000 3.19389465e+001 4.05685878e+001 2.01893492e+001 8.09606035e+001 4.99894092e+001 1.08223344e+003 1.04404163e+003 2.29818667e+001 -5.85651782e+001 -2.74533025e+000 1.00000000e+000 0.00000000e+000 0.00000000e+000 0.00000000e+000
 1.00000000e+000 -2.23925333e+000 3.19759351e+001 4.05408160e+001 2.01568253e+001 8.09593529e+001 5.00166721e+001 1.08220597e+003 1.04406500e+003 2.30055849e+001 -5.85657833e+001 -2.76400218e+000 0.00000000e+000 0.00000000e+000 1.00000000e+000 0.00000000e+000
 1.00000000e+000 -2.26202728e+000 3.19713060e+001 4.04878791e+001 2.01762038e+001 8.09906520e+001 5.00698621e+001 1.08215699e+003 1.04408407e+003 2.29624019e+001 -5.85275287e+001 -2.69927393e+000 0.00000000e+000 0.00000000e+000 1.00000000e+000 0.00000000e+000
 1.00000000e+000 -2.25237848e+000 3.19463188e+001 4.04535434e+001 2.01837723e+001 8.10301634e+001 5.00694859e+001 1.08211088e+003 1.04404906e+003 2.29562192e+001 -5.84741743e+001 -2.69639203e+000 0.00000000e+000 0.00000000e+000 0.00000000e+000 1.00000000e+000
 1.00000000e+000 -2.27347088e+000 3.19660875e+001 4.04691298e+001 2.01574661e+001 8.10110752e+001 5.00718906e+001 1.08213375e+003 1.04407884e+003 2.29727077e+001 -5.84662417e+001 -2.68233530e+000 0.00000000e+000 0.00000000e+000 0.00000000e+000 1.00000000e+000
 1.00000000e+000 -2.28849722e+000 3.19597784e+001 4.04680789e+001 2.01660532e+001 8.09984441e+001 5.01028641e+001 1.08213376e+003 1.04409421e+003 2.29447430e+001 -5.84805242e+001 -2.64094981e+000 0.00000000e+000 0.00000000e+000 1.00000000e+000 0.00000000e+000
 1.00000000e+000 -2.32151447e+000 3.20071401e+001 4.05084658e+001 2.00953530e+001 8.09358854e+001 5.01130104e+001 1.08214148e+003 1.04413119e+003 2.29537973e+001 -5.84999249e+001 -2.61235759e+000 0.00000000e+000 0.00000000e+000 1.00000000e+000 0.00000000e+000
 1.00000000e+000 -2.32751757e+000 3.20097158e+001 4.05116979e+001 2.00733228e+001 8.09208466e+001 5.01253437e+001 1.08215214e+003 1.04413178e+003 2.29716643e+001 -5.85340685e+001 -2.62831273e+000 0.00000000e+000 0.00000000e+000 1.00000000e+000 0.00000000e+000
 1.00000000e+000 -2.28755636e+000 3.19403102e+001 4.05140435e+001 2.01446181e+001 8.09598792e+001 5.00864498e+001 1.08216352e+003 1.04406556e+003 2.29646712e+001 -5.85231286e+001 -2.65743482e+000 0.00000000e+000 0.00000000e+000 1.00000000e+000 0.00000000e+000
 1.00000000e+000 -2.29199500e+000 3.19591965e+001 4.05245326e+001 2.01361134e+001 8.09393621e+001 5.00955499e+001 1.08213788e+003 1.04408075e+003 2.29454131e+001 -5.85069804e+001 -2.61531843e+000 0.00000000e+000 0.00000000e+000 0.00000000e+000 1.00000000e+000
 1.00000000e+000 -2.30289704e+000 3.19548265e+001 4.05277189e+001 2.01488643e+001 8.09290244e+001 5.01175161e+001 1.08211775e+003 1.04409475e+003 2.29090084e+001 -5.84797809e+001 -2.54227454e+000 0.00000000e+000 0.00000000e+000 1.00000000e+000 0.00000000e+000
 1.00000000e+000 -2.27841924e+000 3.19318317e+001 4.05525907e+001 2.01639196e+001 8.09248075e+001 5.00844367e+001 1.08211912e+003 1.04405900e+003 2.29104573e+001 -5.84628993e+001 -2.55730060e+000 0.00000000e+000 0.00000000e+000 1.00000000e+000 0.00000000e+000
 1.00000000e+000 -2.24204901e+000 3.18884266e+001 4.05845967e+001 2.02095878e+001 8.09399753e+001 5.00198181e+001 1.08215991e+003 1.04399782e+003 2.29411817e+001 -5.84677937e+001 -2.62751783e+000 0.00000000e+000 0.00000000e+000 1.00000000e+000 0.00000000e+000
 1.00000000e+000 -2.24693709e+000 3.18917542e+001 4.06160257e+001 2.02079752e+001 8.09517163e+001 4.99557120e+001 1.08216200e+003 1.04397825e+003 2.29464171e+001 -5.84171538e+001 -2.62060058e+000 0.00000000e+000 0.00000000e+000 0.00000000e+000 1.00000000e+000
 1.00000000e+000 -2.23130655e+000 3.18883560e+001 4.06147208e+001 2.02324372e+001 8.09773144e+001 4.99189317e+001 1.08213872e+003 1.04394981e+003 2.29589648e+001 -5.83718877e+001 -2.63485114e+000 0.00000000e+000 0.00000000e+000 0.00000000e+000 1.00000000e+000
 1.00000000e+000 -2.19991831e+000 3.18183018e+001 4.05764330e+001 2.03393182e+001 8.10536956e+001 4.99066384e+001 1.08208636e+003 1.04390212e+003 2.28867277e+001 -5.82729175e+001 -2.56426595e+000 0.00000000e+000 0.00000000e+000 0.00000000e+000 1.00000000e+000
 1.00000000e+000 -2.15040193e+000 3.17466185e+001 4.06259783e+001 2.04081782e+001 8.10861712e+001 4.98113719e+001 1.08206919e+003 1.04383448e+003 2.28271989e+001 -5.81452919e+001 -2.49748618e+000 0.00000000e+000 0.00000000e+000 0.00000000e+000 1.00000000e+000
 1.00000000e+000 -2.10460873e+000 3.15630835e+001 4.05076286e+001 2.06619490e+001 8.12589899e+001 4.98576056e+001 1.08198231e+003 1.04375503e+003 2.26311170e+001 -5.79687579e+001 -2.30391319e+000 0.00000000e+000 0.00000000e+000 0.00000000e+000 1.00000000e+000
 1.00000000e+000 -2.05489229e+000 3.13893211e+001 4.04341727e+001 2.08737636e+001 8.14040185e+001 4.98561452e+001 1.08191193e+003 1.04365450e+003 2.24829312e+001 -5.78119766e+001 -2.15875531e+000 0.00000000e+000 0.00000000e+000 0.00000000e+000 1.00000000e+000
 1.00000000e+000 -2.02537738e+000 3.13217329e+001 4.04341641e+001 2.09266352e+001 8.14414962e+001 4.98311232e+001 1.08178685e+003 1.04358311e+003 2.23452494e+001 -5.76353212e+001 -1.98199645e+000 0.00000000e+000 0.00000000e+000 0.00000000e+000 1.00000000e+000
 1.00000000e+000 -1.99936926e+000 3.12183839e+001 4.04590785e+001 2.10019766e+001 8.14785177e+001 4.97872067e+001 1.08176838e+003 1.04351155e+003 2.22757174e+001 -5.75428866e+001 -1.88708174e+000 0.00000000e+000 0.00000000e+000 0.00000000e+000 1.00000000e+000
 1.00000000e+000 -1.96975796e+000 3.11366047e+001 4.04744379e+001 2.10925492e+001 8.15427087e+001 4.97165846e+001 1.08169773e+003 1.04344495e+003 2.21694451e+001 -5.73694780e+001 -1.74527971e+000 0.00000000e+000 0.00000000e+000 0.00000000e+000 1.00000000e+000
 1.00000000e+000 -1.87346365e+000 3.10305523e+001 4.05320705e+001 2.14247957e+001 8.16788843e+001 4.95487853e+001 1.08151712e+003 1.04338842e+003 2.19290879e+001 -5.70430663e+001 -1.43044430e+000 0.00000000e+000 0.00000000e+000 0.00000000e+000 1.00000000e+000
 1.00000000e+000 -1.84975481e+000 3.09182827e+001 4.05022237e+001 2.15440596e+001 8.17646895e+001 4.95357772e+001 1.08145152e+003 1.04332751e+003 2.18177789e+001 -5.69053992e+001 -1.28469826e+000 0.00000000e+000 0.00000000e+000 0.00000000e+000 1.00000000e+000
 1.00000000e+000 -1.76611622e+000 3.07561483e+001 4.05453832e+001 2.17000082e+001 8.18335839e+001 4.94366308e+001 1.08138504e+003 1.04319351e+003 2.16677768e+001 -5.66997391e+001 -1.11675964e+000 0.00000000e+000 0.00000000e+000 0.00000000e+000 1.00000000e+000
 1.00000000e+000 -1.71968329e+000 3.06589332e+001 4.05737147e+001 2.18052954e+001 8.18800526e+001 4.93723483e+001 1.08134720e+003 1.04312479e+003 2.15602785e+001 -5.65509587e+001 -9.87345787e-001 0.00000000e+000 0.00000000e+000 0.00000000e+000 1.00000000e+000
 1.00000000e+000 -1.68619377e+000 3.06377398e+001 4.06234238e+001 2.17973782e+001 8.18946850e+001 4.92696305e+001 1.08128086e+003 1.04305702e+003 2.15196045e+001 -5.64011719e+001 -9.28490054e-001 0.00000000e+000 0.00000000e+000 0.00000000e+000 1.00000000e+000
 1.00000000e+000 -1.59701004e+000 3.04939277e+001 4.06625484e+001 2.19593337e+001 8.19756222e+001 4.91506001e+001 1.08122711e+003 1.04292255e+003 2.13838058e+001 -5.62194159e+001 -8.12013431e-001 0.00000000e+000 0.00000000e+000 0.00000000e+000 1.00000000e+000
 1.00000000e+000 -1.55700557e+000 3.03593784e+001 4.06573218e+001 2.20983573e+001 8.20652635e+001 4.90994680e+001 1.08117278e+003 1.04282920e+003 2.12591429e+001 -5.60675282e+001 -6.73847399e-001 0.00000000e+000 0.00000000e+000 0.00000000e+000 1.00000000e+000
 1.00000000e+000 -1.53519308e+000 3.02559630e+001 4.06147638e+001 2.22157151e+001 8.21494022e+001 4.91071905e+001 1.08111762e+003 1.04278329e+003 2.11461237e+001 -5.59448678e+001 -5.38005874e-001 0.00000000e+000 0.00000000e+000 1.00000000e+000 0.00000000e+000
 1.00000000e+000 -1.58728157e+000 3.02466179e+001 4.05340954e+001 2.22576662e+001 8.22019821e+001 4.92038908e+001 1.08102258e+003 1.04284818e+003 2.10158347e+001 -5.58290767e+001 -3.19862320e-001 0.00000000e+000 0.00000000e+000 0.00000000e+000 1.00000000e+000
 1.00000000e+000 -1.59108919e+000 3.01312142e+001 4.04206460e+001 2.24271873e+001 8.23233831e+001 4.92967477e+001 1.08096396e+003 1.04285107e+003 2.08633714e+001 -5.57189089e+001 -1.30492871e-001 0.00000000e+000 0.00000000e+000 1.00000000e+000 0.00000000e+000
 1.00000000e+000 -1.59632966e+000 2.99902123e+001 4.03172042e+001 2.26253994e+001 8.24440522e+001 4.93939211e+001 1.08093582e+003 1.04285036e+003 2.07118145e+001 -5.56521928e+001 5.62652724e-002 0.00000000e+000 0.00000000e+000 0.00000000e+000 1.00000000e+000
 1.00000000e+000 -1.61618106e+000 2.98799896e+001 4.02218833e+001 2.27661625e+001 8.25251170e+001 4.95087140e+001 1.08091811e+003 1.04285026e+003 2.05950071e+001 -5.56302245e+001 1.99535071e-001 0.00000000e+000 0.00000000e+000 1.00000000e+000 0.00000000e+000
 1.00000000e+000 -1.66785073e+000 2.98576521e+001 4.01676341e+001 2.28096056e+001 8.25545056e+001 4.95997791e+001 1.08088172e+003 1.04290602e+003 2.04943207e+001 -5.55958341e+001 3.56302785e-001 0.00000000e+000 0.00000000e+000 1.00000000e+000 0.00000000e+000
 1.00000000e+000 -1.68667066e+000 2.97893508e+001 4.00677620e+001 2.29060591e+001 8.26354838e+001 4.96983708e+001 1.08082647e+003 1.04292299e+003 2.04017296e+001 -5.55396778e+001 4.84066421e-001 0.00000000e+000 0.00000000e+000 1.00000000e+000 0.00000000e+000
 1.00000000e+000 -1.71241308e+000 2.97209135e+001 3.99841664e+001 2.29967864e+001 8.26995513e+001 4.97985937e+001 1.08079887e+003 1.04294793e+003 2.03132353e+001 -5.55137998e+001 6.10699977e-001 0.00000000e+000 0.00000000e+000 1.00000000e+000 0.00000000e+000
 1.00000000e+000 -1.73995376e+000 2.96781112e+001 3.99045338e+001 2.30462925e+001 8.27287198e+001 4.99139760e+001 1.08079419e+003 1.04296593e+003 2.02880026e+001 -5.55590449e+001 6.52812630e-001 0.00000000e+000 0.00000000e+000 1.00000000e+000 0.00000000e+000
 1.00000000e+000 -1.75668626e+000 2.96598533e+001 3.98601687e+001 2.30635295e+001 8.27193303e+001 5.00064398e+001 1.08082059e+003 1.04298058e+003 2.03209981e+001 -5.56510401e+001 6.24461595e-001 0.00000000e+000 0.00000000e+000 1.00000000e+000 0.00000000e+000
 1.00000000e+000 -1.79196527e+000 2.96308393e+001 3.98717708e+001 2.30971306e+001 8.27112924e+001 5.00360874e+001 1.08090135e+003 1.04302048e+003 2.03468951e+001 -5.57147394e+001 6.41957809e-001 0.00000000e+000 0.00000000e+000 1.00000000e+000 0.00000000e+000
 1.00000000e+000 -1.76545618e+000 2.96180167e+001 3.98791361e+001 2.30832402e+001 8.27208339e+001 4.99974898e+001 1.08085923e+003 1.04296658e+003 2.03602334e+001 -5.56641206e+001 6.26363477e-001 0.00000000e+000 0.00000000e+000 1.00000000e+000 0.00000000e+000
 1.00000000e+000 -1.78332998e+000 2.96139404e+001 3.98678214e+001 2.30722190e+001 8.27084444e+001 5.00374136e+001 1.08085875e+003 1.04297309e+003 2.03586819e+001 -5.56927904e+001 6.41406328e-001 0.00000000e+000 0.00000000e+000 1.00000000e+000 0.00000000e+000
 1.00000000e+000 -1.82060865e+000 2.96462747e+001 3.98672819e+001 2.30339528e+001 8.26676006e+001 5.00902442e+001 1.08086344e+003 1.04301146e+003 2.03799372e+001 -5.57434685e+001 6.53652589e-001 0.00000000e+000 0.00000000e+000 1.00000000e+000 0.00000000e+000
 1.00000000e+000 -1.85709417e+000 2.96246771e+001 3.98000334e+001 2.31013529e+001 8.26654876e+001 5.02297194e+001 1.08093306e+003 1.04306642e+003 2.03909752e+001 -5.58914715e+001 6.40829826e-001 0.00000000e+000 0.00000000e+000 1.00000000e+000 0.00000000e+000
 1.00000000e+000 -1.85226000e+000 2.96012030e+001 3.98036416e+001 2.31367699e+001 8.26599638e+001 5.02418572e+001 1.08097470e+003 1.04305434e+003 2.04090533e+001 -5.59435868e+001 6.09217523e-001 0.00000000e+000 0.00000000e+000 1.00000000e+000 0.00000000e+000
 1.00000000e+000 -1.90590536e+000 2.96196576e+001 3.98022314e+001 2.31405969e+001 8.26397109e+001 5.02943796e+001 1.08102815e+003 1.04312153e+003 2.03844171e+001 -5.60174157e+001 6.51025851e-001 0.00000000e+000 0.00000000e+000 1.00000000e+000 0.00000000e+000
 1.00000000e+000 -1.91092406e+000 2.96752752e+001 3.98440366e+001 2.30583343e+001 8.25977672e+001 5.02549314e+001 1.08101300e+003 1.04313504e+003 2.04131886e+001 -5.59958949e+001 6.37379407e-001 0.00000000e+000 0.00000000e+000 1.00000000e+000 0.00000000e+000
 1.00000000e+000 -1.87548864e+000 2.96878748e+001 3.99054652e+001 2.30355175e+001 8.26004664e+001 5.01379452e+001 1.08096552e+003 1.04309328e+003 2.03920513e+001 -5.58796349e+001 6.57723283e-001 0.00000000e+000 0.00000000e+000 1.00000000e+000 0.00000000e+000
 1.00000000e+000 -1.86136481e+000 2.96377656e+001 3.98893579e+001 2.31012263e+001 8.26364509e+001 5.01420626e+001 1.08095550e+003 1.04307032e+003 2.03626101e+001 -5.58573698e+001 6.92347296e-001 0.00000000e+000 0.00000000e+000 1.00000000e+000 0.00000000e+000
 1.00000000e+000 -1.86310915e+000 2.96149920e+001 3.98667445e+001 2.31265528e+001 8.26481267e+001 5.01744056e+001 1.08095737e+003 1.04306935e+003 2.03488336e+001 -5.58684778e+001 7.12216540e-001 0.00000000e+000 0.00000000e+000 1.00000000e+000 0.00000000e+000
 1.00000000e+000 -1.87513351e+000 2.96740308e+001 3.99124756e+001 2.30647987e+001 8.26055165e+001 5.01366954e+001 1.08095643e+003 1.04309454e+003 2.03701604e+001 -5.58652906e+001 7.04939855e-001 0.00000000e+000 0.00000000e+000 1.00000000e+000 0.00000000e+000
 1.00000000e+000 -1.88190788e+000 2.96605878e+001 3.98792002e+001 2.30708002e+001 8.26120419e+001 5.01876819e+001 1.08091968e+003 1.04309900e+003 2.03784340e+001 -5.58468655e+001 7.47142711e-001 0.00000000e+000 0.00000000e+000 1.00000000e+000 0.00000000e+000
 1.00000000e+000 -1.90635347e+000 2.95445198e+001 3.98314088e+001 2.32068260e+001 8.26356608e+001 5.03126021e+001 1.08095484e+003 1.04310262e+003 2.02741395e+001 -5.58968666e+001 8.82539531e-001 0.00000000e+000 0.00000000e+000 1.00000000e+000 0.00000000e+000
