 1.00000000e+000 1.20030968e+001 8.99981702e+000 1.19996274e+001 8.99819638e+000 1.00000256e+002 9.39959663e+001 1.01998884e+003 1.01598933e+003 9.98548857e-001 1.15970503e-004 1.39979647e+001 0.00000000e+000 0.00000000e+000 1.00000000e+000 0.00000000e+000
 1.00000000e+000 1.60039725e+001 6.99716729e+000 1.09948186e+001 7.00297861e+000 1.00004850e+002 6.79904637e+001 1.02097653e+003 1.01699204e+003 1.99374170e+000 4.48064989e-003 1.89989922e+001 0.00000000e+000 0.00000000e+000 1.00000000e+000 0.00000000e+000
 1.00000000e+000 1.80044088e+001 2.99681159e+000 8.00149811e+000 2.99325805e+000 9.99987436e+001 4.20001873e+001 1.01998903e+003 1.01699020e+003 4.99626398e+000 -8.80366592e-004 2.69979933e+001 0.00000000e+000 0.00000000e+000 1.00000000e+000 0.00000000e+000
 1.00000000e+000 1.90047461e+001 3.00308049e+000 7.99896510e+000 2.99507997e+000 1.00005537e+002 4.00007397e+001 1.01899455e+003 1.01599798e+003 3.99934433e+000 -9.47379996e-003 2.39938093e+001 0.00000000e+000 0.00000000e+000 1.00000000e+000 0.00000000e+000
 1.00000000e+000 1.90078610e+001 3.98474338e+000 8.00896100e+000 4.00069081e+000 9.99881911e+001 3.70013204e+001 1.02099869e+003 1.01698563e+003 4.00431507e+000 1.73305585e-003 2.29937270e+001 0.00000000e+000 0.00000000e+000 1.00000000e+000 0.00000000e+000
 1.00000000e+000 1.79970124e+001 6.00323194e+000 7.99091301e+000 -2.99686616e+000 1.00007568e+002 2.70006292e+001 1.02198018e+003 1.01798891e+003 3.99583590e+000 1.00239503e+000 1.90059667e+001 0.00000000e+000 0.00000000e+000 1.00000000e+000 0.00000000e+000
 1.00000000e+000 1.70027792e+001 3.99748980e+000 1.99948303e+000 -6.99612079e+000 7.10014537e+001 1.90029714e+001 1.02199010e+003 1.01799839e+003 3.99672432e+000 9.99934679e-001 2.60010540e+001 0.00000000e+000 0.00000000e+000 1.00000000e+000 0.00000000e+000
 1.00000000e+000 1.60089124e+001 2.99620222e+000 8.00786055e+000 -2.00374272e+000 9.29934032e+001 3.79985602e+001 1.02100023e+003 1.01699234e+003 3.00139614e+000 -6.55713441e-004 1.59905494e+001 0.00000000e+000 0.00000000e+000 1.00000000e+000 0.00000000e+000
 1.00000000e+000 2.00020307e+001 4.00158076e+000 1.10017814e+001 3.99783045e+000 1.00004811e+002 3.49960491e+001 1.02098757e+003 1.01698782e+003 1.99647742e+000 -8.45195302e-004 1.09999315e+001 0.00000000e+000 0.00000000e+000 1.00000000e+000 0.00000000e+000
 1.00000000e+000 1.90009969e+001 7.00629593e+000 9.99645886e+000 5.99938527e+000 1.00002118e+002 4.59964317e+001 1.02098026e+003 1.01699034e+003 1.99832636e+000 3.06865827e-003 1.90004311e+001 0.00000000e+000 0.00000000e+000 1.00000000e+000 0.00000000e+000
 1.00000000e+000 1.89997727e+001 3.01020603e+000 8.00106854e+000 1.99443072e+000 9.99962672e+001 3.19969110e+001 1.01998833e+003 1.01599115e+003 3.00007353e+000 1.90775730e-003 2.29956138e+001 0.00000000e+000 0.00000000e+000 1.00000000e+000 0.00000000e+000
 1.00000000e+000 1.90019395e+001 4.00089339e+000 6.99844283e+000 2.99703003e+000 1.00001205e+002 3.99984979e+001 1.02098741e+003 1.01698787e+003 2.99899762e+000 6.68444241e-004 1.39989075e+001 0.00000000e+000 0.00000000e+000 1.00000000e+000 0.00000000e+000
 1.00000000e+000 1.89992721e+001 3.00506095e+000 4.99489860e+000 1.99638651e+000 1.00003838e+002 3.49950064e+001 1.01999097e+003 1.01599058e+003 4.00058160e+000 1.00240367e+000 2.69996220e+001 0.00000000e+000 0.00000000e+000 1.00000000e+000 0.00000000e+000
 1.00000000e+000 1.90067462e+001 3.99504786e+000 7.00258419e+000 3.00463403e+000 9.29963812e+001 3.50028525e+001 1.01799647e+003 1.01398642e+003 4.00159741e+000 9.99749667e-001 2.29888824e+001 0.00000000e+000 0.00000000e+000 1.00000000e+000 0.00000000e+000
 1.00000000e+000 2.09914870e+001 5.00746543e+000 6.97411334e+000 1.00641412e+000 1.00018759e+002 2.70045175e+001 1.01796093e+003 1.01398121e+003 3.99854195e+000 1.00688867e+000 1.90187614e+001 0.00000000e+000 0.00000000e+000 1.00000000e+000 0.00000000e+000
 1.00000000e+000 2.10016186e+001 5.00113518e+000 6.99901583e+000 1.99776079e+000 1.00000482e+002 2.99993210e+001 1.01898916e+003 1.01398908e+003 2.99843280e+000 5.81245017e-004 2.59984132e+001 0.00000000e+000 0.00000000e+000 1.00000000e+000 0.00000000e+000
 1.00000000e+000 2.19962928e+001 6.00375731e+000 7.99538517e+000 2.99642875e+000 9.30009248e+001 3.09984788e+001 1.02098107e+003 1.01698444e+003 2.99582272e+000 1.00093391e+000 2.60022802e+001 0.00000000e+000 0.00000000e+000 1.00000000e+000 0.00000000e+000
 1.00000000e+000 2.19995849e+001 8.00195660e+000 9.99827729e+000 2.99753420e+000 9.30007453e+001 2.89990572e+001 1.02098858e+003 1.01698890e+003 3.99760609e+000 5.80161082e-004 1.89987516e+001 0.00000000e+000 0.00000000e+000 1.00000000e+000 0.00000000e+000
 1.00000000e+000 2.49973534e+001 8.02961134e+000 1.09887031e+001 5.99401340e+000 1.00001776e+002 3.20094629e+001 1.01897256e+003 1.01505831e+003 4.01901479e+000 9.95016380e-001 1.40525404e+001 0.00000000e+000 0.00000000e+000 1.00000000e+000 0.00000000e+000
 1.00000000e+000 2.10014982e+001 7.99964457e+000 9.99867755e+000 6.99757303e+000 1.00001111e+002 4.29980936e+001 1.01798890e+003 1.01398967e+003 3.99756113e+000 -3.53326049e-006 1.89988108e+001 0.00000000e+000 0.00000000e+000 1.00000000e+000 0.00000000e+000
 1.00000000e+000 2.00109300e+001 5.99442122e+000 7.00969230e+000 2.00033770e+000 9.29974822e+001 3.30038822e+001 1.01900104e+003 1.01599448e+003 4.00367773e+000 -5.27556687e-004 2.29898448e+001 0.00000000e+000 0.00000000e+000 1.00000000e+000 0.00000000e+000
 1.00000000e+000 2.20014792e+001 4.99416336e+000 7.00205344e+000 -9.97920936e-001 9.99997603e+001 2.20002552e+001 1.01999284e+003 1.01599007e+003 4.99880165e+000 9.98917782e-001 2.60013582e+001 0.00000000e+000 0.00000000e+000 1.00000000e+000 0.00000000e+000
 1.00000000e+000 2.20074892e+001 4.99971754e+000 6.99781944e+000 1.99578994e+000 8.70047839e+001 3.09935472e+001 1.02300494e+003 1.01799466e+003 5.00004640e+000 1.00332951e+000 1.39875397e+001 0.00000000e+000 0.00000000e+000 1.00000000e+000 0.00000000e+000
 1.00000000e+000 2.30158155e+001 4.98550566e+000 1.10103449e+001 5.00343797e+000 9.99972509e+001 3.30060922e+001 1.02300135e+003 1.01899762e+003 2.00541055e+000 -2.45372287e-003 1.89937042e+001 0.00000000e+000 0.00000000e+000 1.00000000e+000 0.00000000e+000
 1.00000000e+000 2.60098185e+001 6.99259502e+000 1.00071156e+001 4.99778564e+000 9.99946143e+001 2.59989065e+001 1.02000598e+003 1.01499526e+003 3.00628475e+000 3.23241932e-004 2.69896758e+001 0.00000000e+000 0.00000000e+000 1.00000000e+000 0.00000000e+000
 1.00000000e+000 3.00101215e+001 8.99839403e+000 1.60049760e+001 6.99788282e+000 9.39982812e+001 2.49991015e+001 1.01699463e+003 1.01398956e+003 3.00050229e+000 9.99855772e-001 1.09960467e+001 0.00000000e+000 0.00000000e+000 1.00000000e+000 0.00000000e+000
 1.00000000e+000 2.90011367e+001 1.29992783e+001 1.79982761e+001 9.99768451e+000 9.99998460e+001 2.99991061e+001 1.01899142e+003 1.01498974e+003 2.99953969e+000 5.44687860e-004 1.89970265e+001 0.00000000e+000 0.00000000e+000 1.00000000e+000 0.00000000e+000
 1.00000000e+000 2.90028632e+001 1.49998739e+001 1.79995997e+001 1.39974964e+001 9.99996300e+001 4.19989313e+001 1.01999036e+003 1.01599042e+003 1.99935476e+000 9.21408263e-004 2.39962330e+001 0.00000000e+000 0.00000000e+000 1.00000000e+000 0.00000000e+000
 1.00000000e+000 3.09952837e+001 1.49999541e+001 1.79923432e+001 1.50036929e+001 1.00002905e+002 3.79928675e+001 1.01798094e+003 1.01398963e+003 2.99244246e+000 6.92455648e-003 1.90037326e+001 0.00000000e+000 0.00000000e+000 1.00000000e+000 0.00000000e+000
 1.00000000e+000 3.00015995e+001 1.69988803e+001 1.59980781e+001 1.19957913e+001 8.80023321e+001 3.49978908e+001 1.01899102e+003 1.01498966e+003 3.99661117e+000 1.00077875e+000 2.29954405e+001 1.00000000e+000 0.00000000e+000 0.00000000e+000 0.00000000e+000
 1.00000000e+000 2.79943387e+001 1.40070588e+001 1.49920904e+001 1.09986355e+001 9.40068589e+001 3.70023373e+001 1.02097679e+003 1.01598786e+003 4.99186227e+000 3.64120721e-004 2.30024879e+001 0.00000000e+000 0.00000000e+000 0.00000000e+000 1.00000000e+000
 1.00000000e+000 2.70029029e+001 1.09998554e+001 1.50013194e+001 8.99698456e+000 9.99977214e+001 3.19995925e+001 1.01899247e+003 1.01498901e+003 2.99822964e+000 1.00318817e-004 2.59929086e+001 0.00000000e+000 0.00000000e+000 1.00000000e+000 0.00000000e+000
 1.00000000e+000 2.89982542e+001 1.09995979e+001 1.29979473e+001 1.99535773e+000 9.99995271e+001 1.99985105e+001 1.01899326e+003 1.01498989e+003 3.99777682e+000 9.99253718e-001 1.09962114e+001 0.00000000e+000 0.00000000e+000 1.00000000e+000 0.00000000e+000
 1.00000000e+000 2.89997116e+001 1.20014273e+001 1.40001787e+001 5.99388381e+000 1.00002665e+002 2.50087032e+001 1.01898964e+003 1.01399306e+003 3.00068077e+000 -4.40221262e-003 1.39908374e+001 0.00000000e+000 0.00000000e+000 1.00000000e+000 0.00000000e+000
 1.00000000e+000 2.69999007e+001 1.19787754e+001 1.59921129e+001 8.02722576e+000 9.40208849e+001 3.00105663e+001 1.01598926e+003 1.01100582e+003 3.99150051e+000 -4.39914086e-003 2.29996822e+001 0.00000000e+000 0.00000000e+000 1.00000000e+000 0.00000000e+000
 1.00000000e+000 2.70049808e+001 1.19979833e+001 1.50037248e+001 1.09967061e+001 9.99966785e+001 4.20000471e+001 1.01399014e+003 1.01099165e+003 3.00011456e+000 7.72940494e-005 2.29955000e+001 0.00000000e+000 0.00000000e+000 1.00000000e+000 0.00000000e+000
 1.00000000e+000 2.90052617e+001 1.49972647e+001 1.80016391e+001 1.19978188e+001 9.39994648e+001 3.49999981e+001 1.01399355e+003 1.00899157e+003 2.99993556e+000 9.99886877e-001 2.29940441e+001 0.00000000e+000 0.00000000e+000 1.00000000e+000 0.00000000e+000
 1.00000000e+000 2.50022602e+001 1.60005774e+001 1.89983677e+001 1.19969056e+001 1.00001106e+002 5.69971168e+001 1.01598768e+003 1.00999003e+003 2.99850549e+000 1.00118453e+000 2.59961850e+001 0.00000000e+000 0.00000000e+000 1.00000000e+000 0.00000000e+000
 1.00000000e+000 2.49991956e+001 1.20003907e+001 2.00022591e+001 1.09962499e+001 9.99948437e+001 5.29978150e+001 1.01899469e+003 1.01498941e+003 2.99916062e+000 -1.17974289e-003 1.39943806e+001 0.00000000e+000 0.00000000e+000 1.00000000e+000 0.00000000e+000
 1.00000000e+000 1.90036778e+001 1.39987104e+001 1.69993295e+001 1.39969000e+001 9.99996350e+001 8.29972892e+001 1.01898895e+003 1.01498893e+003 1.99997540e+000 1.01050925e-003 2.09971316e+001 0.00000000e+000 0.00000000e+000 1.00000000e+000 0.00000000e+000
 1.00000000e+000 1.79908463e+001 1.50025229e+001 1.79959017e+001 1.49996036e+001 9.99990720e+001 8.80001189e+001 1.01598863e+003 1.00998803e+003 1.99528767e+000 9.96890285e-001 3.69985000e+001 0.00000000e+000 0.00000000e+000 1.00000000e+000 0.00000000e+000
 1.00000000e+000 1.99913503e+001 1.40088693e+001 1.79854081e+001 1.19952664e+001 1.00013643e+002 8.19929829e+001 1.01397282e+003 1.00898837e+003 2.98501358e+000 9.98812886e-001 3.49991779e+001 0.00000000e+000 1.00000000e+000 0.00000000e+000 0.00000000e+000
 1.00000000e+000 2.10033673e+001 1.50017089e+001 1.60008185e+001 1.29977918e+001 9.99992752e+001 7.29969827e+001 1.01598697e+003 1.01099171e+003 2.99963539e+000 2.00036365e+000 1.89979742e+001 1.00000000e+000 0.00000000e+000 0.00000000e+000 0.00000000e+000
 1.00000000e+000 1.89993865e+001 1.10019149e+001 1.49959226e+001 9.99705691e+000 1.00002807e+002 5.99975448e+001 1.01198514e+003 1.00798728e+003 4.99705460e+000 4.24915874e-004 2.59996867e+001 0.00000000e+000 0.00000000e+000 0.00000000e+000 1.00000000e+000
 1.00000000e+000 1.89979823e+001 7.00221124e+000 1.39950869e+001 6.99635687e+000 1.00002384e+002 5.19956482e+001 1.01598721e+003 1.01098640e+003 2.99870248e+000 8.82686721e-004 1.40000579e+001 1.00000000e+000 0.00000000e+000 0.00000000e+000 0.00000000e+000
 1.00000000e+000 2.20043631e+001 8.99857418e+000 1.40012270e+001 8.99769258e+000 9.99987951e+001 4.59981789e+001 1.01499180e+003 1.01199020e+003 5.00019079e+000 2.08174459e-004 2.69958619e+001 0.00000000e+000 0.00000000e+000 1.00000000e+000 0.00000000e+000
 1.00000000e+000 2.10056326e+001 1.19984390e+001 1.40004161e+001 9.99875011e+000 1.00001029e+002 4.89955078e+001 1.01499158e+003 1.01199261e+003 2.99903020e+000 7.51175872e-004 2.09980510e+001 0.00000000e+000 0.00000000e+000 1.00000000e+000 0.00000000e+000
 1.00000000e+000 2.09896353e+001 8.00729807e+000 1.39935482e+001 7.99614541e+000 1.00004232e+002 4.60006691e+001 1.01697899e+003 1.01298790e+003 2.99743652e+000 -1.71368465e-003 1.90038139e+001 0.00000000e+000 0.00000000e+000 1.00000000e+000 0.00000000e+000
 1.00000000e+000 2.40047645e+001 9.99855773e+000 1.60049061e+001 9.99474472e+000 9.99934425e+001 4.39968061e+001 1.01799478e+003 1.01398865e+003 2.99983161e+000 9.99789932e-001 1.89917811e+001 0.00000000e+000 0.00000000e+000 1.00000000e+000 0.00000000e+000
 1.00000000e+000 2.50002560e+001 1.30020201e+001 1.59945951e+001 1.09964588e+001 1.00002321e+002 4.69970695e+001 1.01898344e+003 1.01598665e+003 3.99639230e+000 1.00543472e-003 1.90002639e+001 0.00000000e+000 0.00000000e+000 1.00000000e+000 0.00000000e+000
 1.00000000e+000 2.39917547e+001 9.00887134e+000 1.49906001e+001 7.99674685e+000 1.00002648e+002 3.79925491e+001 1.01898342e+003 1.01597618e+003 4.99597454e+000 3.61094171e-003 3.49948037e+001 0.00000000e+000 0.00000000e+000 1.00000000e+000 0.00000000e+000
 1.00000000e+000 2.59999055e+001 1.10007057e+001 1.39943797e+001 8.99817944e+000 9.40048999e+001 3.39968474e+001 1.01798918e+003 1.01398947e+003 5.00083010e+000 1.92411144e-003 2.30010672e+001 0.00000000e+000 0.00000000e+000 1.00000000e+000 0.00000000e+000
 1.00000000e+000 2.70025277e+001 1.19963090e+001 1.60016215e+001 9.99289611e+000 9.99954434e+001 3.39960970e+001 1.01599254e+003 1.01299332e+003 3.99383693e+000 1.00028817e+000 2.29954215e+001 0.00000000e+000 0.00000000e+000 1.00000000e+000 0.00000000e+000
 1.00000000e+000 2.49996867e+001 1.19994955e+001 1.39948384e+001 3.99728393e+000 9.40001954e+001 2.59995850e+001 1.01398753e+003 1.01198927e+003 4.99577437e+000 9.98715052e-001 2.69987714e+001 0.00000000e+000 0.00000000e+000 1.00000000e+000 0.00000000e+000
 1.00000000e+000 2.60021744e+001 1.20006499e+001 1.40008458e+001 5.99838769e+000 8.79992340e+001 2.99986476e+001 1.01498979e+003 1.01099059e+003 3.00070383e+000 2.00047901e+000 1.89974713e+001 0.00000000e+000 0.00000000e+000 0.00000000e+000 1.00000000e+000
 1.00000000e+000 2.49949784e+001 1.60103019e+001 1.69949820e+001 1.30001507e+001 9.40006949e+001 4.69977786e+001 1.01299525e+003 1.01000012e+003 3.99933375e+000 9.98422726e-001 3.39888751e+001 0.00000000e+000 0.00000000e+000 0.00000000e+000 1.00000000e+000
 1.00000000e+000 2.60037595e+001 1.39991718e+001 1.60006940e+001 1.09965212e+001 9.99991006e+001 3.89990324e+001 1.01299111e+003 1.00899021e+003 3.00015891e+000 1.00016869e+000 2.09961365e+001 0.00000000e+000 0.00000000e+000 0.00000000e+000 1.00000000e+000
 1.00000000e+000 2.70030228e+001 4.00075659e+000 1.70030355e+001 3.99989443e+000 9.99976270e+001 4.50030141e+001 1.01799224e+003 1.00799263e+003 3.99723594e+000 9.95986578e-001 3.39899320e+001 0.00000000e+000 0.00000000e+000 1.00000000e+000 0.00000000e+000
 1.00000000e+000 2.19915063e+001 1.39768007e+001 1.80351643e+001 1.19554959e+001 9.99368539e+001 5.59888075e+001 1.01199286e+003 1.00698876e+003 4.00559782e+000 2.00069592e+000 2.90200604e+001 0.00000000e+000 1.00000000e+000 0.00000000e+000 0.00000000e+000
 1.00000000e+000 2.09981717e+001 1.40026885e+001 1.69964519e+001 1.29974962e+001 1.00001579e+002 6.39964358e+001 1.01298501e+003 1.00798762e+003 3.99644229e+000 1.00055000e+000 2.30004821e+001 1.00000000e+000 0.00000000e+000 0.00000000e+000 0.00000000e+000
 1.00000000e+000 2.19953667e+001 1.10024496e+001 1.49955637e+001 7.99746950e+000 1.00003346e+002 4.09963480e+001 1.01698671e+003 1.01198703e+003 3.99354150e+000 -4.44632803e-003 2.70031049e+001 0.00000000e+000 0.00000000e+000 0.00000000e+000 1.00000000e+000
 1.00000000e+000 2.30042340e+001 8.99785665e+000 1.39989624e+001 5.00045237e+000 1.00001837e+002 3.10005060e+001 1.01599033e+003 1.01299230e+003 5.00037724e+000 1.00121618e+000 2.29994621e+001 0.00000000e+000 0.00000000e+000 1.00000000e+000 0.00000000e+000
 1.00000000e+000 2.59962195e+001 1.10010500e+001 1.49997432e+001 7.99928667e+000 9.39990965e+001 3.19962653e+001 1.01699022e+003 1.01398947e+003 5.00679575e+000 1.00090087e+000 3.39997162e+001 0.00000000e+000 0.00000000e+000 1.00000000e+000 0.00000000e+000
 1.00000000e+000 2.69957391e+001 1.19959430e+001 1.40069173e+001 3.99959195e+000 1.00001306e+002 2.30001552e+001 1.01799860e+003 1.01398804e+003 4.99953546e+000 1.99369334e+000 3.40061836e+001 0.00000000e+000 0.00000000e+000 0.00000000e+000 1.00000000e+000
 1.00000000e+000 2.39980510e+001 1.10041751e+001 1.09957318e+001 3.99719819e+000 8.80050560e+001 2.69991458e+001 1.01498241e+003 1.01098778e+003 5.99797996e+000 3.00057326e+000 3.70010292e+001 0.00000000e+000 0.00000000e+000 0.00000000e+000 1.00000000e+000
 1.00000000e+000 2.50026730e+001 8.99948949e+000 1.09991558e+001 4.99754708e+000 9.29995344e+001 2.79990032e+001 1.01299028e+003 1.00998921e+003 5.00026655e+000 3.99993046e+000 3.39977154e+001 0.00000000e+000 0.00000000e+000 0.00000000e+000 1.00000000e+000
 1.00000000e+000 2.80036485e+001 9.99776447e+000 1.20014590e+001 5.99759866e+000 9.39990106e+001 2.60001269e+001 1.01199193e+003 1.00898959e+003 7.00061509e+000 2.00006731e+000 2.29970861e+001 0.00000000e+000 0.00000000e+000 0.00000000e+000 1.00000000e+000
 1.00000000e+000 2.80077041e+001 1.49951499e+001 1.40052070e+001 7.99588480e+000 7.19967334e+001 3.20009363e+001 1.01299686e+003 1.00999358e+003 3.00030906e+000 1.99909791e+000 2.69931254e+001 0.00000000e+000 0.00000000e+000 0.00000000e+000 1.00000000e+000
 1.00000000e+000 2.80021365e+001 1.69977919e+001 1.30018365e+001 8.99802173e+000 7.69985992e+001 3.19989062e+001 1.01399047e+003 1.01098698e+003 3.00169958e+000 1.99991707e+000 3.19967788e+001 0.00000000e+000 0.00000000e+000 0.00000000e+000 1.00000000e+000
 1.00000000e+000 2.69999330e+001 1.50015871e+001 1.49974174e+001 7.99670828e+000 9.40018676e+001 3.39994865e+001 1.01498645e+003 1.00898864e+003 4.99714631e+000 2.00031270e+000 2.69980571e+001 0.00000000e+000 0.00000000e+000 0.00000000e+000 1.00000000e+000
 1.00000000e+000 2.10019721e+001 1.49993583e+001 1.69989625e+001 1.39973414e+001 1.00000298e+002 7.29967856e+001 1.01698828e+003 1.01098949e+003 2.99891918e+000 1.00024642e+000 3.69971705e+001 1.00000000e+000 0.00000000e+000 0.00000000e+000 0.00000000e+000
 1.00000000e+000 2.19998381e+001 1.40016078e+001 1.99962525e+001 1.39971258e+001 1.00002040e+002 6.79967429e+001 1.01398493e+003 1.00998842e+003 6.99750230e+000 1.00066471e+000 3.19995203e+001 1.00000000e+000 0.00000000e+000 0.00000000e+000 0.00000000e+000
 1.00000000e+000 2.20002717e+001 1.30040531e+001 1.79965471e+001 6.99756873e+000 1.00001383e+002 3.99987188e+001 1.01598353e+003 1.01298905e+003 4.99883742e+000 1.00240254e+000 2.69993661e+001 1.00000000e+000 0.00000000e+000 0.00000000e+000 0.00000000e+000
 1.00000000e+000 2.30026026e+001 9.00003841e+000 1.19993704e+001 6.99825454e+000 1.00000202e+002 3.59985636e+001 1.01799016e+003 1.01298930e+003 5.00036720e+000 2.00057433e+000 3.69962947e+001 0.00000000e+000 0.00000000e+000 1.00000000e+000 0.00000000e+000
 1.00000000e+000 2.60006383e+001 9.00138797e+000 1.39991651e+001 6.99624754e+000 9.99992333e+001 3.39980968e+001 1.01498805e+003 1.01098852e+003 8.99797924e+000 3.00038593e+000 2.89972324e+001 0.00000000e+000 0.00000000e+000 0.00000000e+000 1.00000000e+000
 1.00000000e+000 2.80017577e+001 1.19980207e+001 1.69996678e+001 1.09991740e+001 9.99989851e+001 3.89981828e+001 1.01399028e+003 1.01098730e+003 8.00166692e+000 2.00044291e+000 2.69983093e+001 0.00000000e+000 0.00000000e+000 0.00000000e+000 1.00000000e+000
 1.00000000e+000 3.20048432e+001 1.59966364e+001 1.90024237e+001 1.39974118e+001 9.99975728e+001 3.49993579e+001 1.01199415e+003 1.00799122e+003 6.00140117e+000 1.00004746e+000 2.69943441e+001 0.00000000e+000 0.00000000e+000 0.00000000e+000 1.00000000e+000
 1.00000000e+000 3.40007971e+001 1.79898269e+001 2.09956819e+001 1.39909609e+001 1.00002981e+002 3.20036752e+001 1.01198714e+003 1.00898223e+003 3.99480013e+000 9.97936083e-001 3.69987539e+001 0.00000000e+000 0.00000000e+000 0.00000000e+000 1.00000000e+000
 1.00000000e+000 3.29948153e+001 2.09966877e+001 2.19984113e+001 1.30069689e+001 8.79899977e+001 3.39963102e+001 1.01399086e+003 1.00999850e+003 3.99446168e+000 2.00314208e+000 2.39950643e+001 0.00000000e+000 0.00000000e+000 0.00000000e+000 1.00000000e+000
 1.00000000e+000 3.00020053e+001 1.89970540e+001 2.20011303e+001 1.59940798e+001 1.00002097e+002 4.79966165e+001 1.01198065e+003 1.00898775e+003 3.00099706e+000 1.00252163e+000 1.89959509e+001 0.00000000e+000 0.00000000e+000 0.00000000e+000 1.00000000e+000
 1.00000000e+000 3.10080019e+001 1.49940246e+001 2.10013841e+001 4.00404271e+000 1.00002609e+002 3.80036822e+001 1.01499428e+003 1.00999713e+003 3.00415634e+000 -4.11472810e-004 3.69968875e+001 0.00000000e+000 1.00000000e+000 0.00000000e+000 0.00000000e+000
 1.00000000e+000 2.80060203e+001 1.50011237e+001 1.90020104e+001 6.99672474e+000 9.99986762e+001 2.79999473e+001 1.01498755e+003 1.01199330e+003 6.99726015e+000 3.00047625e+000 2.89944401e+001 0.00000000e+000 0.00000000e+000 1.00000000e+000 0.00000000e+000
 1.00000000e+000 2.99920052e+001 1.30248957e+001 1.39938085e+001 7.98322809e+000 9.39958926e+001 2.49908281e+001 1.01497500e+003 1.01199844e+003 8.99243563e+000 2.00199732e+000 3.50024080e+001 1.00000000e+000 0.00000000e+000 0.00000000e+000 1.00000000e+000
 1.00000000e+000 3.10016380e+001 1.50008187e+001 1.50019055e+001 4.99983042e+000 9.99958924e+001 2.19994260e+001 1.01299145e+003 1.00899040e+003 8.00096817e+000 1.00074527e+000 3.99934465e+001 0.00000000e+000 0.00000000e+000 0.00000000e+000 1.00000000e+000
 1.00000000e+000 3.20013119e+001 1.29999159e+001 1.39995816e+001 5.99770748e+000 9.40000352e+001 2.09994770e+001 1.01198948e+003 1.00798985e+003 5.00013416e+000 2.00046975e+000 4.69965253e+001 0.00000000e+000 0.00000000e+000 0.00000000e+000 1.00000000e+000
 1.00000000e+000 3.40004918e+001 1.50019119e+001 1.59994751e+001 7.99461620e+000 8.19996636e+001 1.99980461e+001 1.01299096e+003 1.00998879e+003 5.00121006e+000 2.00058606e+000 3.99965908e+001 0.00000000e+000 0.00000000e+000 0.00000000e+000 1.00000000e+000
 1.00000000e+000 3.60027565e+001 1.69981517e+001 1.80009672e+001 1.09971857e+001 8.29996814e+001 2.19999040e+001 1.01499167e+003 1.00998958e+003 7.00076280e+000 2.00006240e+000 2.69967488e+001 0.00000000e+000 0.00000000e+000 0.00000000e+000 1.00000000e+000
 1.00000000e+000 3.60169300e+001 1.79925734e+001 1.90064471e+001 1.19958511e+001 8.29979813e+001 2.29982355e+001 1.01299045e+003 1.00898638e+003 6.00125276e+000 2.00065074e+000 1.59977974e+001 0.00000000e+000 0.00000000e+000 0.00000000e+000 1.00000000e+000
 1.00000000e+000 3.89990407e+001 2.00016171e+001 1.99972101e+001 1.19971123e+001 8.80019732e+001 1.99990400e+001 1.01298552e+003 1.00798843e+003 4.99883512e+000 2.00088602e+000 2.39994533e+001 0.00000000e+000 0.00000000e+000 0.00000000e+000 1.00000000e+000
 1.00000000e+000 4.09971895e+001 2.30017863e+001 1.99995025e+001 1.09966470e+001 7.29966412e+001 1.79986315e+001 1.01298864e+003 1.00798238e+003 4.00143795e+000 1.00008780e+000 1.39980815e+001 0.00000000e+000 0.00000000e+000 0.00000000e+000 1.00000000e+000
 1.00000000e+000 3.79948231e+001 2.30021060e+001 1.99938374e+001 1.09978721e+001 7.80010364e+001 1.99987273e+001 1.01198366e+003 1.00798961e+003 4.99978925e+000 1.00048253e+000 2.90015616e+001 0.00000000e+000 0.00000000e+000 0.00000000e+000 1.00000000e+000
 1.00000000e+000 3.40062057e+001 1.99984576e+001 1.90000607e+001 2.99533466e+000 8.79982878e+001 1.39973813e+001 1.01098667e+003 1.00798787e+003 5.00191729e+000 2.00136725e+000 3.39946909e+001 0.00000000e+000 0.00000000e+000 0.00000000e+000 1.00000000e+000
 1.00000000e+000 3.29955779e+001 1.40073811e+001 9.99559505e+000 3.99906273e+000 7.20035008e+001 1.69957850e+001 1.01098345e+003 1.00699015e+003 7.00084895e+000 3.00249150e+000 3.50021873e+001 0.00000000e+000 0.00000000e+000 0.00000000e+000 1.00000000e+000
 1.00000000e+000 3.70003555e+001 1.49993707e+001 1.09991422e+001 5.99644998e+000 7.20019213e+001 1.59993050e+001 1.00998906e+003 1.00798915e+003 4.99994475e+000 2.00047321e+000 4.19981475e+001 0.00000000e+000 0.00000000e+000 0.00000000e+000 1.00000000e+000
 1.00000000e+000 3.89947205e+001 1.90036629e+001 1.29935696e+001 5.99442682e+000 6.40047596e+001 1.59986763e+001 1.01197921e+003 1.00798550e+003 4.99435161e+000 2.00097692e+000 3.50021894e+001 0.00000000e+000 0.00000000e+000 0.00000000e+000 1.00000000e+000
 1.00000000e+000 3.79912808e+001 2.00016298e+001 1.59807959e+001 5.98751259e+000 7.30004083e+001 1.49902906e+001 1.01197196e+003 1.00696104e+003 4.00170171e+000 1.00512601e+000 2.60158262e+001 0.00000000e+000 0.00000000e+000 0.00000000e+000 1.00000000e+000
 1.00000000e+000 3.69825292e+001 2.39897120e+001 1.69983251e+001 1.19989607e+001 6.49994630e+001 2.20072641e+001 1.01098294e+003 1.00598115e+003 4.99940554e+000 1.99242826e+000 6.40000490e+001 0.00000000e+000 0.00000000e+000 0.00000000e+000 1.00000000e+000
 1.00000000e+000 3.80056127e+001 2.19957289e+001 1.80057354e+001 8.99811120e+000 6.89909408e+001 1.89882676e+001 1.01001101e+003 1.00497941e+003 5.01329268e+000 2.00340989e+000 2.89893425e+001 0.00000000e+000 0.00000000e+000 0.00000000e+000 0.00000000e+000
 1.00000000e+000 3.70027844e+001 1.89968864e+001 1.60017778e+001 7.99583885e+000 7.29997219e+001 1.89997342e+001 1.00899114e+003 1.00598912e+003 4.00101373e+000 1.99974240e+000 2.59960356e+001 0.00000000e+000 0.00000000e+000 0.00000000e+000 1.00000000e+000
 1.00000000e+000 3.99990273e+001 2.20006643e+001 1.39991917e+001 7.99706384e+000 4.70027342e+001 1.49997257e+001 1.00898740e+003 1.00498912e+003 4.99834762e+000 2.00033751e+000 3.39982500e+001 0.00000000e+000 0.00000000e+000 0.00000000e+000 1.00000000e+000
 1.00000000e+000 4.10041675e+001 2.29967581e+001 1.40037024e+001 6.99765479e+000 4.70004385e+001 1.30008562e+001 1.00799354e+003 1.00299140e+003 5.00154870e+000 1.99969821e+000 2.89948140e+001 0.00000000e+000 0.00000000e+000 0.00000000e+000 1.00000000e+000
 1.00000000e+000 4.20001663e+001 2.50039719e+001 1.30022759e+001 7.99185975e+000 4.40041396e+001 1.39954944e+001 1.00798244e+003 1.00298579e+003 5.00175179e+000 1.00238753e+000 2.59979246e+001 0.00000000e+000 0.00000000e+000 0.00000000e+000 1.00000000e+000
 1.00000000e+000 4.29963245e+001 2.39860687e+001 1.29884318e+001 6.99060794e+000 4.70151316e+001 1.30066623e+001 1.00898022e+003 1.00497723e+003 3.99335425e+000 1.99737259e+000 1.60138478e+001 0.00000000e+000 0.00000000e+000 0.00000000e+000 1.00000000e+000
 1.00000000e+000 4.30016037e+001 2.50009479e+001 2.29990560e+001 9.99595957e+000 5.90015145e+001 1.50010365e+001 1.01099065e+003 1.00598882e+003 2.00247451e+000 1.00000742e+000 1.89967890e+001 0.00000000e+000 0.00000000e+000 0.00000000e+000 1.00000000e+000
 1.00000000e+000 4.30029186e+001 2.69950307e+001 2.40033024e+001 7.99629820e+000 7.89972599e+001 1.20001637e+001 1.01000121e+003 1.00599151e+003 3.00098245e+000 1.99935654e+000 1.89943551e+001 0.00000000e+000 0.00000000e+000 0.00000000e+000 1.00000000e+000
 1.00000000e+000 4.29875276e+001 2.90046082e+001 2.49918480e+001 1.19824979e+001 6.59933667e+001 1.59930659e+001 1.00997084e+003 1.00496465e+003 2.99187003e+000 1.00046885e+000 2.70082834e+001 0.00000000e+000 0.00000000e+000 0.00000000e+000 1.00000000e+000
 1.00000000e+000 4.39992265e+001 2.60012129e+001 2.49969297e+001 1.89958435e+001 7.90023563e+001 2.49991563e+001 1.00698606e+003 1.00298895e+003 2.99810839e+000 2.00052922e+000 1.89990543e+001 0.00000000e+000 0.00000000e+000 0.00000000e+000 1.00000000e+000
 1.00000000e+000 3.59951198e+001 2.79929050e+001 2.40028571e+001 1.80013292e+001 7.00015228e+001 3.59919380e+001 1.01299010e+003 1.00399370e+003 3.99701312e+000 1.99533450e+000 3.69968412e+001 0.00000000e+000 0.00000000e+000 0.00000000e+000 1.00000000e+000
 1.00000000e+000 4.10005491e+001 2.49975948e+001 2.39980785e+001 1.59985844e+001 7.79991550e+001 2.59968720e+001 1.01199019e+003 1.00598576e+003 4.00322289e+000 2.00184958e+000 2.30009521e+001 0.00000000e+000 0.00000000e+000 0.00000000e+000 1.00000000e+000
 1.00000000e+000 4.20104962e+001 2.69988064e+001 2.39875082e+001 1.19894242e+001 5.40113951e+001 1.69966943e+001 1.00998555e+003 1.00398660e+003 3.00243996e+000 1.00196947e+000 3.39998288e+001 0.00000000e+000 0.00000000e+000 0.00000000e+000 1.00000000e+000
 1.00000000e+000 4.10098185e+001 2.49963355e+001 1.79997908e+001 1.09945489e+001 6.10070865e+001 2.10030770e+001 1.00798205e+003 1.00299422e+003 3.00495710e+000 2.00081664e+000 2.69920898e+001 0.00000000e+000 0.00000000e+000 0.00000000e+000 1.00000000e+000
 1.00000000e+000 4.39975106e+001 2.50023255e+001 1.59961598e+001 8.99687819e+000 5.10039507e+001 1.29987711e+001 1.00698474e+003 1.00198863e+003 2.99709245e+000 2.00086440e+000 2.89999618e+001 0.00000000e+000 0.00000000e+000 0.00000000e+000 1.00000000e+000
 1.00000000e+000 4.30030966e+001 2.89984560e+001 1.80019168e+001 8.99770336e+000 4.80004200e+001 1.59988200e+001 1.00599094e+003 1.00199149e+003 2.99961178e+000 1.00063322e+000 3.19945946e+001 0.00000000e+000 0.00000000e+000 0.00000000e+000 1.00000000e+000
 1.00000000e+000 4.40042936e+001 2.70026486e+001 1.60018995e+001 8.99738518e+000 4.50065907e+001 1.29960913e+001 1.00697854e+003 1.00198921e+003 2.99994993e+000 1.00374961e+000 2.69983616e+001 0.00000000e+000 0.00000000e+000 0.00000000e+000 1.00000000e+000
 1.00000000e+000 4.40019158e+001 2.49956611e+001 1.20067732e+001 4.99863074e+000 3.89971875e+001 8.98469144e+000 1.00598157e+003 1.00099316e+003 4.00039770e+000 1.00576471e+000 3.99911424e+001 0.00000000e+000 0.00000000e+000 0.00000000e+000 1.00000000e+000
 1.00000000e+000 4.19964739e+001 2.70027324e+001 1.69943699e+001 4.99615333e+000 4.50057130e+001 9.99765967e+000 1.00798414e+003 1.00298684e+003 3.99696121e+000 2.00150537e+000 2.70008036e+001 0.00000000e+000 0.00000000e+000 0.00000000e+000 1.00000000e+000
 1.00000000e+000 4.39975580e+001 2.30039276e+001 1.29953521e+001 4.99674753e+000 5.00055756e+001 8.99607984e+000 1.00898090e+003 1.00498794e+003 3.99871303e+000 1.00328188e+000 2.60022588e+001 0.00000000e+000 0.00000000e+000 0.00000000e+000 1.00000000e+000
 1.00000000e+000 4.59906870e+001 2.60025427e+001 1.59785026e+001 5.00384365e+000 4.20242094e+001 9.00127294e+000 1.00897088e+003 1.00398732e+003 4.99727006e+000 1.00347875e+000 2.60176190e+001 0.00000000e+000 0.00000000e+000 0.00000000e+000 1.00000000e+000
 1.00000000e+000 4.59949897e+001 2.90007444e+001 1.99989318e+001 5.99846496e+000 4.60037160e+001 1.00002567e+001 1.00798959e+003 1.00299060e+003 3.99761700e+000 2.00044450e+000 1.39998171e+001 0.00000000e+000 0.00000000e+000 0.00000000e+000 1.00000000e+000
 1.00000000e+000 4.30010090e+001 3.09985380e+001 2.39996213e+001 1.89972976e+001 6.59999209e+001 2.69988565e+001 1.00999111e+003 1.00499046e+003 3.99946791e+000 2.00010977e+000 2.29969030e+001 0.00000000e+000 0.00000000e+000 0.00000000e+000 1.00000000e+000
 1.00000000e+000 4.19941203e+001 2.90038329e+001 2.29903917e+001 1.99989100e+001 6.20094142e+001 2.99993766e+001 1.01097784e+003 1.00498818e+003 3.99586339e+000 3.00137841e+000 2.90055448e+001 0.00000000e+000 0.00000000e+000 0.00000000e+000 1.00000000e+000
 1.00000000e+000 3.30030096e+001 2.59971836e+001 2.60002727e+001 1.89969347e+001 9.40005963e+001 4.59960383e+001 1.00998909e+003 1.00499070e+003 3.99901277e+000 2.00126731e+000 3.49953001e+001 0.00000000e+000 0.00000000e+000 0.00000000e+000 1.00000000e+000
 1.00000000e+000 4.09996405e+001 2.29982336e+001 2.49968455e+001 1.79951084e+001 1.00001031e+002 2.59995120e+001 1.00698698e+003 1.00198788e+003 3.99667600e+000 1.99987001e+000 1.89999466e+001 1.00000000e+000 0.00000000e+000 0.00000000e+000 0.00000000e+000
 1.00000000e+000 3.79948102e+001 2.80080161e+001 2.39832346e+001 1.69933683e+001 7.40125269e+001 2.99960294e+001 1.00796905e+003 1.00298634e+003 3.98948601e+000 2.00391491e+000 3.70045604e+001 0.00000000e+000 0.00000000e+000 0.00000000e+000 1.00000000e+000
 1.00000000e+000 4.09902494e+001 2.50167001e+001 2.59750778e+001 1.99963356e+001 9.40156678e+001 2.99931274e+001 1.00895847e+003 1.00398137e+003 4.99426482e+000 3.00620761e+000 2.40117031e+001 0.00000000e+000 0.00000000e+000 0.00000000e+000 1.00000000e+000
 1.00000000e+000 4.39997590e+001 2.89999155e+001 2.49988126e+001 1.59963482e+001 7.39999971e+001 2.39980503e+001 1.00598904e+003 1.00198912e+003 3.99877175e+000 3.00048378e+000 3.69970978e+001 0.00000000e+000 0.00000000e+000 0.00000000e+000 1.00000000e+000
 1.00000000e+000 4.00034922e+001 2.49976434e+001 2.50015742e+001 1.89978409e+001 8.89976800e+001 3.09991208e+001 1.00799378e+003 1.00099154e+003 5.00109184e+000 2.99987161e+000 3.19953750e+001 1.00000000e+000 0.00000000e+000 0.00000000e+000 0.00000000e+000
 1.00000000e+000 4.19875149e+001 2.80028147e+001 2.59731337e+001 2.29844923e+001 8.89930803e+001 3.60048618e+001 1.00498957e+003 9.99986475e+002 3.97575730e+000 3.01331222e+000 2.70139864e+001 0.00000000e+000 0.00000000e+000 0.00000000e+000 1.00000000e+000
 1.00000000e+000 3.99910050e+001 3.00103522e+001 2.49734941e+001 1.89785094e+001 7.40189173e+001 2.90001228e+001 1.00495445e+003 1.00097719e+003 2.98427799e+000 3.00019478e+000 3.40159845e+001 0.00000000e+000 0.00000000e+000 0.00000000e+000 1.00000000e+000
 1.00000000e+000 4.20018315e+001 2.20021727e+001 2.39989895e+001 1.79927924e+001 9.39940907e+001 2.49951631e+001 1.00698883e+003 1.00098550e+003 3.99796822e+000 1.00226794e+000 2.39948198e+001 0.00000000e+000 0.00000000e+000 0.00000000e+000 1.00000000e+000
 1.00000000e+000 4.20042680e+001 2.09971385e+001 2.50022021e+001 1.39956037e+001 9.39989522e+001 2.30008116e+001 1.00299321e+003 9.97992060e+002 3.99653055e+000 1.99982820e+000 2.69931489e+001 1.00000000e+000 0.00000000e+000 0.00000000e+000 0.00000000e+000
 1.00000000e+000 3.79906566e+001 2.50036561e+001 1.99963390e+001 1.59978550e+001 6.90040011e+001 2.69998800e+001 1.00498644e+003 1.00098867e+003 4.99364891e+000 2.99920873e+000 3.40040715e+001 1.00000000e+000 0.00000000e+000 0.00000000e+000 0.00000000e+000
 1.00000000e+000 3.99996281e+001 2.59943027e+001 2.29987516e+001 1.79986087e+001 6.90017774e+001 3.09970270e+001 1.00597990e+003 1.00099338e+003 4.99735214e+000 3.00266296e+000 2.39986563e+001 0.00000000e+000 0.00000000e+000 0.00000000e+000 1.00000000e+000
 1.00000000e+000 4.09985206e+001 2.79995751e+001 2.30037557e+001 1.19949996e+001 7.39945768e+001 2.59994934e+001 1.00398776e+003 9.98987011e+002 4.00091996e+000 1.99803769e+000 1.60006705e+001 0.00000000e+000 0.00000000e+000 0.00000000e+000 1.00000000e+000
 1.00000000e+000 4.59991356e+001 3.10013916e+001 2.49979719e+001 1.69978472e+001 5.80020545e+001 1.89992309e+001 1.00098680e+003 9.94989902e+002 4.99842160e+000 2.00059694e+000 3.19984902e+001 0.00000000e+000 0.00000000e+000 0.00000000e+000 1.00000000e+000
 1.00000000e+000 4.49989617e+001 2.29918549e+001 2.59953543e+001 1.49884514e+001 8.79966243e+001 2.19914932e+001 1.00699464e+003 9.98990420e+002 2.99498916e+000 1.00156012e+000 4.00017731e+001 1.00000000e+000 0.00000000e+000 0.00000000e+000 0.00000000e+000
 1.00000000e+000 3.79981695e+001 2.50015258e+001 2.49977906e+001 1.69963934e+001 7.90008510e+001 3.89980313e+001 1.00698908e+003 9.99989985e+002 4.99740005e+000 1.99999494e+000 2.70000949e+001 1.00000000e+000 0.00000000e+000 0.00000000e+000 0.00000000e+000
 1.00000000e+000 4.19917747e+001 2.90025946e+001 2.59933902e+001 1.79988139e+001 6.60059262e+001 3.49907245e+001 1.00497787e+003 9.99987455e+002 4.99220264e+000 3.00389910e+000 2.10025948e+001 1.00000000e+000 0.00000000e+000 0.00000000e+000 0.00000000e+000
 1.00000000e+000 4.30044091e+001 2.79958857e+001 2.60032111e+001 1.79976741e+001 7.89971219e+001 2.99993672e+001 1.00499575e+003 9.99991663e+002 4.00128689e+000 2.99957781e+000 2.59944062e+001 1.00000000e+000 0.00000000e+000 0.00000000e+000 0.00000000e+000
 1.00000000e+000 4.20107842e+001 2.69876344e+001 2.40071008e+001 1.69992835e+001 7.89993771e+001 2.90057355e+001 1.00500464e+003 1.00000090e+003 4.00681771e+000 9.99318859e-001 3.19955260e+001 1.00000000e+000 0.00000000e+000 0.00000000e+000 0.00000000e+000
 1.00000000e+000 3.99936741e+001 2.89970816e+001 2.09919939e+001 1.29891326e+001 5.80070539e+001 2.19924932e+001 1.00297690e+003 9.97991103e+002 4.98079888e+000 2.00224559e+000 3.20032996e+001 0.00000000e+000 0.00000000e+000 0.00000000e+000 1.00000000e+000
 1.00000000e+000 4.29945242e+001 2.99948232e+001 2.09966945e+001 1.20005525e+001 5.79985383e+001 1.59919487e+001 1.01098366e+003 9.98993243e+002 4.99527044e+000 4.00446324e+000 2.59972458e+001 0.00000000e+000 0.00000000e+000 0.00000000e+000 1.00000000e+000
 1.00000000e+000 4.29965119e+001 2.90041264e+001 1.99898462e+001 8.99538601e+000 5.50088000e+001 1.29964051e+001 1.00397817e+003 1.00099142e+003 4.99347763e+000 2.00108672e+000 2.29977104e+001 0.00000000e+000 0.00000000e+000 0.00000000e+000 1.00000000e+000
 1.00000000e+000 4.50028185e+001 2.69969426e+001 1.40010982e+001 4.00111414e+000 4.50026941e+001 8.99347042e+000 1.00398917e+003 9.99994591e+002 5.00841099e+000 2.00308458e+000 2.40043769e+001 0.00000000e+000 0.00000000e+000 0.00000000e+000 1.00000000e+000
 1.00000000e+000 4.40037899e+001 3.09957564e+001 1.40028283e+001 5.99996845e+000 3.10014678e+001 1.00017074e+001 1.00199371e+003 9.99992135e+002 4.00158849e+000 -3.32727621e-004 5.99946798e+001 0.00000000e+000 0.00000000e+000 0.00000000e+000 1.00000000e+000
 1.00000000e+000 3.99991181e+001 2.39979524e+001 1.90056246e+001 1.09922741e+001 6.89934167e+001 2.09950598e+001 1.00699585e+003 1.00099110e+003 4.99772778e+000 3.00012764e+000 3.39941292e+001 1.00000000e+000 0.00000000e+000 0.00000000e+000 0.00000000e+000
 1.00000000e+000 4.00011322e+001 2.09984481e+001 1.99989521e+001 1.00022852e+001 8.29962928e+001 1.80061800e+001 1.00899865e+003 1.00498843e+003 4.99260583e+000 2.99885829e+000 2.39933383e+001 1.00000000e+000 0.00000000e+000 0.00000000e+000 0.00000000e+000
 1.00000000e+000 4.20001951e+001 2.49994236e+001 1.69995103e+001 7.99751001e+000 6.10007040e+001 1.29990004e+001 1.00799004e+003 1.00398994e+003 3.99896284e+000 2.00043083e+000 3.69975944e+001 0.00000000e+000 1.00000000e+000 0.00000000e+000 0.00000000e+000
 1.00000000e+000 4.09973188e+001 2.70014148e+001 1.49967530e+001 9.99780152e+000 4.80048354e+001 1.69997113e+001 1.00799000e+003 1.00298896e+003 3.99501465e+000 3.00031698e+000 2.69978142e+001 1.00000000e+000 0.00000000e+000 0.00000000e+000 0.00000000e+000
 1.00000000e+000 4.10097221e+001 2.99899294e+001 1.80014937e+001 1.10054687e+001 4.60069447e+001 1.70059117e+001 1.00799822e+003 1.00400306e+003 4.00435914e+000 1.99946486e+000 2.89984940e+001 0.00000000e+000 0.00000000e+000 0.00000000e+000 1.00000000e+000
 1.00000000e+000 4.30000176e+001 2.80010598e+001 1.90023775e+001 1.09940381e+001 5.09967734e+001 1.49960089e+001 1.00799314e+003 1.00298953e+003 3.99803380e+000 2.00055274e+000 2.29941002e+001 1.00000000e+000 0.00000000e+000 0.00000000e+000 0.00000000e+000
 1.00000000e+000 4.50051793e+001 2.89862568e+001 1.70038515e+001 9.98462118e+000 4.49969451e+001 1.29986943e+001 1.00500296e+003 9.99992725e+002 6.00156638e+000 9.97508021e-001 3.40035756e+001 0.00000000e+000 0.00000000e+000 0.00000000e+000 1.00000000e+000
 1.00000000e+000 4.80220624e+001 3.09819206e+001 1.70226249e+001 9.00169334e+000 3.99814707e+001 9.99499633e+000 1.00301099e+003 9.98993762e+002 5.01036815e+000 9.99712920e-001 3.89783580e+001 0.00000000e+000 0.00000000e+000 0.00000000e+000 1.00000000e+000
 1.00000000e+000 4.79939132e+001 3.50032915e+001 1.60010662e+001 9.00145164e+000 2.90022786e+001 1.09968835e+001 1.00298306e+003 9.98980087e+002 4.99709906e+000 1.00114561e+000 2.89988601e+001 0.00000000e+000 0.00000000e+000 0.00000000e+000 1.00000000e+000
 1.00000000e+000 4.09984734e+001 3.30007232e+001 2.10032680e+001 1.49940303e+001 4.40073412e+001 2.19985213e+001 1.00797788e+003 1.00198746e+003 3.99686547e+000 1.00208404e+000 3.19982369e+001 1.00000000e+000 0.00000000e+000 0.00000000e+000 0.00000000e+000
 1.00000000e+000 4.39892060e+001 2.90259736e+001 1.89827547e+001 1.49818634e+001 5.50204104e+001 1.80056055e+001 1.00496761e+003 9.99979503e+002 4.00246967e+000 2.99924416e+000 3.40104560e+001 0.00000000e+000 0.00000000e+000 0.00000000e+000 1.00000000e+000
 1.00000000e+000 4.50034923e+001 3.39975685e+001 1.99978045e+001 1.69965690e+001 4.40078147e+001 2.00025109e+001 1.00398795e+003 9.98993404e+002 3.99255420e+000 2.99983656e+000 2.69936529e+001 0.00000000e+000 0.00000000e+000 0.00000000e+000 1.00000000e+000
 1.00000000e+000 4.70008365e+001 3.39977440e+001 2.00039688e+001 1.59950983e+001 4.10031154e+001 1.79943595e+001 1.00098707e+003 9.97990796e+002 4.00447861e+000 3.00279137e+000 2.89935495e+001 0.00000000e+000 0.00000000e+000 0.00000000e+000 1.00000000e+000
 1.00000000e+000 4.70010958e+001 3.39970725e+001 2.19997595e+001 1.69950347e+001 4.09999735e+001 1.89974247e+001 1.00099076e+003 9.96989894e+002 4.99915691e+000 3.00012807e+000 3.19961255e+001 0.00000000e+000 0.00000000e+000 0.00000000e+000 1.00000000e+000
 1.00000000e+000 4.90066331e+001 3.39962592e+001 2.20161783e+001 1.49933660e+001 3.79820455e+001 1.40013519e+001 9.98994789e+002 9.93992270e+002 4.99658586e+000 2.99484850e+000 2.89872411e+001 0.00000000e+000 0.00000000e+000 0.00000000e+000 1.00000000e+000
 1.00000000e+000 4.80006930e+001 3.59983791e+001 2.70002174e+001 1.49972385e+001 4.80024064e+001 1.99970094e+001 9.96993099e+002 9.90991215e+002 4.00096237e+000 1.00107213e+000 3.19978829e+001 0.00000000e+000 0.00000000e+000 0.00000000e+000 1.00000000e+000
 1.00000000e+000 4.39947934e+001 3.30010932e+001 2.70053773e+001 2.39895347e+001 6.59890786e+001 3.59971177e+001 9.96995149e+002 9.92987135e+002 3.99552397e+000 1.99821750e+000 2.89967176e+001 0.00000000e+000 0.00000000e+000 0.00000000e+000 1.00000000e+000
 1.00000000e+000 3.90062597e+001 3.09928026e+001 2.60145410e+001 2.29814268e+001 6.99903064e+001 4.39862843e+001 1.00000435e+003 9.95005798e+002 4.03164703e+000 3.01432949e+000 3.40051745e+001 0.00000000e+000 0.00000000e+000 0.00000000e+000 1.00000000e+000
 1.00000000e+000 4.30056127e+001 2.89962920e+001 2.80040847e+001 2.29975961e+001 8.39954896e+001 3.79993363e+001 9.99996179e+002 9.94993291e+002 4.00264559e+000 2.99951282e+000 3.19937412e+001 0.00000000e+000 0.00000000e+000 0.00000000e+000 1.00000000e+000
 1.00000000e+000 4.00021128e+001 2.90000200e+001 2.79983839e+001 2.49982860e+001 8.40010773e+001 4.49978607e+001 9.98991888e+002 9.94990166e+002 3.99893909e+000 3.00160967e+000 3.69931623e+001 0.00000000e+000 0.00000000e+000 0.00000000e+000 1.00000000e+000
 1.00000000e+000 3.89853240e+001 2.90164098e+001 2.99805043e+001 2.49964117e+001 9.40118612e+001 4.69862994e+001 9.99960777e+002 9.94982690e+002 4.99838258e+000 2.00669820e+000 1.85018228e+002 0.00000000e+000 0.00000000e+000 0.00000000e+000 1.00000000e+000
 1.00000000e+000 3.49976614e+001 2.29997355e+001 2.79965535e+001 2.19928258e+001 1.00001029e+002 5.20021864e+001 1.00098688e+003 9.96989275e+002 5.98920523e+000 9.98207677e-001 2.39969737e+001 1.00000000e+000 0.00000000e+000 0.00000000e+000 0.00000000e+000
 1.00000000e+000 3.30011139e+001 2.20001129e+001 2.79939037e+001 2.09911266e+001 1.00004984e+002 4.89973459e+001 1.00198376e+003 9.95990646e+002 4.99417944e+000 1.00048520e+000 2.90015954e+001 0.00000000e+000 1.00000000e+000 0.00000000e+000 0.00000000e+000
 1.00000000e+000 3.19999941e+001 2.10035133e+001 2.69955457e+001 1.89986947e+001 1.00003206e+002 5.79973713e+001 1.00398556e+003 9.97990644e+002 3.99906829e+000 1.00082966e+000 2.30011736e+001 1.00000000e+000 0.00000000e+000 0.00000000e+000 0.00000000e+000
 1.00000000e+000 3.60064034e+001 2.69964570e+001 2.70043693e+001 1.89972637e+001 9.39954862e+001 4.89989074e+001 1.00199645e+003 9.96992404e+002 5.00054780e+000 9.99346500e-001 3.69921424e+001 1.00000000e+000 0.00000000e+000 0.00000000e+000 0.00000000e+000
 1.00000000e+000 3.50099884e+001 2.69970431e+001 2.70007572e+001 2.20042591e+001 8.90037251e+001 4.69951158e+001 1.00298616e+003 9.98985857e+002 4.00440208e+000 1.00357256e+000 2.59947623e+001 0.00000000e+000 0.00000000e+000 0.00000000e+000 1.00000000e+000
 1.00000000e+000 3.19984049e+001 2.70031277e+001 2.59947735e+001 2.10001601e+001 8.90026342e+001 5.79919689e+001 1.00299340e+003 9.99989584e+002 7.00044899e+000 1.00245323e+000 3.19976440e+001 0.00000000e+000 0.00000000e+000 0.00000000e+000 1.00000000e+000
 1.00000000e+000 3.80058345e+001 2.79976672e+001 2.80011109e+001 2.39959005e+001 8.89997598e+001 4.99982712e+001 1.00399350e+003 9.98991230e+002 5.00032582e+000 1.99974842e+000 2.89945536e+001 0.00000000e+000 0.00000000e+000 0.00000000e+000 1.00000000e+000
 1.00000000e+000 3.69994088e+001 3.10074877e+001 2.79986060e+001 2.50043519e+001 7.90007647e+001 4.99990173e+001 1.00498514e+003 1.00198735e+003 4.99929490e+000 4.00128115e+000 3.39918749e+001 0.00000000e+000 0.00000000e+000 0.00000000e+000 1.00000000e+000
 1.00000000e+000 3.80160397e+001 2.99298517e+001 2.70365083e+001 2.49885661e+001 7.49853616e+001 4.70011183e+001 1.00504745e+003 1.00000079e+003 4.98018119e+000 3.99633925e+000 3.39776890e+001 0.00000000e+000 0.00000000e+000 0.00000000e+000 1.00000000e+000
 1.00000000e+000 4.00031273e+001 2.89980076e+001 2.80020967e+001 2.39977046e+001 7.49980998e+001 4.19988951e+001 1.00299295e+003 9.97991376e+002 7.00027806e+000 2.99947962e+000 2.69955297e+001 0.00000000e+000 0.00000000e+000 0.00000000e+000 1.00000000e+000
 1.00000000e+000 3.70002714e+001 2.70006290e+001 2.89953055e+001 2.29964738e+001 9.40019158e+001 4.39972964e+001 1.00298587e+003 9.97989369e+002 4.99772582e+000 3.00097802e+000 3.39991377e+001 1.00000000e+000 0.00000000e+000 0.00000000e+000 0.00000000e+000
 1.00000000e+000 3.69902141e+001 2.90102855e+001 2.79868144e+001 2.39993196e+001 8.90071145e+001 5.29963629e+001 1.00096893e+003 9.95983483e+002 5.99058665e+000 3.00315719e+000 3.40037326e+001 1.00000000e+000 0.00000000e+000 0.00000000e+000 0.00000000e+000
 1.00000000e+000 3.20060325e+001 2.79972804e+001 2.90003804e+001 2.49987561e+001 9.99981085e+001 7.39947721e+001 9.99990208e+002 9.96990180e+002 4.99852251e+000 2.00047240e+000 2.89937660e+001 0.00000000e+000 0.00000000e+000 0.00000000e+000 1.00000000e+000
 1.00000000e+000 3.49994802e+001 2.69984568e+001 2.89925214e+001 2.29906526e+001 1.00003687e+002 5.90000446e+001 1.00097834e+003 9.97985522e+002 4.99614676e+000 2.00285119e+000 2.70038990e+001 0.00000000e+000 1.00000000e+000 0.00000000e+000 0.00000000e+000
 1.00000000e+000 3.80002784e+001 2.99994104e+001 2.89959638e+001 2.29997398e+001 9.40024671e+001 4.69973438e+001 1.00098912e+003 9.94986317e+002 6.99975431e+000 3.00140853e+000 2.69969863e+001 0.00000000e+000 0.00000000e+000 0.00000000e+000 1.00000000e+000
 1.00000000e+000 3.69997822e+001 2.99997313e+001 2.69956046e+001 2.39974499e+001 7.50019597e+001 4.99971083e+001 9.97986129e+002 9.93987956e+002 4.99667673e+000 4.00109706e+000 2.89985868e+001 0.00000000e+000 0.00000000e+000 0.00000000e+000 1.00000000e+000
 1.00000000e+000 3.70012518e+001 2.89989113e+001 2.69978012e+001 2.09952366e+001 8.40010880e+001 4.39981396e+001 9.96989067e+002 9.93989017e+002 4.99774876e+000 3.00023844e+000 3.39976738e+001 0.00000000e+000 0.00000000e+000 0.00000000e+000 1.00000000e+000
 1.00000000e+000 3.40139629e+001 2.60074598e+001 2.69948710e+001 2.29893877e+001 9.99999276e+001 5.90000943e+001 9.97992522e+002 9.94983960e+002 4.00435938e+000 1.99663062e+000 2.69955506e+001 1.00000000e+000 0.00000000e+000 0.00000000e+000 0.00000000e+000
 1.00000000e+000 3.30033452e+001 2.69977051e+001 2.99992961e+001 2.49986178e+001 1.00000150e+002 6.59975233e+001 9.97989326e+002 9.93987774e+002 2.99975630e+000 1.00098772e+000 2.29949672e+001 1.00000000e+000 0.00000000e+000 0.00000000e+000 0.00000000e+000
 1.00000000e+000 3.70002928e+001 2.79996544e+001 2.89981518e+001 2.39963911e+001 9.99995154e+001 5.29981155e+001 9.95986940e+002 9.92990284e+002 4.99963670e+000 1.00007108e+000 1.41994904e+002 1.00000000e+000 0.00000000e+000 0.00000000e+000 0.00000000e+000
 1.00000000e+000 3.79991293e+001 2.90075908e+001 2.89984589e+001 2.60044131e+001 9.39992338e+001 5.99927517e+001 9.97994122e+002 9.94991719e+002 4.00448449e+000 2.00316871e+000 1.60014269e+001 0.00000000e+000 1.00000000e+000 0.00000000e+000 0.00000000e+000
 1.00000000e+000 3.80034291e+001 2.80127499e+001 2.89974698e+001 2.19981304e+001 8.90020147e+001 5.29927223e+001 9.98988250e+002 9.95995350e+002 4.00566901e+000 2.00305294e+000 2.69965770e+001 0.00000000e+000 0.00000000e+000 0.00000000e+000 1.00000000e+000
 1.00000000e+000 3.60108460e+001 2.90085821e+001 2.69996387e+001 2.19858433e+001 8.89934675e+001 4.39643497e+001 9.99971266e+002 9.95989555e+002 5.02110894e+000 3.01181819e+000 3.40006927e+001 0.00000000e+000 1.00000000e+000 0.00000000e+000 0.00000000e+000
 1.00000000e+000 3.29999943e+001 2.79915062e+001 2.59949130e+001 2.19920998e+001 8.40022902e+001 5.20031181e+001 9.98985822e+002 9.95974562e+002 4.99752069e+000 3.99834816e+000 2.89994368e+001 1.00000000e+000 0.00000000e+000 0.00000000e+000 0.00000000e+000
 1.00000000e+000 3.40077067e+001 2.70010991e+001 2.80005649e+001 2.19968821e+001 8.90003531e+001 5.49982536e+001 9.98991758e+002 9.95990801e+002 5.00268789e+000 3.00052790e+000 2.69916084e+001 0.00000000e+000 1.00000000e+000 0.00000000e+000 0.00000000e+000
 1.00000000e+000 3.90022315e+001 2.90043656e+001 2.89917243e+001 2.49969876e+001 9.40069806e+001 4.69955592e+001 9.99987433e+002 9.95995927e+002 3.99814096e+000 3.00484710e+000 1.89956130e+001 0.00000000e+000 0.00000000e+000 0.00000000e+000 1.00000000e+000
 1.00000000e+000 4.10022583e+001 2.79996047e+001 2.99975632e+001 2.29962803e+001 9.40002436e+001 3.99972676e+001 9.99988281e+002 9.93989754e+002 4.00018402e+000 1.00270715e+000 1.89968829e+001 0.00000000e+000 0.00000000e+000 0.00000000e+000 1.00000000e+000
 1.00000000e+000 3.70075788e+001 2.79827651e+001 3.00242816e+001 6.00131135e+000 9.99863297e+001 2.50110883e+001 9.98034633e+002 9.95000885e+002 3.00581012e+000 1.99032787e+000 2.89906061e+001 1.00000000e+000 0.00000000e+000 0.00000000e+000 0.00000000e+000
 1.00000000e+000 3.50044702e+001 2.39991123e+001 2.89973615e+001 2.09936397e+001 9.99984297e+001 5.90003109e+001 9.99987341e+002 9.94991466e+002 4.00110033e+000 2.00378022e+000 2.89967388e+001 1.00000000e+000 0.00000000e+000 0.00000000e+000 0.00000000e+000
 1.00000000e+000 3.70034366e+001 2.59989274e+001 2.89983320e+001 2.09959974e+001 1.00000182e+002 5.19976939e+001 9.99989351e+002 9.95990046e+002 3.00177734e+000 2.00270308e+000 2.69954175e+001 1.00000000e+000 0.00000000e+000 0.00000000e+000 0.00000000e+000
 1.00000000e+000 3.69845311e+001 2.70229121e+001 2.89852944e+001 2.39906239e+001 1.00007108e+002 5.59891978e+001 1.00098221e+003 9.95972388e+002 3.99199711e+000 2.00300308e+000 1.60078426e+001 1.00000000e+000 0.00000000e+000 0.00000000e+000 0.00000000e+000
 1.00000000e+000 3.70022045e+001 2.90013775e+001 2.79930052e+001 2.49961777e+001 8.89992930e+001 4.99964281e+001 9.99986739e+002 9.95989721e+002 4.99652376e+000 3.00083011e+000 1.90003267e+001 0.00000000e+000 0.00000000e+000 0.00000000e+000 1.00000000e+000
 1.00000000e+000 3.79998986e+001 3.00045031e+001 2.90015432e+001 2.49917875e+001 7.89958204e+001 4.99986118e+001 1.00098852e+003 9.97984071e+002 3.99185662e+000 2.99916039e+000 2.59888495e+001 1.00000000e+000 0.00000000e+000 0.00000000e+000 0.00000000e+000
 1.00000000e+000 3.90007416e+001 3.10008956e+001 2.79978449e+001 2.29975752e+001 7.90025965e+001 4.19997322e+001 1.00098745e+003 9.97988957e+002 4.99644196e+000 2.99903589e+000 2.89980077e+001 0.00000000e+000 0.00000000e+000 0.00000000e+000 1.00000000e+000
 1.00000000e+000 3.80091514e+001 3.09967091e+001 2.49991159e+001 2.30045283e+001 6.30055674e+001 4.39941156e+001 1.00101031e+003 9.97993735e+002 5.00849383e+000 3.00361867e+000 3.19856298e+001 0.00000000e+000 0.00000000e+000 0.00000000e+000 1.00000000e+000
 1.00000000e+000 3.79984290e+001 2.90069326e+001 2.69978650e+001 2.19852245e+001 7.89977552e+001 4.19927735e+001 1.00098448e+003 9.96990341e+002 4.99188812e+000 2.00129744e+000 2.89957166e+001 0.00000000e+000 0.00000000e+000 0.00000000e+000 1.00000000e+000
 1.00000000e+000 3.70023109e+001 3.09993578e+001 2.59941919e+001 2.29955223e+001 7.00045030e+001 4.69961108e+001 1.00098736e+003 9.97986339e+002 3.99757234e+000 4.00249038e+000 2.29944165e+001 0.00000000e+000 1.00000000e+000 0.00000000e+000 0.00000000e+000
 1.00000000e+000 3.50019878e+001 2.99970618e+001 2.70000518e+001 2.19929418e+001 7.90032936e+001 4.90007207e+001 1.00399200e+003 9.99988875e+002 4.99681095e+000 3.99880304e+000 2.29965473e+001 0.00000000e+000 0.00000000e+000 0.00000000e+000 1.00000000e+000
 1.00000000e+000 3.50030441e+001 2.89987545e+001 2.79990290e+001 2.19963540e+001 8.90000251e+001 5.59966442e+001 1.00499241e+003 1.00098976e+003 5.00076019e+000 3.00051237e+000 2.59966482e+001 0.00000000e+000 0.00000000e+000 0.00000000e+000 1.00000000e+000
 1.00000000e+000 3.80025059e+001 2.89992585e+001 2.69991017e+001 2.19966753e+001 8.90002819e+001 3.89984175e+001 1.00399031e+003 9.97990159e+002 5.00018092e+000 3.00071952e+000 2.69968043e+001 0.00000000e+000 1.00000000e+000 0.00000000e+000 0.00000000e+000
 1.00000000e+000 4.00034280e+001 2.99966785e+001 2.59971970e+001 2.19923664e+001 7.90037505e+001 3.70017806e+001 1.00098883e+003 9.96988247e+002 3.99486621e+000 2.99897367e+000 3.19964584e+001 0.00000000e+000 0.00000000e+000 0.00000000e+000 1.00000000e+000
 1.00000000e+000 3.99882103e+001 2.90161522e+001 2.59935312e+001 2.10127977e+001 7.90014006e+001 3.99885353e+001 9.99980185e+002 9.96987025e+002 4.98582420e+000 3.00324228e+000 2.90029089e+001 0.00000000e+000 0.00000000e+000 0.00000000e+000 1.00000000e+000
 1.00000000e+000 3.60009297e+001 2.60013641e+001 2.69983447e+001 2.29967197e+001 9.40002169e+001 5.59994135e+001 1.00198549e+003 9.97991061e+002 4.99664552e+000 1.99957403e+000 2.29998118e+001 0.00000000e+000 0.00000000e+000 0.00000000e+000 1.00000000e+000
 1.00000000e+000 3.60110720e+001 2.60002167e+001 2.90020442e+001 2.49970853e+001 1.00005340e+002 6.29987505e+001 1.00398522e+003 9.98989408e+002 3.00098755e+000 2.00225078e+000 1.39835563e+001 0.00000000e+000 0.00000000e+000 0.00000000e+000 1.00000000e+000
 1.00000000e+000 3.90001592e+001 2.90032037e+001 2.79965037e+001 2.29968102e+001 9.40025544e+001 4.39978730e+001 1.00498730e+003 1.00099068e+003 4.99823443e+000 2.00148904e+000 1.39981761e+001 1.00000000e+000 0.00000000e+000 0.00000000e+000 0.00000000e+000
 1.00000000e+000 3.90050566e+001 2.99979224e+001 2.70026022e+001 2.29970968e+001 7.89986514e+001 4.40001135e+001 1.00399553e+003 9.98991568e+002 3.00192142e+000 1.99947352e+000 2.59943410e+001 0.00000000e+000 0.00000000e+000 0.00000000e+000 1.00000000e+000
 1.00000000e+000 3.69992366e+001 2.60007766e+001 2.69946864e+001 2.19993081e+001 9.40039663e+001 4.99980976e+001 1.00198798e+003 9.97989154e+002 3.99469904e+000 2.00124764e+000 2.39969341e+001 0.00000000e+000 0.00000000e+000 0.00000000e+000 1.00000000e+000
 1.00000000e+000 2.90022340e+001 2.39989355e+001 2.69976911e+001 2.09976994e+001 9.40008436e+001 7.39950843e+001 1.00198931e+003 9.98990427e+002 3.99930329e+000 2.00189728e+000 2.59971897e+001 1.00000000e+000 0.00000000e+000 0.00000000e+000 0.00000000e+000
 1.00000000e+000 3.00032264e+001 2.49996951e+001 2.69978639e+001 2.29980213e+001 1.00001529e+002 7.39958346e+001 1.00399123e+003 9.99990775e+002 5.00021912e+000 1.00112106e+000 1.09976139e+001 1.00000000e+000 0.00000000e+000 0.00000000e+000 0.00000000e+000
 1.00000000e+000 3.40340690e+001 2.59674732e+001 2.80157067e+001 2.39965821e+001 9.99939973e+001 5.89889457e+001 1.00101801e+003 9.95992859e+002 3.99777172e+000 1.99882934e+000 1.89773123e+001 0.00000000e+000 1.00000000e+000 0.00000000e+000 0.00000000e+000
 1.00000000e+000 3.50029297e+001 2.69994115e+001 2.69992864e+001 2.29970518e+001 9.40007060e+001 5.49981621e+001 9.98989738e+002 9.95990350e+002 3.99889601e+000 2.00042611e+000 1.89966578e+001 1.00000000e+000 0.00000000e+000 0.00000000e+000 0.00000000e+000
 1.00000000e+000 3.70064604e+001 2.79964281e+001 2.80034663e+001 2.39972407e+001 8.89967407e+001 4.69992173e+001 9.99997572e+002 9.96992508e+002 5.00065096e+000 2.99898517e+000 1.89939265e+001 1.00000000e+000 0.00000000e+000 0.00000000e+000 0.00000000e+000
 1.00000000e+000 3.70049948e+001 2.99975721e+001 2.80011178e+001 2.19972770e+001 8.89989888e+001 4.19980269e+001 1.00099261e+003 9.96990796e+002 5.00127683e+000 3.00055841e+000 2.09948376e+001 0.00000000e+000 0.00000000e+000 0.00000000e+000 1.00000000e+000
 1.00000000e+000 3.60048733e+001 2.99971474e+001 2.50026441e+001 1.89965722e+001 7.00000615e+001 4.10022818e+001 9.98988608e+002 9.95991904e+002 4.99600375e+000 3.99860273e+000 2.59946075e+001 0.00000000e+000 0.00000000e+000 0.00000000e+000 1.00000000e+000
 1.00000000e+000 3.49939023e+001 2.80179162e+001 2.49888735e+001 2.09985438e+001 7.89926595e+001 4.90112558e+001 9.99978547e+002 9.96986697e+002 4.98942615e+000 3.98895273e+000 2.60083066e+001 0.00000000e+000 0.00000000e+000 0.00000000e+000 1.00000000e+000
 1.00000000e+000 3.79960837e+001 2.60071063e+001 2.70026828e+001 2.30000623e+001 9.40003887e+001 4.39964912e+001 1.00098915e+003 9.97994783e+002 4.99918488e+000 3.99971708e+000 1.39967922e+001 0.00000000e+000 0.00000000e+000 0.00000000e+000 1.00000000e+000
 1.00000000e+000 3.70008794e+001 2.89973078e+001 2.79992769e+001 2.09973602e+001 7.40006109e+001 4.39930759e+001 9.99988445e+002 9.95989593e+002 4.99743790e+000 4.00182937e+000 2.69957558e+001 0.00000000e+000 0.00000000e+000 0.00000000e+000 1.00000000e+000
 1.00000000e+000 3.50051575e+001 2.89977433e+001 2.70007244e+001 1.99964771e+001 7.00003598e+001 5.19973313e+001 9.98990575e+002 9.94989990e+002 5.00244451e+000 4.00055896e+000 2.39960843e+001 0.00000000e+000 0.00000000e+000 0.00000000e+000 1.00000000e+000
 1.00000000e+000 3.50099110e+001 2.79973016e+001 2.40105661e+001 1.99968304e+001 7.39906853e+001 4.59951202e+001 9.99004034e+002 9.94993802e+002 5.00583260e+000 3.99993714e+000 2.39863566e+001 0.00000000e+000 0.00000000e+000 0.00000000e+000 1.00000000e+000
 1.00000000e+000 3.49998404e+001 2.80008257e+001 2.49939039e+001 2.00024946e+001 6.60113828e+001 4.90026124e+001 1.00098218e+003 9.96992133e+002 3.99713358e+000 3.00028011e+000 2.40026425e+001 0.00000000e+000 0.00000000e+000 0.00000000e+000 1.00000000e+000
 1.00000000e+000 3.49818944e+001 2.60111441e+001 2.29871112e+001 1.90432120e+001 7.39711971e+001 4.09496132e+001 1.00100527e+003 9.98030559e+002 5.04720243e+000 4.02919845e+000 3.40178066e+001 0.00000000e+000 0.00000000e+000 0.00000000e+000 1.00000000e+000
 1.00000000e+000 3.79978370e+001 2.80029303e+001 2.29900106e+001 1.79985586e+001 6.20130780e+001 3.89990839e+001 9.99977815e+002 9.97993188e+002 4.99767966e+000 4.00185077e+000 2.70080062e+001 0.00000000e+000 0.00000000e+000 0.00000000e+000 1.00000000e+000
 1.00000000e+000 3.80209392e+001 2.79844541e+001 2.30168133e+001 1.80086108e+001 6.19958715e+001 3.50069509e+001 1.00101612e+003 9.97994012e+002 4.01053789e+000 3.99411551e+000 2.69822721e+001 0.00000000e+000 0.00000000e+000 0.00000000e+000 1.00000000e+000
 1.00000000e+000 3.80007987e+001 2.69947160e+001 2.29970091e+001 1.70018180e+001 6.20007348e+001 3.69936296e+001 1.00299164e+003 9.98990397e+002 4.99611237e+000 3.00272529e+000 3.20049417e+001 0.00000000e+000 0.00000000e+000 0.00000000e+000 1.00000000e+000
 1.00000000e+000 3.20079201e+001 2.59932454e+001 2.60109737e+001 1.99986237e+001 9.99943902e+001 6.60022325e+001 1.00498383e+003 1.00198603e+003 5.01014220e+000 1.99824854e+000 1.89987435e+001 0.00000000e+000 0.00000000e+000 0.00000000e+000 1.00000000e+000
 1.00000000e+000 3.50056044e+001 2.69962100e+001 2.60030987e+001 1.99909652e+001 8.89948539e+001 4.10012541e+001 1.00699983e+003 1.00399160e+003 4.99836383e+000 2.99317084e+000 2.30023312e+001 0.00000000e+000 1.00000000e+000 0.00000000e+000 0.00000000e+000
 1.00000000e+000 3.50076549e+001 2.79944625e+001 2.50064721e+001 1.99979745e+001 8.39977241e+001 4.39983389e+001 1.00599868e+003 1.00199290e+003 5.00260733e+000 3.99863636e+000 2.39916261e+001 0.00000000e+000 0.00000000e+000 0.00000000e+000 1.00000000e+000
 1.00000000e+000 3.39997136e+001 2.69995572e+001 2.50006832e+001 2.00024170e+001 7.40052165e+001 4.60000372e+001 1.00499684e+003 1.00099358e+003 4.99618091e+000 3.99938680e+000 3.39893579e+001 0.00000000e+000 0.00000000e+000 0.00000000e+000 1.00000000e+000
 1.00000000e+000 3.70044038e+001 2.59983904e+001 2.59999407e+001 2.19976086e+001 9.39997149e+001 4.69984700e+001 1.00499187e+003 1.00199077e+003 4.99975627e+000 4.00042383e+000 1.39960154e+001 0.00000000e+000 1.00000000e+000 0.00000000e+000 0.00000000e+000
 1.00000000e+000 3.70038570e+001 2.99982999e+001 2.69999995e+001 2.09975899e+001 8.40003177e+001 4.39987531e+001 1.00699115e+003 1.00399095e+003 5.99938716e+000 3.00028595e+000 2.59960070e+001 0.00000000e+000 1.00000000e+000 0.00000000e+000 0.00000000e+000
 1.00000000e+000 3.50033277e+001 2.90031961e+001 2.79941453e+001 1.79921745e+001 8.90042725e+001 4.89935209e+001 1.00798062e+003 1.00298260e+003 4.99469647e+000 2.00246053e+000 1.89930624e+001 0.00000000e+000 0.00000000e+000 0.00000000e+000 1.00000000e+000
 1.00000000e+000 3.89996784e+001 2.79979135e+001 2.69929936e+001 2.10019940e+001 8.90059583e+001 3.49979508e+001 1.00498660e+003 9.99985174e+002 5.00304054e+000 3.00314353e+000 2.59987130e+001 0.00000000e+000 1.00000000e+000 0.00000000e+000 0.00000000e+000
 1.00000000e+000 3.80004844e+001 2.70017318e+001 2.69944502e+001 1.59972821e+001 7.90032814e+001 4.69953500e+001 1.00498174e+003 1.00098947e+003 4.99794644e+000 2.00293532e+000 1.89983144e+001 0.00000000e+000 0.00000000e+000 0.00000000e+000 1.00000000e+000
 1.00000000e+000 3.40045171e+001 2.69988548e+001 2.49998151e+001 1.99976693e+001 8.90010507e+001 4.89975075e+001 1.00598866e+003 1.00199011e+003 5.00001092e+000 3.00087865e+000 2.29956230e+001 0.00000000e+000 1.00000000e+000 0.00000000e+000 0.00000000e+000
 1.00000000e+000 3.49972924e+001 2.70027806e+001 2.59991677e+001 2.10000752e+001 8.90006167e+001 4.69990957e+001 1.00498755e+003 1.00099506e+003 4.99798021e+000 1.99754706e+000 1.59969766e+001 0.00000000e+000 0.00000000e+000 0.00000000e+000 1.00000000e+000
 1.00000000e+000 3.59933875e+001 2.79935580e+001 2.60009781e+001 2.09869324e+001 8.89874775e+001 4.39926472e+001 1.00397977e+003 9.99981673e+002 4.99632149e+000 3.99569524e+000 1.89875846e+001 0.00000000e+000 0.00000000e+000 0.00000000e+000 1.00000000e+000
 1.00000000e+000 3.20045949e+001 2.79959491e+001 2.70005907e+001 1.99964587e+001 8.89998669e+001 5.20000663e+001 1.00399367e+003 9.99989858e+002 4.99775524e+000 2.99886139e+000 2.59944427e+001 0.00000000e+000 0.00000000e+000 0.00000000e+000 1.00000000e+000
 1.00000000e+000 3.50039546e+001 2.69986601e+001 2.50015649e+001 2.09967618e+001 8.39985320e+001 4.69978856e+001 1.00299258e+003 9.98990423e+002 3.99981413e+000 2.00030154e+000 1.89947395e+001 0.00000000e+000 0.00000000e+000 0.00000000e+000 1.00000000e+000
 1.00000000e+000 3.60026262e+001 2.69927271e+001 2.59968972e+001 1.99976824e+001 8.90049455e+001 4.69959771e+001 1.00399653e+003 9.99996762e+002 3.98839914e+000 3.00204230e+000 2.29950873e+001 0.00000000e+000 0.00000000e+000 0.00000000e+000 1.00000000e+000
 1.00000000e+000 3.69994819e+001 2.60020203e+001 2.69959535e+001 2.19967118e+001 8.40035288e+001 4.39978603e+001 1.00298601e+003 9.98989096e+002 3.99801432e+000 2.00129619e+000 1.90000741e+001 0.00000000e+000 0.00000000e+000 0.00000000e+000 1.00000000e+000
 1.00000000e+000 3.60029603e+001 2.89997269e+001 2.79996780e+001 2.10000365e+001 8.90007227e+001 4.39974307e+001 1.00199000e+003 9.96991850e+002 3.00042031e+000 1.00126062e+000 1.39963880e+001 0.00000000e+000 0.00000000e+000 0.00000000e+000 1.00000000e+000
 1.00000000e+000 3.80001506e+001 2.80025946e+001 2.59963823e+001 1.59985217e+001 7.90026309e+001 2.89993633e+001 9.98989599e+002 9.94990228e+002 5.99883439e+000 2.00054865e+000 3.19994433e+001 0.00000000e+000 0.00000000e+000 0.00000000e+000 1.00000000e+000
 1.00000000e+000 3.30008485e+001 2.69999175e+001 2.79977278e+001 1.89956406e+001 9.40024819e+001 5.09991950e+001 1.00098097e+003 9.96988736e+002 3.99658607e+000 3.00092725e+000 1.89989029e+001 0.00000000e+000 0.00000000e+000 0.00000000e+000 1.00000000e+000
 1.00000000e+000 3.50030085e+001 2.60051637e+001 2.80074283e+001 1.79875615e+001 9.39877158e+001 4.39938344e+001 1.00198879e+003 9.97987519e+002 4.99950307e+000 3.00004608e+000 1.59921593e+001 0.00000000e+000 1.00000000e+000 0.00000000e+000 0.00000000e+000
 1.00000000e+000 3.79999870e+001 2.60005285e+001 2.59957959e+001 1.99976559e+001 1.00002409e+002 3.69986238e+001 1.00398695e+003 9.99988657e+002 6.99676458e+000 3.00126032e+000 1.39987330e+001 0.00000000e+000 0.00000000e+000 0.00000000e+000 1.00000000e+000
 1.00000000e+000 3.59986843e+001 2.70154697e+001 2.59891046e+001 1.59970501e+001 7.40186041e+001 4.40039365e+001 1.00599892e+003 1.00199467e+003 6.00822306e+000 3.00055716e+000 2.29988317e+001 0.00000000e+000 0.00000000e+000 0.00000000e+000 1.00000000e+000
 1.00000000e+000 3.70024459e+001 2.70008322e+001 2.79956368e+001 1.49965991e+001 8.90026476e+001 3.39975853e+001 1.00598415e+003 1.00198902e+003 4.99879943e+000 4.00171622e+000 2.69971637e+001 0.00000000e+000 0.00000000e+000 0.00000000e+000 1.00000000e+000
 1.00000000e+000 3.69996091e+001 2.60029460e+001 2.59961142e+001 1.59977226e+001 9.40023283e+001 3.99977610e+001 1.00698957e+003 1.00298934e+003 6.99887472e+000 4.00030669e+000 2.69996041e+001 1.00000000e+000 0.00000000e+000 0.00000000e+000 0.00000000e+000
 1.00000000e+000 3.70014680e+001 2.50000648e+001 2.69992274e+001 1.99988019e+001 9.39995882e+001 4.19993435e+001 1.00598894e+003 1.00198944e+003 6.00021732e+000 3.00054853e+000 2.39988564e+001 1.00000000e+000 0.00000000e+000 0.00000000e+000 0.00000000e+000
 1.00000000e+000 3.60024237e+001 2.49986771e+001 2.49998200e+001 1.99985873e+001 8.89999870e+001 4.89989834e+001 1.00699153e+003 1.00299103e+003 5.99980061e+000 3.00019028e+000 2.69971965e+001 0.00000000e+000 0.00000000e+000 0.00000000e+000 1.00000000e+000
 1.00000000e+000 3.29976865e+001 2.40033256e+001 2.59951949e+001 2.09973116e+001 1.00001687e+002 6.59960744e+001 1.00798485e+003 1.00398795e+003 3.99667590e+000 3.00091881e+000 2.30004003e+001 0.00000000e+000 0.00000000e+000 0.00000000e+000 1.00000000e+000
 1.00000000e+000 3.30020785e+001 2.50001854e+001 2.79985788e+001 2.39987890e+001 1.00000050e+002 6.29974988e+001 1.00598870e+003 1.00199006e+003 4.99974611e+000 2.00086883e+000 1.39987266e+001 0.00000000e+000 1.00000000e+000 0.00000000e+000 0.00000000e+000
 1.00000000e+000 3.69997380e+001 2.49994056e+001 2.69976647e+001 2.29988695e+001 9.40020393e+001 4.69987001e+001 1.00598867e+003 1.00199226e+003 4.99835112e+000 3.00184681e+000 1.89978851e+001 0.00000000e+000 0.00000000e+000 0.00000000e+000 1.00000000e+000
 1.00000000e+000 3.80001260e+001 2.70034021e+001 2.79975499e+001 2.29980024e+001 9.40006114e+001 4.39967773e+001 1.00798501e+003 1.00399102e+003 5.00017466e+000 2.00182808e+000 1.40004930e+001 0.00000000e+000 0.00000000e+000 0.00000000e+000 1.00000000e+000
 1.00000000e+000 3.90011455e+001 2.79968938e+001 2.80041130e+001 2.29941684e+001 9.39925347e+001 3.99983856e+001 1.00699641e+003 1.00198742e+003 4.99712419e+000 2.99883692e+000 1.89948638e+001 0.00000000e+000 0.00000000e+000 0.00000000e+000 1.00000000e+000
 1.00000000e+000 3.90013708e+001 3.00050974e+001 2.99938735e+001 2.49908430e+001 8.89966712e+001 4.49972074e+001 1.00598139e+003 1.00098946e+003 4.99821405e+000 3.00502253e+000 1.59969450e+001 0.00000000e+000 0.00000000e+000 0.00000000e+000 1.00000000e+000
 1.00000000e+000 3.79978784e+001 2.80016234e+001 2.89949030e+001 2.49975762e+001 9.40036770e+001 4.99977205e+001 1.00698525e+003 1.00198829e+003 3.99823187e+000 2.00124970e+000 1.40007512e+001 0.00000000e+000 0.00000000e+000 0.00000000e+000 1.00000000e+000
 1.00000000e+000 3.89957808e+001 2.90052756e+001 2.89933976e+001 2.30056088e+001 9.40052041e+001 4.20067563e+001 1.00697118e+003 1.00197487e+003 4.98903063e+000 2.00089273e+000 1.59901908e+001 0.00000000e+000 0.00000000e+000 0.00000000e+000 1.00000000e+000
 1.00000000e+000 3.99992507e+001 2.90019271e+001 2.89976269e+001 1.69987125e+001 9.40014217e+001 2.59989872e+001 1.00598835e+003 1.00198994e+003 3.99851887e+000 3.00014491e+000 1.89997395e+001 0.00000000e+000 0.00000000e+000 0.00000000e+000 1.00000000e+000
 1.00000000e+000 3.70042323e+001 2.49981026e+001 2.30062674e+001 1.69940027e+001 8.29925989e+001 3.19972113e+001 1.00699596e+003 1.00199095e+003 5.00078966e+000 3.99946107e+000 2.59934422e+001 0.00000000e+000 0.00000000e+000 0.00000000e+000 1.00000000e+000
 1.00000000e+000 3.80015496e+001 2.69981580e+001 2.20013417e+001 1.49920678e+001 7.40010543e+001 2.50063151e+001 1.00498301e+003 1.00199701e+003 5.99074456e+000 3.99700504e+000 1.81989464e+002 0.00000000e+000 0.00000000e+000 0.00000000e+000 1.00000000e+000
 1.00000000e+000 3.30024390e+001 2.59996852e+001 2.19996818e+001 1.89982558e+001 7.80012875e+001 4.59987837e+001 1.00598982e+003 1.00299015e+003 5.99995370e+000 4.00025561e+000 2.29976335e+001 0.00000000e+000 0.00000000e+000 0.00000000e+000 1.00000000e+000
 1.00000000e+000 2.90033525e+001 2.29993393e+001 2.39999009e+001 2.09980079e+001 9.99992028e+001 6.19976767e+001 1.00799106e+003 1.00398997e+003 5.00041080e+000 3.00017846e+000 2.09971631e+001 0.00000000e+000 0.00000000e+000 0.00000000e+000 1.00000000e+000
 1.00000000e+000 3.10042263e+001 2.49990778e+001 2.49993264e+001 2.19983992e+001 9.39998784e+001 5.79969863e+001 1.00799009e+003 1.00399080e+003 4.99923243e+000 2.00041238e+000 2.09966121e+001 0.00000000e+000 1.00000000e+000 0.00000000e+000 0.00000000e+000
 1.00000000e+000 3.50050183e+001 2.39947883e+001 2.50024820e+001 1.99947543e+001 9.39982650e+001 4.40013359e+001 1.00698982e+003 1.00398673e+003 4.99724772e+000 3.99756366e+000 2.39975538e+001 0.00000000e+000 0.00000000e+000 0.00000000e+000 1.00000000e+000
 1.00000000e+000 3.49956537e+001 2.29944607e+001 2.49963105e+001 1.69937625e+001 1.00003141e+002 3.60028570e+001 1.00999213e+003 1.00598320e+003 4.98933335e+000 2.99652430e+000 2.09991859e+001 1.00000000e+000 0.00000000e+000 0.00000000e+000 0.00000000e+000
 1.00000000e+000 3.60007084e+001 2.20017880e+001 2.29981796e+001 1.29976940e+001 9.40007492e+001 2.49997593e+001 1.01198816e+003 1.00798942e+003 4.99922722e+000 1.00058205e+000 2.69983318e+001 0.00000000e+000 0.00000000e+000 0.00000000e+000 1.00000000e+000
 1.00000000e+000 3.70019313e+001 2.09960985e+001 1.89998399e+001 7.99584205e+000 8.30029866e+001 1.70002244e+001 1.00899148e+003 1.00498718e+003 4.99877019e+000 2.99999851e+000 3.39961812e+001 0.00000000e+000 0.00000000e+000 0.00000000e+000 1.00000000e+000
 1.00000000e+000 3.80125973e+001 2.09909183e+001 1.70008704e+001 8.00376748e+000 7.30106887e+001 1.60069264e+001 1.00699300e+003 1.00399456e+003 5.00608623e+000 1.99989694e+000 2.59978966e+001 0.00000000e+000 0.00000000e+000 0.00000000e+000 1.00000000e+000
 1.00000000e+000 3.89993856e+001 2.30024426e+001 1.60001111e+001 2.99600567e+000 6.49997140e+001 1.09987881e+001 1.00798783e+003 1.00498859e+003 3.99764010e+000 2.00069659e+000 1.89978191e+001 0.00000000e+000 0.00000000e+000 0.00000000e+000 1.00000000e+000
 1.00000000e+000 3.99957340e+001 2.10054867e+001 1.69942572e+001 2.99855134e+000 7.30049239e+001 1.09991503e+001 1.00898204e+003 1.00598560e+003 3.99672624e+000 2.00171715e+000 1.60012743e+001 0.00000000e+000 0.00000000e+000 0.00000000e+000 1.00000000e+000
 1.00000000e+000 3.90138878e+001 2.19904662e+001 1.70082266e+001 6.00339457e+000 6.09974057e+001 1.60054601e+001 1.00899818e+003 1.00500114e+003 4.00733360e+000 9.99031152e-001 1.89966086e+001 0.00000000e+000 0.00000000e+000 0.00000000e+000 1.00000000e+000
 1.00000000e+000 3.70011965e+001 2.09996411e+001 1.59994236e+001 5.99741907e+000 6.80015796e+001 1.50004988e+001 1.00799034e+003 1.00398979e+003 4.99929895e+000 2.00025406e+000 3.69969505e+001 0.00000000e+000 0.00000000e+000 0.00000000e+000 1.00000000e+000
 1.00000000e+000 3.70047183e+001 1.89951192e+001 1.10030259e+001 1.00251824e+000 5.60030153e+001 9.99751442e+000 1.00699054e+003 1.00399059e+003 5.00320923e+000 3.00174383e+000 3.69977930e+001 0.00000000e+000 0.00000000e+000 0.00000000e+000 1.00000000e+000
 1.00000000e+000 3.70042454e+001 1.89985238e+001 1.10038763e+001 -2.00226283e+000 5.19993921e+001 8.99960516e+000 1.00699521e+003 1.00399140e+003 4.00173970e+000 3.00022322e+000 3.39944601e+001 0.00000000e+000 0.00000000e+000 0.00000000e+000 1.00000000e+000
 1.00000000e+000 3.70006481e+001 1.59950543e+001 1.19926710e+001 9.93659695e-001 6.00113380e+001 1.20034075e+001 1.00898341e+003 1.00598352e+003 4.99062537e+000 1.99969755e+000 3.19992395e+001 0.00000000e+000 0.00000000e+000 0.00000000e+000 1.00000000e+000
 1.00000000e+000 3.59971404e+001 1.80054250e+001 1.00006535e+001 2.00185716e+000 5.19996824e+001 1.19978918e+001 1.00998880e+003 1.00599102e+003 4.00330963e+000 1.00157442e+000 2.30019750e+001 0.00000000e+000 0.00000000e+000 0.00000000e+000 1.00000000e+000
 1.00000000e+000 3.59978960e+001 1.80006778e+001 1.19993144e+001 2.99496789e+000 6.00027478e+001 1.30152214e+001 1.01199970e+003 1.00899320e+003 3.99622617e+000 9.94244649e-001 2.10033125e+001 0.00000000e+000 0.00000000e+000 0.00000000e+000 1.00000000e+000
 1.00000000e+000 3.60006948e+001 1.80021835e+001 1.10000457e+001 3.99751328e+000 5.60031225e+001 1.39985494e+001 1.01498910e+003 1.01099111e+003 5.00028219e+000 2.00078274e+000 2.69977503e+001 0.00000000e+000 0.00000000e+000 0.00000000e+000 1.00000000e+000
 1.00000000e+000 3.60003616e+001 1.80008137e+001 1.19998725e+001 9.97697454e-001 5.90011834e+001 1.09996320e+001 1.01499059e+003 1.00999067e+003 5.00061249e+000 2.00056387e+000 3.69986390e+001 0.00000000e+000 0.00000000e+000 0.00000000e+000 1.00000000e+000
 1.00000000e+000 3.49997046e+001 1.90023868e+001 9.99859841e+000 1.99682067e+000 5.60033031e+001 1.19993649e+001 1.01398674e+003 1.01098885e+003 2.99824335e+000 1.00094981e+000 1.30007704e+001 0.00000000e+000 0.00000000e+000 0.00000000e+000 1.00000000e+000
 1.00000000e+000 3.50012562e+001 1.80011609e+001 1.20000456e+001 4.99779562e+000 5.90020655e+001 1.50001088e+001 1.01399022e+003 1.00999055e+003 2.99907242e+000 1.00054720e+000 1.89979335e+001 0.00000000e+000 0.00000000e+000 0.00000000e+000 1.00000000e+000
 1.00000000e+000 3.30120234e+001 1.99918372e+001 1.90078308e+001 1.39949465e+001 8.79918265e+001 3.79965605e+001 1.01300254e+003 1.00999870e+003 3.00343747e+000 1.99929987e+000 2.69912735e+001 0.00000000e+000 0.00000000e+000 0.00000000e+000 1.00000000e+000
 1.00000000e+000 3.19984397e+001 1.90085664e+001 1.99936655e+001 1.59979348e+001 8.80043722e+001 3.99958847e+001 1.01498252e+003 1.01098590e+003 4.99317154e+000 2.00211521e+000 1.30058716e+001 0.00000000e+000 0.00000000e+000 0.00000000e+000 1.00000000e+000
 1.00000000e+000 3.40023011e+001 1.80005751e+001 1.89995778e+001 1.09999877e+001 9.40005916e+001 2.39996604e+001 1.01599402e+003 1.01199153e+003 4.00083534e+000 1.00063957e+000 2.29967753e+001 0.00000000e+000 0.00000000e+000 0.00000000e+000 1.00000000e+000
 1.00000000e+000 3.40009932e+001 1.80007137e+001 1.39991963e+001 7.99786509e+000 6.80016527e+001 1.99994340e+001 1.01699020e+003 1.01298994e+003 2.99992782e+000 1.00068851e+000 1.89991539e+001 0.00000000e+000 0.00000000e+000 0.00000000e+000 1.00000000e+000
 1.00000000e+000 3.50006285e+001 1.80012931e+001 1.39993414e+001 6.00026641e+000 6.40039748e+001 1.60022695e+001 1.01398746e+003 1.00898944e+003 2.99959686e+000 1.00059084e+000 2.39963684e+001 0.00000000e+000 0.00000000e+000 0.00000000e+000 1.00000000e+000
 1.00000000e+000 3.59959417e+001 2.00038308e+001 1.39974962e+001 3.99783790e+000 6.00056287e+001 1.49996766e+001 1.01198759e+003 1.00898837e+003 3.99960229e+000 1.00082965e+000 2.40027775e+001 0.00000000e+000 0.00000000e+000 0.00000000e+000 1.00000000e+000
 1.00000000e+000 3.60008002e+001 1.89998755e+001 1.29976976e+001 5.99603493e+000 6.00023990e+001 1.59998077e+001 1.01398936e+003 1.00999032e+003 4.99980942e+000 2.00172979e+000 2.09967587e+001 0.00000000e+000 0.00000000e+000 0.00000000e+000 1.00000000e+000
 1.00000000e+000 3.40039235e+001 1.79974549e+001 1.50019953e+001 8.99691857e+000 6.00004212e+001 2.39995845e+001 1.01399384e+003 1.01098991e+003 3.00088872e+000 1.00011425e+000 1.39968079e+001 0.00000000e+000 0.00000000e+000 0.00000000e+000 1.00000000e+000
 1.00000000e+000 3.40020873e+001 1.70008581e+001 1.40003814e+001 4.99793276e+000 7.20008225e+001 1.59986252e+001 1.01699251e+003 1.01199140e+003 3.00093148e+000 1.00094509e+000 1.59979759e+001 0.00000000e+000 0.00000000e+000 0.00000000e+000 1.00000000e+000
 1.00000000e+000 3.39953655e+001 1.69884696e+001 1.50026176e+001 1.00025835e+001 7.70087542e+001 2.29951182e+001 1.01598415e+003 1.01298661e+003 3.00404934e+000 1.00972893e+000 1.40045780e+001 0.00000000e+000 0.00000000e+000 0.00000000e+000 1.00000000e+000
 1.00000000e+000 3.40036387e+001 1.99971953e+001 1.70035811e+001 1.20004878e+001 6.80013327e+001 2.79974611e+001 1.01498818e+003 1.01098958e+003 3.00114048e+000 9.99986136e-001 1.59949918e+001 0.00000000e+000 0.00000000e+000 0.00000000e+000 1.00000000e+000
 1.00000000e+000 3.50024726e+001 2.10011951e+001 1.79955459e+001 9.99577694e+000 6.80063610e+001 2.19947800e+001 1.01498477e+003 1.00998961e+003 3.99403590e+000 1.00257094e+000 2.89978243e+001 0.00000000e+000 0.00000000e+000 0.00000000e+000 1.00000000e+000
 1.00000000e+000 3.50018802e+001 1.80011049e+001 1.50003328e+001 7.99761735e+000 7.70007360e+001 1.89995908e+001 1.01199146e+003 1.00799230e+003 3.99917401e+000 1.00055186e+000 2.29966826e+001 0.00000000e+000 0.00000000e+000 0.00000000e+000 1.00000000e+000
 1.00000000e+000 3.30155531e+001 1.69959068e+001 2.00065106e+001 4.00381787e+000 8.29929033e+001 1.59993431e+001 1.01200144e+003 1.00799873e+003 4.01256460e+000 1.00141963e+000 2.09923870e+001 0.00000000e+000 0.00000000e+000 0.00000000e+000 1.00000000e+000
 1.00000000e+000 3.40007610e+001 1.90025169e+001 1.69980208e+001 3.99783883e+000 6.80024928e+001 1.49995723e+001 1.01398716e+003 1.01098965e+003 3.99822370e+000 1.00102288e+000 1.29984217e+001 0.00000000e+000 0.00000000e+000 0.00000000e+000 1.00000000e+000
 1.00000000e+000 3.29906149e+001 1.60112219e+001 1.19888246e+001 6.99224271e+000 7.20040645e+001 1.99891447e+001 1.01498464e+003 1.01197966e+003 3.99580810e+000 1.00513106e+000 1.90003301e+001 0.00000000e+000 0.00000000e+000 0.00000000e+000 1.00000000e+000
 1.00000000e+000 3.20007654e+001 1.50023339e+001 1.19988614e+001 5.99710960e+000 6.70020815e+001 1.99973909e+001 1.01598890e+003 1.01199001e+003 2.99880502e+000 1.00141434e+000 1.29990684e+001 0.00000000e+000 0.00000000e+000 0.00000000e+000 1.00000000e+000
 1.00000000e+000 3.20054511e+001 1.59975381e+001 1.10026874e+001 4.00041754e+000 6.00013745e+001 1.80009898e+001 1.01399546e+003 1.00999323e+003 3.00255265e+000 1.00022109e+000 2.29959397e+001 0.00000000e+000 0.00000000e+000 0.00000000e+000 1.00000000e+000
 1.00000000e+000 3.20041419e+001 1.50005626e+001 1.00051421e+001 4.00305673e+000 6.29969745e+001 1.69999598e+001 1.01399413e+003 1.00998945e+003 3.00383724e+000 1.00056529e+000 1.39939943e+001 0.00000000e+000 0.00000000e+000 0.00000000e+000 1.00000000e+000
 1.00000000e+000 3.10023414e+001 1.50011068e+001 1.20001924e+001 4.99836916e+000 6.79982572e+001 2.89960910e+001 1.01599301e+003 1.01198955e+003 1.99947649e+000 -2.55883024e-004 1.39963155e+001 0.00000000e+000 0.00000000e+000 0.00000000e+000 1.00000000e+000
 1.00000000e+000 3.20064113e+001 1.49945223e+001 1.20017326e+001 5.99532495e+000 8.19987221e+001 1.99999563e+001 1.01399754e+003 1.00999101e+003 3.00020693e+000 2.90503609e-004 2.59933021e+001 0.00000000e+000 0.00000000e+000 0.00000000e+000 1.00000000e+000
 1.00000000e+000 3.40011833e+001 1.49974187e+001 1.40008656e+001 5.99716769e+000 7.20002655e+001 1.70034463e+001 1.01299173e+003 1.00898138e+003 2.99669468e+000 9.98600665e-001 1.09955578e+001 0.00000000e+000 0.00000000e+000 1.00000000e+000 0.00000000e+000
 1.00000000e+000 3.30046332e+001 1.69951642e+001 1.60039179e+001 1.09970011e+001 7.29968596e+001 2.59998580e+001 1.01399129e+003 1.00998670e+003 2.00400104e+000 9.99779006e-001 2.30013359e+001 0.00000000e+000 0.00000000e+000 0.00000000e+000 1.00000000e+000
 1.00000000e+000 2.70043241e+001 1.49978609e+001 1.80002337e+001 1.39988229e+001 9.99985802e+001 4.49960849e+001 1.01499259e+003 1.00899046e+003 3.00208038e+000 1.00120452e+000 2.59968809e+001 0.00000000e+000 0.00000000e+000 0.00000000e+000 1.00000000e+000
 1.00000000e+000 3.00023479e+001 1.60024127e+001 1.90006633e+001 1.49999351e+001 9.39988728e+001 4.79968786e+001 1.01399433e+003 1.00999400e+003 2.00149712e+000 1.21397707e-003 1.59967126e+001 0.00000000e+000 0.00000000e+000 1.00000000e+000 0.00000000e+000
 1.00000000e+000 3.10028406e+001 1.69998529e+001 1.89996151e+001 1.29975377e+001 8.80000085e+001 3.29978262e+001 1.01399196e+003 1.01099143e+003 3.00076071e+000 9.57044831e-004 1.39983311e+001 0.00000000e+000 0.00000000e+000 1.00000000e+000 0.00000000e+000
 1.00000000e+000 3.19955145e+001 1.59972908e+001 1.69969794e+001 1.10016208e+001 8.79970293e+001 2.89882006e+001 1.01598481e+003 1.01199595e+003 3.00275392e+000 4.90321745e-003 1.40136671e+001 0.00000000e+000 0.00000000e+000 1.00000000e+000 0.00000000e+000
 1.00000000e+000 3.10001456e+001 1.80023922e+001 1.69972832e+001 1.19976827e+001 8.30023863e+001 4.19974430e+001 1.01498835e+003 1.01199082e+003 1.99852682e+000 1.00105302e+000 1.00001216e+001 0.00000000e+000 0.00000000e+000 1.00000000e+000 0.00000000e+000
 1.00000000e+000 2.99993582e+001 1.70040190e+001 1.59978725e+001 8.99723131e+000 7.30019403e+001 2.69981997e+001 1.01498947e+003 1.00998997e+003 1.99825459e+000 1.00112409e+000 1.29983074e+001 0.00000000e+000 0.00000000e+000 1.00000000e+000 0.00000000e+000
 1.00000000e+000 3.10035832e+001 1.60010538e+001 1.60016409e+001 8.99775786e+000 8.20005344e+001 2.50003881e+001 1.01399290e+003 1.01099534e+003 2.99800866e+000 1.00007504e+000 1.29958228e+001 0.00000000e+000 0.00000000e+000 0.00000000e+000 1.00000000e+000
 1.00000000e+000 2.99992576e+001 1.60038492e+001 1.69950197e+001 1.19963826e+001 9.40035247e+001 3.29985289e+001 1.01598441e+003 1.01298933e+003 1.99720673e+000 1.00106485e+000 1.30012129e+001 0.00000000e+000 0.00000000e+000 0.00000000e+000 1.00000000e+000
 1.00000000e+000 2.99994484e+001 1.30038616e+001 1.49985940e+001 8.99536391e+000 9.39985619e+001 2.69960882e+001 1.01698973e+003 1.01298874e+003 2.99824884e+000 1.43849930e-003 2.29971663e+001 0.00000000e+000 0.00000000e+000 1.00000000e+000 0.00000000e+000
 1.00000000e+000 2.80036771e+001 1.29999322e+001 1.50005209e+001 7.99697056e+000 9.39987696e+001 2.79970005e+001 1.01699295e+003 1.01199182e+003 3.00055287e+000 1.24295908e-003 2.29961968e+001 0.00000000e+000 0.00000000e+000 1.00000000e+000 0.00000000e+000
 1.00000000e+000 2.80047612e+001 1.19984460e+001 1.20012527e+001 5.99805861e+000 8.79996366e+001 2.49984201e+001 1.01699773e+003 1.01299108e+003 3.00205594e+000 1.00073359e+000 1.39954721e+001 0.00000000e+000 0.00000000e+000 1.00000000e+000 0.00000000e+000
 1.00000000e+000 2.79991631e+001 1.00055680e+001 8.99163495e+000 9.92705885e-001 8.80100672e+001 1.70005325e+001 1.01997489e+003 1.01598723e+003 2.98950177e+000 1.00307256e+000 1.30029646e+001 0.00000000e+000 0.00000000e+000 1.00000000e+000 0.00000000e+000
 1.00000000e+000 2.80058488e+001 8.99345142e+000 1.00089188e+001 4.99358330e+000 8.19912366e+001 2.30015924e+001 1.02099291e+003 1.01599143e+003 4.00269755e+000 9.97281278e-001 2.30010851e+001 0.00000000e+000 0.00000000e+000 1.00000000e+000 0.00000000e+000
 1.00000000e+000 2.70037272e+001 9.99751270e+000 1.10026419e+001 4.99902212e+000 8.69974268e+001 2.39988484e+001 1.01799686e+003 1.01499356e+003 3.00007770e+000 1.00028911e+000 2.59960888e+001 0.00000000e+000 0.00000000e+000 1.00000000e+000 0.00000000e+000
 1.00000000e+000 2.90051530e+001 1.09976520e+001 9.99701958e+000 5.99794462e+000 8.80042549e+001 2.29959941e+001 1.01899461e+003 1.01499510e+003 3.00428231e+000 1.71317327e-003 1.09978529e+001 0.00000000e+000 0.00000000e+000 1.00000000e+000 0.00000000e+000
 1.00000000e+000 2.80002998e+001 1.00000263e+001 9.99871620e+000 5.00076540e+000 8.80004317e+001 2.29982611e+001 1.01898802e+003 1.01499119e+003 4.00444279e+000 1.12582073e-003 1.10065004e+001 0.00000000e+000 0.00000000e+000 1.00000000e+000 0.00000000e+000
 1.00000000e+000 2.79922282e+001 1.10054046e+001 1.00038296e+001 5.99990277e+000 8.19987388e+001 2.49977627e+001 1.01700237e+003 1.01399517e+003 2.99667783e+000 -9.50297386e-004 9.99935292e+000 0.00000000e+000 0.00000000e+000 1.00000000e+000 0.00000000e+000
 1.00000000e+000 2.79965070e+001 1.09928573e+001 1.10031592e+001 9.00584677e+000 8.79944715e+001 2.99954211e+001 1.01800193e+003 1.01499397e+003 2.99529665e+000 1.82562610e-003 1.40016010e+001 0.00000000e+000 0.00000000e+000 1.00000000e+000 0.00000000e+000
 1.00000000e+000 2.90014249e+001 1.20002462e+001 1.10025592e+001 6.99747459e+000 8.19968101e+001 2.70003937e+001 1.01898777e+003 1.01499008e+003 3.00190416e+000 9.99294315e-001 1.00026355e+001 0.00000000e+000 0.00000000e+000 1.00000000e+000 0.00000000e+000
 1.00000000e+000 2.69991042e+001 9.00349630e+000 1.20013492e+001 8.00016169e+000 9.99982594e+001 3.00006544e+001 1.01798932e+003 1.01399041e+003 2.00057820e+000 -2.19551696e-004 1.00004739e+001 0.00000000e+000 0.00000000e+000 1.00000000e+000 0.00000000e+000
 1.00000000e+000 2.69809252e+001 1.00097994e+001 1.09969509e+001 6.99654865e+000 8.80104303e+001 2.79981142e+001 1.01598328e+003 1.01198737e+003 2.99403204e+000 1.67196743e-005 1.40103126e+001 0.00000000e+000 0.00000000e+000 1.00000000e+000 0.00000000e+000
 1.00000000e+000 2.80025277e+001 1.60007523e+001 9.99869374e+000 5.99802261e+000 6.30001984e+001 2.59973026e+001 1.01599425e+003 1.01299256e+003 3.00057082e+000 1.00143277e+000 1.89983034e+001 0.00000000e+000 0.00000000e+000 1.00000000e+000 0.00000000e+000
 1.00000000e+000 2.60046776e+001 1.39955777e+001 1.50026156e+001 8.98957454e+000 9.99967363e+001 3.39933461e+001 1.01899695e+003 1.01500253e+003 2.00174161e+000 1.00076552e+000 1.90052283e+001 0.00000000e+000 0.00000000e+000 0.00000000e+000 1.00000000e+000
 1.00000000e+000 2.60055934e+001 1.19984915e+001 1.50019290e+001 7.99763562e+000 9.99983076e+001 3.89978417e+001 1.01899749e+003 1.01399623e+003 4.00187859e+000 5.89490543e-004 1.29965941e+001 0.00000000e+000 0.00000000e+000 1.00000000e+000 0.00000000e+000
 1.00000000e+000 2.60007078e+001 1.40016466e+001 1.29984443e+001 7.99653227e+000 8.20010111e+001 3.19972944e+001 1.01899074e+003 1.01499102e+003 3.99883933e+000 1.00093344e+000 3.39978595e+001 0.00000000e+000 0.00000000e+000 1.00000000e+000 0.00000000e+000
 1.00000000e+000 2.40019024e+001 1.40013766e+001 1.19989051e+001 3.99774869e+000 8.80006818e+001 2.69980405e+001 1.02099152e+003 1.01699168e+003 4.99923397e+000 2.00092493e+000 1.89984238e+001 0.00000000e+000 0.00000000e+000 0.00000000e+000 1.00000000e+000
 1.00000000e+000 2.30020886e+001 1.00013974e+001 9.00269588e+000 3.00253852e+000 8.69988309e+001 2.70009663e+001 1.02199360e+003 1.01699352e+003 4.99959181e+000 5.79845205e-004 2.59950650e+001 0.00000000e+000 0.00000000e+000 0.00000000e+000 1.00000000e+000
 1.00000000e+000 2.20051699e+001 7.00311973e+000 7.99946261e+000 3.00025566e+000 9.99972840e+001 2.89958643e+001 1.02299235e+003 1.01899177e+003 6.00173135e+000 1.00190922e+000 1.39993608e+001 0.00000000e+000 0.00000000e+000 1.00000000e+000 0.00000000e+000
 1.00000000e+000 2.30017911e+001 8.00779477e+000 8.00361623e+000 4.00273890e+000 8.69954302e+001 2.89984065e+001 1.02398884e+003 1.01899281e+003 4.00080841e+000 1.18175310e-003 1.29940328e+001 0.00000000e+000 0.00000000e+000 1.00000000e+000 0.00000000e+000
 1.00000000e+000 2.29955828e+001 9.00908065e+000 9.00083743e+000 3.99048627e+000 8.19912798e+001 2.89942364e+001 1.01999129e+003 1.01498507e+003 3.99331780e+000 1.00157962e+000 1.39949131e+001 0.00000000e+000 0.00000000e+000 1.00000000e+000 0.00000000e+000
 1.00000000e+000 2.20075703e+001 6.99030142e+000 9.01024920e+000 5.00492057e+000 9.29962045e+001 3.29964152e+001 1.01900428e+003 1.01399882e+003 2.99777279e+000 8.96907116e-004 1.89916408e+001 0.00000000e+000 0.00000000e+000 1.00000000e+000 0.00000000e+000
 1.00000000e+000 2.00034870e+001 4.99948265e+000 8.99806152e+000 3.99680460e+000 1.00000910e+002 3.99955113e+001 1.01799734e+003 1.01399142e+003 3.00035297e+000 1.40992412e-003 1.09978463e+001 0.00000000e+000 0.00000000e+000 1.00000000e+000 0.00000000e+000
 1.00000000e+000 2.30016157e+001 1.00026745e+001 9.99520029e+000 5.99505612e+000 8.80042043e+001 3.59988761e+001 1.01699300e+003 1.01198819e+003 1.99619676e+000 5.96474761e-004 1.29966363e+001 0.00000000e+000 0.00000000e+000 1.00000000e+000 0.00000000e+000
 1.00000000e+000 2.00038840e+001 1.19952991e+001 1.20058756e+001 7.00420346e+000 9.99956463e+001 4.29941506e+001 1.01499542e+003 1.01099043e+003 2.99562396e+000 1.00289702e+000 3.39939214e+001 0.00000000e+000 0.00000000e+000 1.00000000e+000 0.00000000e+000
 1.00000000e+000 2.19967391e+001 8.00152162e+000 1.29959794e+001 7.99708322e+000 1.00001293e+002 4.29986085e+001 1.01499088e+003 1.01199234e+003 2.99779762e+000 1.00007986e+000 1.90001969e+001 0.00000000e+000 0.00000000e+000 0.00000000e+000 1.00000000e+000
 1.00000000e+000 1.40034146e+001 8.00034053e+000 1.09994180e+001 6.99820483e+000 9.99999526e+001 7.69962336e+001 1.01699157e+003 1.01299219e+003 1.00003577e+000 1.04010942e-003 1.59977414e+001 0.00000000e+000 0.00000000e+000 1.00000000e+000 0.00000000e+000
 1.00000000e+000 1.90017418e+001 5.00041553e+000 8.99758532e+000 4.99648215e+000 1.00001658e+002 5.19975892e+001 1.01899133e+003 1.01599062e+003 2.99823278e+000 1.16636441e-003 1.89987418e+001 0.00000000e+000 0.00000000e+000 1.00000000e+000 0.00000000e+000
 1.00000000e+000 2.20006719e+001 3.99708059e+000 7.99754462e+000 -2.00634095e+000 9.99973346e+001 1.99909266e+001 1.01800411e+003 1.01499647e+003 5.00267169e+000 4.34634798e-003 2.70004256e+001 0.00000000e+000 0.00000000e+000 1.00000000e+000 0.00000000e+000
 1.00000000e+000 2.10032096e+001 3.00055345e+000 5.00036400e+000 9.98030728e-001 8.70002526e+001 2.69983430e+001 1.02099303e+003 1.01699233e+003 5.00024976e+000 1.00077829e+000 2.69972173e+001 0.00000000e+000 0.00000000e+000 1.00000000e+000 0.00000000e+000
 1.00000000e+000 2.10032972e+001 2.00043489e+000 8.00017716e+000 -1.00182078e+000 9.99995062e+001 2.29986816e+001 1.02199359e+003 1.01699251e+003 5.00013539e+000 1.00072704e+000 2.29972665e+001 0.00000000e+000 0.00000000e+000 0.00000000e+000 1.00000000e+000
 1.00000000e+000 2.90008583e+001 3.00317729e+000 6.99852895e+000 -2.00156002e+000 9.30008842e+001 1.29986871e+001 1.01999147e+003 1.01599281e+003 3.99921738e+000 1.00115694e+000 1.29987502e+001 0.00000000e+000 0.00000000e+000 1.00000000e+000 0.00000000e+000
 1.00000000e+000 2.40015785e+001 6.00159595e+000 1.29975057e+001 9.97809272e-001 1.00001799e+002 2.29985437e+001 1.01999088e+003 1.01499108e+003 2.99788190e+000 1.25994225e-003 1.09978845e+001 0.00000000e+000 0.00000000e+000 1.00000000e+000 0.00000000e+000
 1.00000000e+000 2.30098983e+001 9.00054223e+000 9.99935687e+000 2.00036520e+000 8.70081261e+001 2.50080855e+001 1.01999694e+003 1.01499597e+003 4.00871233e+000 -1.26225565e-003 2.39979288e+001 0.00000000e+000 0.00000000e+000 1.00000000e+000 0.00000000e+000
 1.00000000e+000 2.70040295e+001 4.99927042e+000 1.00016216e+001 3.99765682e+000 9.29974066e+001 2.39982536e+001 1.01999539e+003 1.01599277e+003 5.00221414e+000 8.92449747e-004 3.19939484e+001 0.00000000e+000 0.00000000e+000 1.00000000e+000 0.00000000e+000
 1.00000000e+000 2.80008233e+001 9.00156252e+000 8.99835832e+000 2.99773691e+000 8.70015635e+001 1.99985619e+001 1.01799063e+003 1.01299188e+003 3.99938001e+000 1.00100072e+000 3.39982828e+001 0.00000000e+000 0.00000000e+000 1.00000000e+000 0.00000000e+000
 1.00000000e+000 2.50043941e+001 1.19989744e+001 1.49993747e+001 8.99888441e+000 9.99981692e+001 3.89973223e+001 1.01699399e+003 1.01299275e+003 4.00065905e+000 1.00002630e+000 2.59972392e+001 0.00000000e+000 0.00000000e+000 0.00000000e+000 1.00000000e+000
 1.00000000e+000 2.89967908e+001 1.39938481e+001 1.80045795e+001 6.00278041e+000 8.20012030e+001 2.29912536e+001 1.01499305e+003 1.01099423e+003 6.99759980e+000 1.00828481e+000 1.90020122e+001 0.00000000e+000 0.00000000e+000 0.00000000e+000 1.00000000e+000
 1.00000000e+000 2.30057382e+001 8.99906477e+000 1.30024216e+001 7.99913831e+000 9.39979047e+001 4.39967928e+001 1.01499751e+003 1.01199305e+003 3.00065439e+000 5.06787829e-004 1.59936446e+001 0.00000000e+000 0.00000000e+000 1.00000000e+000 0.00000000e+000
 1.00000000e+000 2.20035418e+001 5.99974928e+000 9.99930901e+000 -1.00136187e+000 1.00000456e+002 2.19995560e+001 1.01699268e+003 1.01399314e+003 5.00044951e+000 1.00163534e-003 2.39981615e+001 0.00000000e+000 0.00000000e+000 1.00000000e+000 0.00000000e+000
 1.00000000e+000 2.09978627e+001 3.00532432e+000 4.99673928e+000 9.96589659e-001 9.30007783e+001 2.69966818e+001 1.01898840e+003 1.01498857e+003 4.99715026e+000 1.00147234e+000 2.59986392e+001 0.00000000e+000 0.00000000e+000 1.00000000e+000 0.00000000e+000
 1.00000000e+000 2.10040952e+001 6.00498057e+000 1.99763043e+000 -2.00148344e+000 7.00033300e+001 2.29983328e+001 1.01498552e+003 1.01199308e+003 3.99977237e+000 1.00176174e+000 3.39971929e+001 0.00000000e+000 0.00000000e+000 1.00000000e+000 0.00000000e+000
 1.00000000e+000 2.00012487e+001 5.00196506e+000 3.99778605e+000 -2.00278335e+000 9.30017381e+001 2.29976051e+001 1.01699094e+003 1.01199240e+003 4.99943198e+000 1.00127244e+000 1.90003132e+001 0.00000000e+000 0.00000000e+000 0.00000000e+000 1.00000000e+000
 1.00000000e+000 2.00021789e+001 3.99800859e+000 4.00215945e+000 -2.00215600e+000 9.29980328e+001 2.30010518e+001 1.01799618e+003 1.01499439e+003 5.00326318e+000 6.79721073e-004 2.59946619e+001 0.00000000e+000 0.00000000e+000 1.00000000e+000 0.00000000e+000
 1.00000000e+000 2.00043582e+001 1.00016089e+000 4.00030181e+000 -4.00187467e+000 9.99998534e+001 2.09985743e+001 1.01799315e+003 1.01499278e+003 4.00056994e+000 9.97634559e-004 2.89964294e+001 0.00000000e+000 0.00000000e+000 1.00000000e+000 0.00000000e+000
