 1.00000000e+000 1.03945547e+001 6.34163240e+000 7.63728422e+001 1.01495953e+003 5.50365510e-001
 1.00000000e+000 1.03823864e+001 5.93755713e+000 7.75257749e+001 1.01521745e+003 1.02573640e+000
 1.00000000e+000 1.03823864e+001 5.93755713e+000 7.75257749e+001 1.01521745e+003 1.02573640e+000
 1.00000000e+000 1.03823864e+001 5.93755713e+000 7.75257749e+001 1.01521745e+003 1.02573640e+000
 1.00000000e+000 1.03823864e+001 5.93755713e+000 7.75257749e+001 1.01521745e+003 1.02573640e+000
 1.00000000e+000 1.03823864e+001 5.93755713e+000 7.75257749e+001 1.01521745e+003 1.02573640e+000
 1.00000000e+000 1.03990672e+001 5.52412573e+000 7.86897055e+001 1.01647515e+003 1.51961071e+000
 1.00000000e+000 1.03627246e+001 5.55043037e+000 7.87096120e+001 1.01649917e+003 1.48726193e+000
 1.00000000e+000 1.03915736e+001 5.54107423e+000 7.87206099e+001 1.01749896e+003 1.50576535e+000
 1.00000000e+000 1.04567651e+001 5.50541346e+000 7.87117013e+001 1.01847472e+003 1.55661754e+000
 1.00000000e+000 1.04129289e+001 5.54866661e+000 7.87625122e+001 1.01952255e+003 1.51042340e+000
 1.00000000e+000 1.04977823e+001 5.90013260e+000 7.75697665e+001 1.01921659e+003 1.09975006e+000
 1.00000000e+000 1.00981763e+001 7.42801408e+000 7.43498465e+001 1.01873110e+003 -7.14547966e-001
 1.00000000e+000 1.49315827e+001 4.81627843e+000 5.18963344e+001 1.01658316e+003 2.44865471e+000
 1.00000000e+000 1.56301973e+001 4.54760865e+000 4.83627871e+001 1.01634471e+003 2.79703018e+000
 1.00000000e+000 1.58119101e+001 4.41608545e+000 4.82632546e+001 1.01622461e+003 2.95877408e+000
 1.00000000e+000 1.42283836e+001 5.07249770e+000 5.60787779e+001 1.01673724e+003 2.12933511e+000
 1.00000000e+000 1.23524413e+001 5.89749755e+000 6.53204413e+001 1.01624949e+003 1.11306303e+000
 1.00000000e+000 1.24539754e+001 5.83553214e+000 6.52916263e+001 1.01720124e+003 1.19626400e+000
 1.00000000e+000 1.24781497e+001 5.40515223e+000 6.64246524e+001 1.01743513e+003 1.70398367e+000
 1.00000000e+000 1.25069987e+001 5.39579610e+000 6.64356503e+001 1.01843492e+003 1.72248708e+000
 1.00000000e+000 1.16099185e+001 5.37946330e+000 7.18705590e+001 1.01896702e+003 1.71679448e+000
 1.00000000e+000 1.16537547e+001 5.33621015e+000 7.18197481e+001 1.01791919e+003 1.76298863e+000
 1.00000000e+000 1.24539754e+001 5.83553214e+000 6.52916263e+001 1.01720124e+003 1.19626400e+000
