 1.00000000e+000 1.13373588e+001 5.59828111e+000 7.14792910e+001 1.01770946e+003 1.43024029e+000
 1.00000000e+000 1.13371377e+001 5.60287502e+000 7.15105371e+001 1.01769303e+003 1.40200136e+000
 1.00000000e+000 1.10105623e+001 5.54913797e+000 7.21690734e+001 1.01768909e+003 1.44071467e+000
 1.00000000e+000 1.10105623e+001 5.54913797e+000 7.21690734e+001 1.01768909e+003 1.44071467e+000
 1.00000000e+000 1.06839869e+001 5.49540093e+000 7.28276096e+001 1.01768516e+003 1.47942799e+000
 1.00000000e+000 1.06839869e+001 5.49540093e+000 7.28276096e+001 1.01768516e+003 1.47942799e+000
 1.00000000e+000 1.03574115e+001 5.44166388e+000 7.34861458e+001 1.01768122e+003 1.51814130e+000
 1.00000000e+000 1.03574115e+001 5.44166388e+000 7.34861458e+001 1.01768122e+003 1.51814130e+000
 1.00000000e+000 1.23956684e+001 4.95930069e+000 6.29263003e+001 1.01765294e+003 2.67263432e+000
 1.00000000e+000 1.54272217e+001 4.23581228e+000 4.67195953e+001 1.01738648e+003 4.41854973e+000
 1.00000000e+000 1.70514758e+001 4.11600416e+000 3.98501482e+001 1.01612141e+003 4.83675807e+000
 1.00000000e+000 1.79468159e+001 4.10468099e+000 3.64587817e+001 1.01510400e+003 5.00990511e+000
 1.00000000e+000 1.95073295e+001 3.83065291e+000 2.82978147e+001 1.01372943e+003 5.61551537e+000
 1.00000000e+000 1.95073295e+001 3.83065291e+000 2.82978147e+001 1.01372943e+003 5.61551537e+000
 1.00000000e+000 1.96291131e+001 3.82406644e+000 2.74359698e+001 1.01365488e+003 5.43144546e+000
 1.00000000e+000 1.85862587e+001 3.92932159e+000 3.22836040e+001 1.01344913e+003 4.89475807e+000
 1.00000000e+000 1.57065365e+001 4.37695611e+000 4.66562284e+001 1.01510724e+003 3.82115552e+000
 1.00000000e+000 1.48390033e+001 4.52880454e+000 5.08788129e+001 1.01556667e+003 3.55396391e+000
 1.00000000e+000 1.29084311e+001 5.14688950e+000 6.26037006e+001 1.01774112e+003 2.34716596e+000
 1.00000000e+000 1.10309868e+001 5.57204623e+000 7.23245574e+001 1.01859239e+003 1.31059067e+000
 1.00000000e+000 1.13373588e+001 5.59828111e+000 7.14792910e+001 1.01770946e+003 1.43024029e+000
 1.00000000e+000 1.95073295e+001 3.83065291e+000 2.82978147e+001 1.01372943e+003 5.61551537e+000
 1.00000000e+000 1.96291131e+001 3.82406644e+000 2.74359698e+001 1.01365488e+003 5.43144546e+000
 1.00000000e+000 1.85862587e+001 3.92932159e+000 3.22836040e+001 1.01344913e+003 4.89475807e+000
