 1.00000000e+000 1.49959697e+001 1.10023591e+001 1.49912987e+001 6.98922558e+000 1.00002529e+002 7.19850374e+001 1.01399334e+003 1.01099355e+003 3.01044046e+000 -4.92395304e-003 2.09943839e+001 1.00000000e+000 0.00000000e+000 0.00000000e+000 0.00000000e+000
 1.00000000e+000 1.59929209e+001 8.01871440e+000 1.09824522e+001 4.98902737e+000 1.00020901e+002 5.89832142e+001 1.01799733e+003 1.01399742e+003 3.02533031e+000 -2.68214198e-003 1.09778282e+001 1.00000000e+000 0.00000000e+000 0.00000000e+000 0.00000000e+000
 1.00000000e+000 1.30053522e+001 9.00833124e+000 1.19949360e+001 8.99189340e+000 1.00003639e+002 7.69885629e+001 1.01899105e+003 1.01598802e+003 1.99955980e+000 -3.68713494e-003 1.90102746e+001 0.00000000e+000 0.00000000e+000 1.00000000e+000 0.00000000e+000
 1.00000000e+000 1.20071373e+001 1.10017788e+001 1.10003596e+001 9.00123297e+000 9.99941941e+001 8.19916511e+001 1.01999295e+003 1.01599008e+003 1.99161700e+000 1.00219732e+000 2.10011972e+001 0.00000000e+000 0.00000000e+000 1.00000000e+000 0.00000000e+000
 1.00000000e+000 1.50067621e+001 9.00070341e+000 1.10017728e+001 6.00255543e+000 9.99962539e+001 5.49997176e+001 1.01899596e+003 1.01499098e+003 2.99331759e+000 1.00210457e+000 2.40030014e+001 0.00000000e+000 0.00000000e+000 0.00000000e+000 1.00000000e+000
 1.00000000e+000 1.60087071e+001 8.00061237e+000 9.00228873e+000 4.00565184e+000 9.99928454e+001 5.10005147e+001 1.01899404e+003 1.01499072e+003 1.99107437e+000 2.66967213e-003 1.40009413e+001 0.00000000e+000 0.00000000e+000 1.00000000e+000 0.00000000e+000
 1.00000000e+000 1.69982727e+001 6.00313163e+000 8.99452990e+000 3.99624163e+000 9.99977588e+001 4.80000932e+001 1.01698916e+003 1.01199482e+003 2.99994848e+000 5.90296643e-003 1.10040262e+001 0.00000000e+000 0.00000000e+000 1.00000000e+000 0.00000000e+000
 1.00000000e+000 1.59977295e+001 4.00505597e+000 9.99537238e+000 3.99350607e+000 9.99989997e+001 4.79923499e+001 1.01598937e+003 1.01299230e+003 2.00485373e+000 -3.46355108e-003 1.60021871e+001 0.00000000e+000 0.00000000e+000 1.00000000e+000 0.00000000e+000
 1.00000000e+000 1.40039607e+001 5.00165791e+000 8.00234076e+000 3.00162190e+000 9.99945892e+001 5.49974836e+001 1.01899319e+003 1.01498812e+003 1.99520367e+000 1.92331911e-003 1.89993146e+001 0.00000000e+000 0.00000000e+000 1.00000000e+000 0.00000000e+000
 1.00000000e+000 1.50165725e+001 5.97995214e+000 9.01229341e+000 4.01538553e+000 9.99874456e+001 4.80137425e+001 1.01901569e+003 1.01399503e+003 1.98838596e+000 -4.35271212e-003 1.39943045e+001 0.00000000e+000 0.00000000e+000 1.00000000e+000 0.00000000e+000
 1.00000000e+000 1.89969660e+001 4.00650076e+000 1.09941552e+001 1.99758486e+000 9.40020253e+001 4.89911258e+001 1.01598507e+003 1.01198931e+003 3.00149850e+000 -2.02690446e-003 1.60014455e+001 0.00000000e+000 0.00000000e+000 1.00000000e+000 0.00000000e+000
 1.00000000e+000 1.80097113e+001 8.00705082e+000 1.39994969e+001 8.00364940e+000 9.99968172e+001 5.90079826e+001 1.01699832e+003 1.01198111e+003 1.99398272e+000 3.93472457e-003 1.10135430e+001 0.00000000e+000 0.00000000e+000 1.00000000e+000 0.00000000e+000
 1.00000000e+000 1.80085440e+001 4.00058750e+000 1.10007156e+001 4.00610635e+000 9.99935559e+001 4.90006778e+001 1.01799537e+003 1.01499019e+003 2.99134408e+000 4.52400864e-004 1.90025763e+001 0.00000000e+000 0.00000000e+000 1.00000000e+000 0.00000000e+000
 1.00000000e+000 1.90004083e+001 5.00221520e+000 1.19962295e+001 4.99801206e+000 1.00001360e+002 5.19967770e+001 1.01699195e+003 1.01399643e+003 3.99912046e+000 9.93944271e-001 2.30032283e+001 0.00000000e+000 0.00000000e+000 1.00000000e+000 0.00000000e+000
 1.00000000e+000 1.90031905e+001 6.00214915e+000 1.30006123e+001 5.00052039e+000 9.99945194e+001 4.59966436e+001 1.01899654e+003 1.01499271e+003 9.92476661e-001 6.08602271e-003 1.30016530e+001 0.00000000e+000 0.00000000e+000 1.00000000e+000 0.00000000e+000
 1.00000000e+000 1.69999270e+001 4.00456654e+000 1.09963375e+001 3.99561833e+000 9.99972375e+001 5.49938731e+001 1.01999093e+003 1.01599453e+003 3.00318947e+000 -2.94867078e-003 1.30047809e+001 0.00000000e+000 0.00000000e+000 1.00000000e+000 0.00000000e+000
 1.00000000e+000 1.79856816e+001 3.95537624e+000 1.19791784e+001 3.97648857e+000 9.99765276e+001 5.20076394e+001 1.02199188e+003 1.01700697e+003 3.00444244e+000 -1.37673265e-002 1.39799261e+001 0.00000000e+000 0.00000000e+000 1.00000000e+000 0.00000000e+000
 1.00000000e+000 1.90005948e+001 6.00367598e+000 1.29988534e+001 4.99854782e+000 9.99968778e+001 4.59973409e+001 1.01999302e+003 1.01599188e+003 2.99952729e+000 -2.18697994e-004 1.40007045e+001 0.00000000e+000 0.00000000e+000 1.00000000e+000 0.00000000e+000
 1.00000000e+000 2.09891500e+001 6.00288311e+000 1.29972621e+001 4.98790355e+000 9.99895610e+001 3.99933492e+001 1.01798673e+003 1.01499263e+003 3.00855242e+000 -1.39514900e-002 1.10088524e+001 0.00000000e+000 0.00000000e+000 1.00000000e+000 0.00000000e+000
 1.00000000e+000 2.40140312e+001 7.00509071e+000 1.30157916e+001 4.03657705e+000 9.99946113e+001 2.90144086e+001 1.01797508e+003 1.01298250e+003 2.99577937e+000 2.58422691e-002 1.29622912e+001 0.00000000e+000 0.00000000e+000 1.00000000e+000 0.00000000e+000
 1.00000000e+000 2.39992820e+001 1.10035927e+001 1.20021153e+001 6.99661241e+000 9.40020203e+001 3.60016727e+001 1.01399366e+003 1.00899436e+003 2.99350098e+000 1.00167441e+000 1.90094834e+001 0.00000000e+000 0.00000000e+000 1.00000000e+000 0.00000000e+000
 1.00000000e+000 2.29964583e+001 9.00390049e+000 1.39980299e+001 8.99416870e+000 9.99979319e+001 4.09945027e+001 1.01199324e+003 1.00799230e+003 3.00140130e+000 -3.39562879e-005 1.40004469e+001 0.00000000e+000 0.00000000e+000 1.00000000e+000 0.00000000e+000
 1.00000000e+000 1.90029657e+001 7.00420878e+000 1.00014199e+001 5.00124104e+000 9.99951719e+001 3.99989652e+001 1.01499303e+003 1.00999218e+003 2.99475627e+000 2.73290028e-003 1.90002756e+001 0.00000000e+000 0.00000000e+000 1.00000000e+000 0.00000000e+000
 1.00000000e+000 1.89960083e+001 7.00346694e+000 8.99892686e+000 9.94088513e-001 9.40016581e+001 2.99970368e+001 1.01699426e+003 1.01299665e+003 6.00516715e+000 9.97505330e-001 2.70008209e+001 0.00000000e+000 0.00000000e+000 1.00000000e+000 0.00000000e+000
 1.00000000e+000 2.09939641e+001 7.01554605e+000 7.99023607e+000 -8.67755310e-003 8.70061780e+001 2.49978636e+001 1.01499406e+003 1.01099730e+003 6.01894174e+000 1.99153730e+000 3.40033122e+001 0.00000000e+000 0.00000000e+000 0.00000000e+000 1.00000000e+000
 1.00000000e+000 2.19907743e+001 6.00712722e+000 8.99288146e+000 9.88877328e-001 8.70107307e+001 3.29915063e+001 1.01498821e+003 1.01098737e+003 4.01319548e+000 1.99774332e+000 2.59966828e+001 0.00000000e+000 0.00000000e+000 0.00000000e+000 1.00000000e+000
 1.00000000e+000 2.29976787e+001 7.00404469e+000 8.00413867e+000 2.00047113e+000 7.60020866e+001 2.90012990e+001 1.01499569e+003 1.01198705e+003 4.99767450e+000 1.00346135e+000 2.29960276e+001 0.00000000e+000 0.00000000e+000 0.00000000e+000 1.00000000e+000
 1.00000000e+000 2.39999284e+001 6.99983111e+000 1.09980915e+001 3.99764457e+000 9.30000196e+001 2.90005529e+001 1.01499834e+003 1.01099636e+003 4.99807602e+000 1.99757894e+000 2.29964825e+001 0.00000000e+000 0.00000000e+000 0.00000000e+000 1.00000000e+000
 1.00000000e+000 2.70292721e+001 8.90851939e+000 1.10118807e+001 7.97862375e+000 9.39047917e+001 2.99140997e+001 1.01502356e+003 1.01204267e+003 3.88580731e+000 1.02172186e+000 1.09131677e+001 0.00000000e+000 0.00000000e+000 0.00000000e+000 1.00000000e+000
 1.00000000e+000 2.69970291e+001 1.20034145e+001 1.59963861e+001 4.99684253e+000 9.40007747e+001 2.39982298e+001 1.01399291e+003 1.00999463e+003 3.00312541e+000 9.99967698e-001 1.10007188e+001 0.00000000e+000 0.00000000e+000 0.00000000e+000 1.00000000e+000
 1.00000000e+000 2.50010088e+001 1.19924039e+001 1.60116744e+001 -1.19888227e+001 9.99778943e+001 1.70107759e+001 1.01399949e+003 1.00998897e+003 2.98185081e+000 -4.52591862e-003 2.30013767e+001 0.00000000e+000 0.00000000e+000 1.00000000e+000 0.00000000e+000
 1.00000000e+000 1.99968059e+001 6.00465986e+000 5.99708124e+000 9.96021881e-001 8.69998576e+001 2.79964083e+001 1.01498778e+003 1.01199034e+003 5.00365139e+000 9.96180860e-001 2.69959033e+001 0.00000000e+000 0.00000000e+000 1.00000000e+000 0.00000000e+000
 1.00000000e+000 1.99860153e+001 6.03628373e+000 6.96820597e+000 9.78436323e-001 7.10600419e+001 2.99999788e+001 1.01597936e+003 1.01198924e+003 5.01097405e+000 2.00575230e+000 3.39855958e+001 0.00000000e+000 0.00000000e+000 0.00000000e+000 1.00000000e+000
 1.00000000e+000 2.19901437e+001 5.01340439e+000 7.98995442e+000 -9.05477558e-003 8.10035416e+001 3.09966005e+001 1.01398833e+003 1.00998880e+003 5.00569150e+000 9.93293850e-001 1.89961580e+001 0.00000000e+000 0.00000000e+000 0.00000000e+000 1.00000000e+000
 1.00000000e+000 2.29980710e+001 6.00491531e+000 8.00051972e+000 3.99808555e+000 9.29986652e+001 3.09984499e+001 1.01499626e+003 1.01099477e+003 3.99852847e+000 9.99995733e-001 1.10003375e+001 0.00000000e+000 0.00000000e+000 0.00000000e+000 1.00000000e+000
 1.00000000e+000 2.30036753e+001 8.00172861e+000 1.00034421e+001 5.00539260e+000 9.29940613e+001 3.10025999e+001 1.01499706e+003 1.01199345e+003 2.99416319e+000 1.00179257e+000 1.29983816e+001 0.00000000e+000 0.00000000e+000 0.00000000e+000 1.00000000e+000
 1.00000000e+000 2.40049646e+001 6.01664523e+000 7.99594662e+000 3.00660184e+000 1.00006898e+002 2.89945193e+001 1.01699909e+003 1.01300033e+003 3.99712053e+000 9.89860404e-001 2.30065854e+001 0.00000000e+000 0.00000000e+000 1.00000000e+000 0.00000000e+000
 1.00000000e+000 2.39966683e+001 7.00436617e+000 9.00083968e+000 1.99734717e+000 8.20015038e+001 2.39992137e+001 1.01599402e+003 1.01299467e+003 5.00162543e+000 9.98597906e-001 2.30012065e+001 0.00000000e+000 0.00000000e+000 1.00000000e+000 0.00000000e+000
 1.00000000e+000 2.49971537e+001 8.00456555e+000 8.99934340e+000 2.99751371e+000 8.20014517e+001 2.59984952e+001 1.01499339e+003 1.01199499e+003 5.00158871e+000 9.97570883e-001 3.69954051e+001 0.00000000e+000 0.00000000e+000 0.00000000e+000 1.00000000e+000
 1.00000000e+000 2.49838717e+001 8.02574050e+000 8.99997393e+000 9.88554474e-001 6.69935591e+001 2.20000203e+001 1.01299107e+003 1.01000168e+003 5.01989390e+000 9.89162257e-001 2.70025060e+001 0.00000000e+000 0.00000000e+000 1.00000000e+000 0.00000000e+000
 1.00000000e+000 2.49875232e+001 1.00023367e+001 7.99451205e+000 -3.01655212e+000 8.70091414e+001 1.69998476e+001 1.01399161e+003 1.00999741e+003 5.01083558e+000 9.96136880e-001 1.90189455e+001 0.00000000e+000 0.00000000e+000 0.00000000e+000 1.00000000e+000
 1.00000000e+000 2.50053152e+001 8.99984706e+000 8.00556839e+000 1.00858924e+000 7.59940638e+001 2.40046968e+001 1.01399641e+003 1.00999320e+003 4.98906289e+000 1.00048564e+000 1.89960781e+001 0.00000000e+000 0.00000000e+000 0.00000000e+000 1.00000000e+000
 1.00000000e+000 2.79884594e+001 9.00728458e+000 8.99595636e+000 1.98690235e+000 8.70106925e+001 2.09917835e+001 1.01599242e+003 1.01199998e+003 5.01435158e+000 9.99500746e-001 1.10108294e+001 0.00000000e+000 0.00000000e+000 0.00000000e+000 1.00000000e+000
 1.00000000e+000 2.80004028e+001 1.00051506e+001 9.00288777e+000 3.00408507e+000 7.20010025e+001 2.10018497e+001 1.01599352e+003 1.01099636e+003 4.99778498e+000 9.96546736e-001 1.39991081e+001 0.00000000e+000 0.00000000e+000 1.00000000e+000 0.00000000e+000
 1.00000000e+000 2.50012921e+001 1.60000552e+001 1.10031728e+001 4.00298436e+000 6.29997243e+001 2.60018054e+001 1.01199590e+003 1.00799484e+003 2.99423294e+000 9.99343245e-001 3.69973088e+001 0.00000000e+000 0.00000000e+000 0.00000000e+000 1.00000000e+000
 1.00000000e+000 2.19973093e+001 1.29963496e+001 1.29977420e+001 3.99353257e+000 8.19830071e+001 3.49978486e+001 1.01698689e+003 1.01099840e+003 3.99852464e+000 9.79832470e-001 2.90097552e+001 0.00000000e+000 0.00000000e+000 0.00000000e+000 1.00000000e+000
 1.00000000e+000 2.60048398e+001 1.20002594e+001 1.20056880e+001 7.00736349e+000 8.79945805e+001 3.00044785e+001 1.01799710e+003 1.01399307e+003 3.99032872e+000 1.00182574e+000 1.10000995e+001 0.00000000e+000 0.00000000e+000 0.00000000e+000 1.00000000e+000
 1.00000000e+000 2.59961901e+001 1.40087592e+001 1.39989674e+001 9.99876556e+000 8.19944719e+001 3.59930856e+001 1.01697855e+003 1.01398708e+003 2.00562151e+000 -7.21542555e-003 1.29985320e+001 0.00000000e+000 0.00000000e+000 1.00000000e+000 0.00000000e+000
 1.00000000e+000 2.69850629e+001 1.30179722e+001 1.40104651e+001 6.99950431e+000 9.39857834e+001 2.99869552e+001 1.01597900e+003 1.01299031e+003 5.01552500e+000 -1.65806264e-002 2.29965177e+001 0.00000000e+000 0.00000000e+000 1.00000000e+000 0.00000000e+000
 1.00000000e+000 2.79934609e+001 1.20199048e+001 1.10112561e+001 3.00582812e+000 8.79965426e+001 1.99801065e+001 1.01498442e+003 1.01199730e+003 6.00926884e+000 2.70132776e-003 2.69922760e+001 0.00000000e+000 0.00000000e+000 1.00000000e+000 0.00000000e+000
 1.00000000e+000 2.79959043e+001 1.40035727e+001 1.10000681e+001 5.99736862e+000 6.80032563e+001 2.59991124e+001 1.01399317e+003 1.00799413e+003 5.00013994e+000 9.96954730e-001 1.40008406e+001 0.00000000e+000 0.00000000e+000 1.00000000e+000 0.00000000e+000
 1.00000000e+000 2.60194683e+001 1.49878599e+001 1.10019158e+001 5.02036676e+000 6.29973470e+001 3.20258596e+001 1.01298570e+003 1.00797438e+003 4.98562110e+000 1.00746198e+000 1.89915628e+001 0.00000000e+000 0.00000000e+000 0.00000000e+000 1.00000000e+000
 1.00000000e+000 2.59985891e+001 1.30107226e+001 1.10009064e+001 7.00068932e+000 7.70207596e+001 3.00024589e+001 1.01300707e+003 1.00999253e+003 4.99150359e+000 2.37444229e-002 1.89937879e+001 0.00000000e+000 0.00000000e+000 0.00000000e+000 1.00000000e+000
 1.00000000e+000 2.90022033e+001 1.69992061e+001 1.40049540e+001 6.00538366e+000 6.29965236e+001 2.80002754e+001 1.01199417e+003 1.00799573e+003 4.99519604e+000 9.96330347e-001 1.90002436e+001 0.00000000e+000 0.00000000e+000 1.00000000e+000 0.00000000e+000
 1.00000000e+000 2.80031089e+001 1.79999112e+001 1.50081811e+001 9.00752821e+000 6.79967675e+001 3.00034326e+001 1.00999705e+003 1.00599098e+003 2.98927780e+000 1.00294428e+000 1.59994235e+001 0.00000000e+000 0.00000000e+000 0.00000000e+000 1.00000000e+000
 1.00000000e+000 2.59966532e+001 1.60026464e+001 1.29982826e+001 6.99662826e+000 8.20007885e+001 3.59980544e+001 1.00899347e+003 1.00499526e+003 5.00293572e+000 9.95141390e-001 2.30003452e+001 0.00000000e+000 1.00000000e+000 0.00000000e+000 0.00000000e+000
 1.00000000e+000 2.60025244e+001 1.40015971e+001 1.20042592e+001 1.00565845e+000 8.79962529e+001 2.10041304e+001 1.01299621e+003 1.00899417e+003 4.99343131e+000 -1.16415712e-004 1.30008172e+001 1.00000000e+000 0.00000000e+000 0.00000000e+000 0.00000000e+000
 1.00000000e+000 2.69869719e+001 1.30108380e+001 6.99339458e+000 1.98547974e+000 6.30125286e+001 1.99893682e+001 1.01498430e+003 1.01199590e+003 4.01163658e+000 9.91345802e-001 1.30044734e+001 0.00000000e+000 0.00000000e+000 1.00000000e+000 0.00000000e+000
 1.00000000e+000 2.80015851e+001 1.80156425e+001 7.01075767e+000 2.01120618e+000 4.90038594e+001 1.90143182e+001 1.01798687e+003 1.01598404e+003 4.99668126e+000 3.00817852e+000 1.60137572e+001 0.00000000e+000 0.00000000e+000 0.00000000e+000 1.00000000e+000
 1.00000000e+000 2.60015517e+001 1.39933902e+001 5.99113439e+000 9.98363272e-001 5.20084564e+001 2.10059402e+001 1.02000581e+003 1.01699929e+003 5.00443393e+000 1.98679055e+000 2.69773555e+001 0.00000000e+000 0.00000000e+000 0.00000000e+000 1.00000000e+000
 1.00000000e+000 2.60022048e+001 1.10015585e+001 7.00594539e+000 1.00452411e+000 5.80003862e+001 2.10047692e+001 1.01999246e+003 1.01599265e+003 4.98806215e+000 1.09765291e-003 2.60044749e+001 0.00000000e+000 0.00000000e+000 0.00000000e+000 1.00000000e+000
 1.00000000e+000 2.69932730e+001 1.10051504e+001 6.99910308e+000 -1.00556174e+000 5.80063537e+001 1.59969088e+001 1.01898827e+003 1.01499317e+003 5.00596379e+000 9.94448590e-001 1.90017585e+001 0.00000000e+000 0.00000000e+000 0.00000000e+000 1.00000000e+000
 1.00000000e+000 2.49872996e+001 1.20203922e+001 5.98162029e+000 9.74852821e-001 5.80172808e+001 2.09981022e+001 1.01899621e+003 1.01400930e+003 5.01753227e+000 9.72595783e-001 2.39898462e+001 0.00000000e+000 0.00000000e+000 0.00000000e+000 1.00000000e+000
 1.00000000e+000 2.70041843e+001 1.00012979e+001 7.00931272e+000 8.08282301e-003 5.79916053e+001 1.99981807e+001 1.01499111e+003 1.01199966e+003 4.99609357e+000 9.91431685e-001 2.40004708e+001 0.00000000e+000 0.00000000e+000 0.00000000e+000 1.00000000e+000
 1.00000000e+000 2.90002270e+001 1.20193793e+001 6.98857832e+000 1.99870119e+000 5.40016960e+001 1.90161997e+001 1.01497139e+003 1.01197654e+003 4.98286991e+000 9.99494953e-001 1.90058964e+001 0.00000000e+000 0.00000000e+000 0.00000000e+000 1.00000000e+000
 1.00000000e+000 3.10028442e+001 1.50009523e+001 6.00860599e+000 9.65092531e-003 4.80037401e+001 1.40058387e+001 1.01499736e+003 1.01099230e+003 7.98915007e+000 1.00403935e+000 1.39976123e+001 0.00000000e+000 0.00000000e+000 0.00000000e+000 1.00000000e+000
 1.00000000e+000 2.90024455e+001 1.59966880e+001 7.00520922e+000 2.00151108e+000 4.89992704e+001 1.90081195e+001 1.01400021e+003 1.01099634e+003 2.99716520e+000 9.93576513e-001 2.30003171e+001 0.00000000e+000 0.00000000e+000 0.00000000e+000 1.00000000e+000
 1.00000000e+000 2.99971646e+001 1.30020868e+001 8.00085459e+000 2.99836386e+000 5.80030779e+001 1.79980784e+001 1.01499154e+003 1.01099501e+003 4.99793972e+000 9.97409126e-001 1.40008941e+001 0.00000000e+000 0.00000000e+000 0.00000000e+000 1.00000000e+000
 1.00000000e+000 3.09956872e+001 1.39993480e+001 9.99936402e+000 1.99912407e+000 5.90014875e+001 1.59995178e+001 1.01498974e+003 1.01099282e+003 5.00029653e+000 9.98017130e-001 1.40031029e+001 0.00000000e+000 0.00000000e+000 0.00000000e+000 1.00000000e+000
 1.00000000e+000 3.09880307e+001 1.50143339e+001 7.99561796e+000 2.99106575e+000 5.20115487e+001 1.79920928e+001 1.01498608e+003 1.01199660e+003 5.01222063e+000 9.94908747e-001 1.30034715e+001 0.00000000e+000 0.00000000e+000 0.00000000e+000 1.00000000e+000
 1.00000000e+000 3.29919800e+001 1.20322842e+001 9.02154722e+000 4.00420620e+000 5.80072978e+001 2.09765845e+001 1.01296909e+003 1.01000420e+003 4.98009011e+000 2.00594803e+000 1.40180793e+001 0.00000000e+000 0.00000000e+000 0.00000000e+000 1.00000000e+000
 1.00000000e+000 3.39872965e+001 2.10066860e+001 1.19880532e+001 9.86813483e-001 5.60134274e+001 1.69911058e+001 1.01198894e+003 1.00800007e+003 5.01227352e+000 1.99512336e+000 2.29980405e+001 0.00000000e+000 0.00000000e+000 0.00000000e+000 1.00000000e+000
 1.00000000e+000 2.79968882e+001 2.09989894e+001 9.00071800e+000 2.99819961e+000 4.60024602e+001 1.99979005e+001 1.01399205e+003 1.00799458e+003 2.99889048e+000 1.99467807e+000 2.39978772e+001 0.00000000e+000 0.00000000e+000 0.00000000e+000 1.00000000e+000
 1.00000000e+000 3.19996045e+001 1.89965083e+001 9.00008543e+000 4.99983560e+000 5.19995393e+001 2.09999277e+001 1.01699332e+003 1.01299771e+003 3.99972333e+000 1.99276665e+000 1.40039162e+001 0.00000000e+000 0.00000000e+000 0.00000000e+000 1.00000000e+000
 1.00000000e+000 2.89856897e+001 1.49934961e+001 8.98980437e+000 -1.75422824e-002 4.79992075e+001 1.50079054e+001 1.01500191e+003 1.00999048e+003 4.99463485e+000 9.80188427e-001 3.70014916e+001 0.00000000e+000 0.00000000e+000 0.00000000e+000 1.00000000e+000
 1.00000000e+000 3.10014705e+001 1.50005100e+001 9.00231726e+000 1.00409398e+000 4.80015307e+001 1.80024678e+001 1.01199379e+003 1.00799586e+003 4.99392442e+000 9.98151952e-001 2.29995174e+001 0.00000000e+000 0.00000000e+000 0.00000000e+000 1.00000000e+000
 1.00000000e+000 3.20021073e+001 1.40025550e+001 7.99904027e+000 5.00274011e+000 6.29952113e+001 1.80008649e+001 1.01299049e+003 1.00899578e+003 3.99144894e+000 9.96335702e-001 2.09969173e+001 0.00000000e+000 0.00000000e+000 0.00000000e+000 1.00000000e+000
 1.00000000e+000 3.39984719e+001 1.90012701e+001 9.00485037e+000 4.00321827e+000 4.60039084e+001 1.60017970e+001 1.01299505e+003 1.00899421e+003 3.99470355e+000 1.00052755e+000 1.40008161e+001 0.00000000e+000 0.00000000e+000 0.00000000e+000 1.00000000e+000
 1.00000000e+000 3.50008478e+001 2.30005916e+001 1.10094750e+001 5.00967106e+000 3.90021761e+001 1.80069463e+001 1.00899504e+003 1.00399420e+003 3.98668050e+000 9.99592986e-001 2.09999076e+001 0.00000000e+000 0.00000000e+000 0.00000000e+000 1.00000000e+000
 1.00000000e+000 2.99977051e+001 2.00021795e+001 1.00020877e+001 3.00110449e+000 4.90030698e+001 1.80013847e+001 1.00899383e+003 1.00499538e+003 3.99768818e+000 9.96445491e-001 1.90002154e+001 0.00000000e+000 0.00000000e+000 0.00000000e+000 1.00000000e+000
 1.00000000e+000 2.99985182e+001 1.70007229e+001 1.79970801e+001 5.99859985e+000 6.89996889e+001 2.29977958e+001 1.00899046e+003 1.00499505e+003 5.00017809e+000 -4.66385005e-003 1.59993831e+001 0.00000000e+000 0.00000000e+000 0.00000000e+000 1.00000000e+000
 1.00000000e+000 3.20011162e+001 1.69994630e+001 1.90032015e+001 8.00339886e+000 9.39949477e+001 2.20020330e+001 1.01099465e+003 1.00799329e+003 4.99323878e+000 2.90048261e-003 1.40038013e+001 0.00000000e+000 0.00000000e+000 0.00000000e+000 1.00000000e+000
 1.00000000e+000 2.90038154e+001 1.49974438e+001 1.50059243e+001 9.00495521e+000 7.69980372e+001 3.49992978e+001 1.01799558e+003 1.00699660e+003 4.99529897e+000 1.00185107e+000 2.30021487e+001 0.00000000e+000 0.00000000e+000 0.00000000e+000 1.00000000e+000
 1.00000000e+000 3.30011460e+001 1.69979775e+001 1.50016677e+001 8.00163008e+000 7.79971490e+001 2.60000534e+001 1.00899519e+003 1.00499347e+003 4.99403779e+000 1.00087221e+000 2.29981198e+001 0.00000000e+000 0.00000000e+000 0.00000000e+000 1.00000000e+000
 1.00000000e+000 3.29995279e+001 1.80023830e+001 1.60048462e+001 2.00355468e+000 7.29933035e+001 1.60006957e+001 1.00799468e+003 1.00399566e+003 6.99254421e+000 9.99715512e-001 2.60023534e+001 0.00000000e+000 0.00000000e+000 1.00000000e+000 0.00000000e+000
 1.00000000e+000 3.50010690e+001 1.89957762e+001 1.60035644e+001 9.00109785e+000 7.29968556e+001 2.10027986e+001 1.00699137e+003 1.00299616e+003 7.99564384e+000 1.00092596e+000 1.54981136e+002 0.00000000e+000 0.00000000e+000 0.00000000e+000 1.00000000e+000
 1.00000000e+000 3.39931571e+001 2.30020224e+001 1.89962970e+001 9.99332689e+000 5.40051275e+001 2.89965813e+001 1.00499172e+003 1.00099472e+003 5.00104762e+000 9.96683714e-001 3.69983304e+001 0.00000000e+000 0.00000000e+000 0.00000000e+000 1.00000000e+000
 1.00000000e+000 3.29908866e+001 2.00090231e+001 1.49936436e+001 5.99207589e+000 6.09962107e+001 1.79935111e+001 1.00599036e+003 1.00199813e+003 4.00761482e+000 1.99527429e+000 2.30005687e+001 1.00000000e+000 0.00000000e+000 0.00000000e+000 0.00000000e+000
 1.00000000e+000 2.70028216e+001 1.70007698e+001 1.90019420e+001 6.00484628e+000 9.99932062e+001 4.00005586e+001 1.00999563e+003 1.00399296e+003 6.99408406e+000 2.00217754e+000 2.59991251e+001 0.00000000e+000 0.00000000e+000 0.00000000e+000 1.00000000e+000
 1.00000000e+000 3.00014160e+001 1.59997962e+001 1.90012037e+001 1.20025989e+001 9.99964222e+001 3.30005988e+001 1.01799664e+003 1.00999441e+003 4.99674437e+000 1.00218046e+000 1.90027468e+001 1.00000000e+000 0.00000000e+000 0.00000000e+000 0.00000000e+000
 1.00000000e+000 2.90021834e+001 1.80241887e+001 1.79697513e+001 1.29811390e+001 9.39727656e+001 3.69926899e+001 1.01399921e+003 1.01001201e+003 4.93858836e+000 9.66696303e-001 2.09964790e+001 0.00000000e+000 0.00000000e+000 0.00000000e+000 1.00000000e+000
 1.00000000e+000 3.19876124e+001 1.80043371e+001 1.79843798e+001 1.29798196e+001 9.40034066e+001 3.29966461e+001 1.01198158e+003 1.00798880e+003 5.00860937e+000 9.92849502e-001 1.47981590e+002 0.00000000e+000 0.00000000e+000 1.00000000e+000 0.00000000e+000
 1.00000000e+000 3.49965321e+001 1.89988676e+001 1.90005422e+001 9.99983883e+000 9.39901512e+001 2.29947687e+001 1.01199737e+003 1.00799374e+003 4.99487576e+000 9.99110076e-001 1.10025085e+001 0.00000000e+000 0.00000000e+000 1.00000000e+000 0.00000000e+000
 1.00000000e+000 3.50098679e+001 2.19951770e+001 1.70111789e+001 1.00170101e+001 6.49986357e+001 2.60170286e+001 1.01400532e+003 1.00898522e+003 2.97313917e+000 1.01381392e+000 2.29928387e+001 0.00000000e+000 0.00000000e+000 0.00000000e+000 1.00000000e+000
 1.00000000e+000 3.59760951e+001 2.39998116e+001 1.89846139e+001 9.70608221e-001 6.90100380e+001 1.19871712e+001 1.01097605e+003 1.00499395e+003 3.03486712e+000 9.76011406e-001 3.70137795e+001 0.00000000e+000 0.00000000e+000 0.00000000e+000 1.00000000e+000
 1.00000000e+000 3.39959901e+001 1.99964278e+001 2.09995636e+001 1.09979625e+001 7.79983503e+001 3.19971278e+001 1.01199135e+003 1.00699608e+003 4.99711306e+000 1.00175422e+000 2.60004226e+001 1.00000000e+000 0.00000000e+000 0.00000000e+000 0.00000000e+000
 1.00000000e+000 3.69980388e+001 1.90005708e+001 1.80001736e+001 1.00001699e+001 8.29972822e+001 1.90009454e+001 1.01399290e+003 1.00799395e+003 4.99778170e+000 1.00039569e+000 2.59991570e+001 0.00000000e+000 0.00000000e+000 0.00000000e+000 1.00000000e+000
 1.00000000e+000 3.90081125e+001 2.09961814e+001 1.69990708e+001 9.00947539e+000 7.29832493e+001 1.60173032e+001 1.01098912e+003 1.00300195e+003 4.98759810e+000 9.83276796e-001 2.30118760e+001 0.00000000e+000 0.00000000e+000 0.00000000e+000 1.00000000e+000
 1.00000000e+000 3.99944860e+001 2.49998476e+001 1.60077547e+001 8.00335836e+000 5.09946417e+001 1.40336072e+001 1.00601370e+003 1.00098971e+003 4.97524900e+000 9.97060203e-001 1.90084575e+001 0.00000000e+000 0.00000000e+000 0.00000000e+000 1.00000000e+000
 1.00000000e+000 4.00141396e+001 2.59941120e+001 2.00027084e+001 9.01744720e+000 5.09987347e+001 1.60085106e+001 1.00799053e+003 1.00399552e+003 1.99214983e+000 1.00167894e+000 1.39992979e+001 0.00000000e+000 0.00000000e+000 0.00000000e+000 1.00000000e+000
 1.00000000e+000 3.89993036e+001 2.60007278e+001 1.70064799e+001 1.10100474e+001 5.39970467e+001 2.00039821e+001 1.01099798e+003 1.00499137e+003 2.98719356e+000 1.00199084e+000 2.09977093e+001 0.00000000e+000 0.00000000e+000 0.00000000e+000 1.00000000e+000
 1.00000000e+000 3.60119598e+001 2.49945467e+001 1.70062482e+001 9.01541118e+000 6.09954682e+001 2.50067825e+001 1.00998841e+003 1.00499140e+003 2.99140196e+000 1.00204035e+000 2.60011800e+001 0.00000000e+000 0.00000000e+000 0.00000000e+000 1.00000000e+000
 1.00000000e+000 3.40000563e+001 2.19996197e+001 1.90006288e+001 1.10012565e+001 7.79967227e+001 2.40012413e+001 1.01099381e+003 1.00599359e+003 2.99592520e+000 1.00074258e+000 2.59994252e+001 1.00000000e+000 0.00000000e+000 0.00000000e+000 0.00000000e+000
 1.00000000e+000 3.39994404e+001 2.29998469e+001 1.80008277e+001 1.20009013e+001 7.29986332e+001 3.09994032e+001 1.01399226e+003 9.99994061e+002 4.99602066e+000 2.99966462e+000 2.09999125e+001 0.00000000e+000 0.00000000e+000 0.00000000e+000 1.00000000e+000
 1.00000000e+000 3.19976872e+001 2.20048796e+001 2.10005455e+001 1.50006086e+001 9.39830892e+001 3.59945893e+001 1.01499074e+003 1.01000035e+003 5.01007769e+000 2.98164677e+000 2.30008439e+001 0.00000000e+000 1.00000000e+000 0.00000000e+000 0.00000000e+000
 1.00000000e+000 3.40114418e+001 2.19898488e+001 1.90045660e+001 1.20114564e+001 7.29903500e+001 2.80181951e+001 1.01299827e+003 1.00599513e+003 4.98191867e+000 9.98344690e-001 5.50005425e+001 1.00000000e+000 0.00000000e+000 0.00000000e+000 0.00000000e+000
 1.00000000e+000 3.10002240e+001 1.99978976e+001 2.00086518e+001 1.10076353e+001 9.39336681e+001 3.99930057e+001 1.01097241e+003 1.00698362e+003 3.97149881e+000 9.59994733e-001 3.69938465e+001 1.00000000e+000 0.00000000e+000 0.00000000e+000 0.00000000e+000
 1.00000000e+000 3.00036828e+001 1.89982723e+001 2.00011834e+001 1.40035791e+001 9.99929981e+001 3.69996367e+001 1.01099666e+003 1.00799471e+003 4.99751884e+000 2.00006040e+000 3.39948356e+001 1.00000000e+000 0.00000000e+000 0.00000000e+000 0.00000000e+000
 1.00000000e+000 3.10011252e+001 1.99996538e+001 2.00003167e+001 1.10018423e+001 8.79953128e+001 3.80006064e+001 1.01199505e+003 1.00699288e+003 2.99625787e+000 9.99707079e-001 2.29990262e+001 0.00000000e+000 0.00000000e+000 0.00000000e+000 1.00000000e+000
 1.00000000e+000 3.10088725e+001 1.79984501e+001 2.00011309e+001 1.00065356e+001 8.79813681e+001 2.90026592e+001 1.01100073e+003 1.00700882e+003 7.97766558e+000 1.00143621e+000 2.70005351e+001 0.00000000e+000 1.00000000e+000 0.00000000e+000 0.00000000e+000
 1.00000000e+000 3.40002920e+001 2.00035763e+001 1.60058561e+001 1.00057017e+001 6.80012525e+001 2.30039500e+001 1.00899732e+003 1.00399141e+003 7.98606350e+000 2.00614261e+000 2.29966505e+001 0.00000000e+000 0.00000000e+000 0.00000000e+000 1.00000000e+000
 1.00000000e+000 3.69975824e+001 2.19932762e+001 1.59971439e+001 7.99425392e+000 6.90027348e+001 1.70008797e+001 1.00800009e+003 1.00400072e+003 6.00151969e+000 9.96127750e-001 2.70046062e+001 0.00000000e+000 0.00000000e+000 0.00000000e+000 1.00000000e+000
 1.00000000e+000 4.00088446e+001 2.39921880e+001 1.50090751e+001 9.01318053e+000 4.99886977e+001 1.50047147e+001 1.00799066e+003 1.00399582e+003 5.98734965e+000 1.99642731e+000 2.70026384e+001 0.00000000e+000 0.00000000e+000 0.00000000e+000 1.00000000e+000
 1.00000000e+000 4.09985509e+001 2.49695145e+001 1.59891132e+001 8.98405489e+000 4.99948235e+001 1.39717435e+001 1.00898145e+003 1.00498474e+003 5.98852516e+000 1.01189044e+000 2.29917257e+001 0.00000000e+000 0.00000000e+000 0.00000000e+000 1.00000000e+000
 1.00000000e+000 4.09915783e+001 2.50033275e+001 1.69966824e+001 1.09936608e+001 5.70073324e+001 1.69964916e+001 1.00699098e+003 1.00199447e+003 5.00427842e+000 9.98179823e-001 2.29996012e+001 0.00000000e+000 0.00000000e+000 0.00000000e+000 1.00000000e+000
 1.00000000e+000 4.19938978e+001 2.60005471e+001 1.70048215e+001 1.09961043e+001 4.70062452e+001 1.60025139e+001 1.00498950e+003 1.00198881e+003 4.99001946e+000 2.01052259e+000 2.40169880e+001 0.00000000e+000 0.00000000e+000 0.00000000e+000 1.00000000e+000
 1.00000000e+000 4.19892864e+001 3.00002564e+001 1.50077475e+001 9.99696180e+000 3.60053746e+001 1.59978661e+001 1.00499131e+003 1.00099174e+003 4.99998168e+000 2.99529670e+000 4.49976424e+001 0.00000000e+000 0.00000000e+000 0.00000000e+000 1.00000000e+000
 1.00000000e+000 4.19993668e+001 2.79949162e+001 1.40061839e+001 8.00681240e+000 3.50077226e+001 1.60055034e+001 1.00199489e+003 9.98991666e+002 4.00397442e+000 1.99478136e+000 3.69949067e+001 0.00000000e+000 0.00000000e+000 0.00000000e+000 1.00000000e+000
 1.00000000e+000 4.19976263e+001 2.90396332e+001 1.40036948e+001 7.01554173e+000 3.09847549e+001 1.50122064e+001 1.00396023e+003 9.98991499e+002 3.98238652e+000 2.98008026e+000 1.62954817e+002 0.00000000e+000 0.00000000e+000 0.00000000e+000 1.00000000e+000
 1.00000000e+000 4.29859423e+001 2.90028223e+001 1.79955694e+001 1.19882690e+001 4.20077178e+001 1.69981632e+001 1.00599094e+003 1.00199196e+003 5.00281337e+000 1.99289062e+000 1.90018152e+001 0.00000000e+000 0.00000000e+000 0.00000000e+000 1.00000000e+000
 1.00000000e+000 4.20000020e+001 2.60006016e+001 1.79849290e+001 9.99367724e+000 5.10059540e+001 2.19933167e+001 1.00697804e+003 1.00300726e+003 4.02214974e+000 9.84633379e-001 3.70066333e+001 0.00000000e+000 0.00000000e+000 0.00000000e+000 1.00000000e+000
 1.00000000e+000 4.09841498e+001 2.60050604e+001 1.90061889e+001 1.39929750e+001 5.80077933e+001 2.19991997e+001 1.00598790e+003 9.99991662e+002 2.99637143e+000 9.98528214e-001 1.09996022e+001 1.00000000e+000 0.00000000e+000 0.00000000e+000 0.00000000e+000
 1.00000000e+000 3.80303408e+001 2.70132127e+001 1.89513070e+001 9.01408532e+000 4.50125341e+001 2.40173138e+001 1.00200858e+003 9.98015473e+002 3.95615160e+000 1.00368038e+000 2.69413533e+001 0.00000000e+000 0.00000000e+000 0.00000000e+000 1.00000000e+000
 1.00000000e+000 3.89999140e+001 2.60005339e+001 1.60024286e+001 1.00015344e+001 4.40007681e+001 2.19981733e+001 1.00399381e+003 9.99996533e+002 5.99004545e+000 2.99610718e+000 2.09994197e+001 1.00000000e+000 0.00000000e+000 0.00000000e+000 0.00000000e+000
 1.00000000e+000 4.20058938e+001 2.69914461e+001 2.00025333e+001 1.30058440e+001 4.79940766e+001 2.00031479e+001 1.00499422e+003 9.99997574e+002 4.98708712e+000 2.99832151e+000 1.90048199e+001 0.00000000e+000 0.00000000e+000 0.00000000e+000 1.00000000e+000
 1.00000000e+000 4.29955316e+001 2.99960566e+001 1.80079239e+001 1.40008261e+001 4.30037416e+001 2.10046512e+001 1.00300011e+003 9.97994311e+002 4.99234754e+000 3.00178164e+000 3.40038358e+001 0.00000000e+000 0.00000000e+000 0.00000000e+000 1.00000000e+000
 1.00000000e+000 3.99940667e+001 3.00039082e+001 2.09949451e+001 1.49951875e+001 4.30101577e+001 3.09916353e+001 1.00398966e+003 9.97996164e+002 3.00651617e+000 1.99807297e+000 3.19938400e+001 0.00000000e+000 0.00000000e+000 0.00000000e+000 1.00000000e+000
 1.00000000e+000 4.19895901e+001 2.69997536e+001 1.90025351e+001 1.09932762e+001 4.60055036e+001 1.79956211e+001 1.00299095e+003 9.98999680e+002 3.00827413e+000 2.00178747e+000 2.70153273e+001 0.00000000e+000 0.00000000e+000 0.00000000e+000 1.00000000e+000
 1.00000000e+000 4.29960780e+001 2.89996740e+001 1.60001482e+001 1.09990449e+001 3.70049684e+001 1.79991000e+001 1.00199189e+003 9.96995313e+002 2.99810244e+000 9.97892918e-001 2.30009291e+001 0.00000000e+000 0.00000000e+000 0.00000000e+000 1.00000000e+000
 1.00000000e+000 4.49852598e+001 3.40031621e+001 1.49955829e+001 1.19861057e+001 2.80110756e+001 1.39886623e+001 9.99981991e+002 9.94999309e+002 3.00904142e+000 9.93065587e-001 3.70017891e+001 0.00000000e+000 0.00000000e+000 0.00000000e+000 1.00000000e+000
 1.00000000e+000 4.59993814e+001 3.29914840e+001 1.69924058e+001 9.99923870e+000 3.19980698e+001 1.40159524e+001 1.00199294e+003 9.96988191e+002 2.98275914e+000 9.89563992e-001 2.69959201e+001 0.00000000e+000 0.00000000e+000 0.00000000e+000 1.00000000e+000
 1.00000000e+000 4.39985621e+001 3.00015786e+001 1.89928687e+001 1.19981614e+001 4.60053397e+001 1.49973297e+001 1.00398844e+003 9.98996635e+002 3.99458823e+000 3.00117358e+000 2.69966343e+001 0.00000000e+000 0.00000000e+000 0.00000000e+000 1.00000000e+000
 1.00000000e+000 4.40006507e+001 3.09947236e+001 1.80013871e+001 1.20013033e+001 4.59837954e+001 1.50000420e+001 1.00298370e+003 9.98001202e+002 3.98550057e+000 1.99466433e+000 2.60060545e+001 0.00000000e+000 0.00000000e+000 0.00000000e+000 1.00000000e+000
 1.00000000e+000 4.29865098e+001 3.09968757e+001 1.69936375e+001 1.29864255e+001 3.79991913e+001 1.69969765e+001 1.00300235e+003 9.99001874e+002 3.99779402e+000 1.98326890e+000 2.39941695e+001 0.00000000e+000 0.00000000e+000 0.00000000e+000 1.00000000e+000
 1.00000000e+000 4.30001560e+001 2.79957438e+001 1.79944775e+001 8.00051974e+000 4.50039252e+001 1.70031856e+001 1.00498909e+003 9.98998576e+002 4.00329564e+000 9.95420249e-001 4.69942667e+001 0.00000000e+000 0.00000000e+000 0.00000000e+000 1.00000000e+000
 1.00000000e+000 3.39976729e+001 2.39968875e+001 1.50042477e+001 9.99834408e+000 5.40017727e+001 2.39914387e+001 1.00699987e+003 1.00300256e+003 5.00486241e+000 2.99714630e+000 2.60009103e+001 1.00000000e+000 0.00000000e+000 0.00000000e+000 0.00000000e+000
 1.00000000e+000 2.89990028e+001 2.10031477e+001 2.00002923e+001 1.09989295e+001 8.29978460e+001 3.69965004e+001 1.00899320e+003 1.00299352e+003 6.99847292e+000 1.00226263e+000 2.30039734e+001 0.00000000e+000 0.00000000e+000 0.00000000e+000 1.00000000e+000
 1.00000000e+000 3.19725179e+001 2.39949831e+001 1.89718481e+001 1.29527162e+001 6.50149303e+001 3.59569631e+001 1.00697277e+003 1.00198457e+003 3.99945179e+000 1.99853637e+000 1.40029961e+001 1.00000000e+000 0.00000000e+000 0.00000000e+000 0.00000000e+000
 1.00000000e+000 3.50002678e+001 2.49992454e+001 2.80029043e+001 1.10038667e+001 8.89946576e+001 3.29989448e+001 1.00599582e+003 1.00099070e+003 3.99416711e+000 1.00368189e+000 2.29987040e+001 0.00000000e+000 0.00000000e+000 0.00000000e+000 1.00000000e+000
 1.00000000e+000 3.39992152e+001 2.29970465e+001 2.69947574e+001 1.59971180e+001 9.39969555e+001 3.59969616e+001 1.00599626e+003 1.00099395e+003 7.99865796e+000 3.00147141e+000 2.09977427e+001 0.00000000e+000 0.00000000e+000 0.00000000e+000 1.00000000e+000
 1.00000000e+000 3.40107583e+001 2.60107843e+001 2.39558697e+001 1.29929670e+001 8.39947854e+001 3.40123320e+001 1.00497863e+003 1.00098066e+003 6.95928626e+000 1.00258403e+000 2.69686149e+001 0.00000000e+000 0.00000000e+000 0.00000000e+000 1.00000000e+000
 1.00000000e+000 3.69969440e+001 2.40022851e+001 2.49963285e+001 1.79955993e+001 9.99957694e+001 3.19961552e+001 1.00499215e+003 1.00099335e+003 7.99807971e+000 2.00276916e+000 1.90029288e+001 0.00000000e+000 0.00000000e+000 0.00000000e+000 1.00000000e+000
 1.00000000e+000 3.89944114e+001 2.60023831e+001 2.29947765e+001 1.79930173e+001 8.29994089e+001 2.89946707e+001 1.00399132e+003 9.97995656e+002 5.00430652e+000 1.99847017e+000 2.89999659e+001 0.00000000e+000 0.00000000e+000 0.00000000e+000 1.00000000e+000
 1.00000000e+000 4.30006208e+001 2.99955158e+001 2.39996731e+001 1.30022923e+001 6.59935211e+001 1.70028813e+001 9.98995142e+002 9.93998146e+002 3.99469686e+000 1.99625007e+000 2.40017698e+001 0.00000000e+000 0.00000000e+000 0.00000000e+000 1.00000000e+000
 1.00000000e+000 4.29996759e+001 3.20005402e+001 1.89999226e+001 1.30028550e+001 4.59990227e+001 1.79982887e+001 9.97990203e+002 9.92997514e+002 3.99711096e+000 9.96485551e-001 3.99946540e+001 0.00000000e+000 0.00000000e+000 0.00000000e+000 1.00000000e+000
 1.00000000e+000 4.19970478e+001 3.29978027e+001 1.99980541e+001 1.10026104e+001 4.40037598e+001 1.89972999e+001 9.99995588e+002 9.94995701e+002 2.99531305e+000 9.96752154e-001 3.69994583e+001 0.00000000e+000 0.00000000e+000 0.00000000e+000 1.00000000e+000
 1.00000000e+000 3.49985191e+001 2.69926502e+001 2.00159433e+001 1.10127244e+001 5.40039580e+001 2.70087706e+001 1.00400013e+003 9.99000336e+002 4.98245480e+000 2.01354380e+000 2.70001048e+001 1.00000000e+000 0.00000000e+000 0.00000000e+000 0.00000000e+000
 1.00000000e+000 3.39987913e+001 2.30020788e+001 2.09995984e+001 1.29991601e+001 6.90080994e+001 3.29992133e+001 1.00399162e+003 9.98997295e+002 6.99257298e+000 3.00609878e+000 1.90051555e+001 1.00000000e+000 0.00000000e+000 0.00000000e+000 0.00000000e+000
 1.00000000e+000 3.69951646e+001 2.20087467e+001 2.10039338e+001 9.00244269e+000 6.19936842e+001 2.99890484e+001 1.00598815e+003 9.98000421e+002 6.99631632e+000 9.97720156e-001 4.69899948e+001 1.00000000e+000 0.00000000e+000 0.00000000e+000 0.00000000e+000
 1.00000000e+000 3.49957561e+001 2.30014521e+001 1.99977149e+001 6.99671488e+000 6.50021189e+001 3.19945233e+001 1.00299323e+003 9.98995251e+002 5.00198604e+000 9.98720658e-001 2.70002939e+001 1.00000000e+000 0.00000000e+000 0.00000000e+000 0.00000000e+000
 1.00000000e+000 3.70005672e+001 2.49978025e+001 2.20027609e+001 1.30000501e+001 6.49936258e+001 3.00017114e+001 1.00099453e+003 9.96995967e+002 4.99127796e+000 2.99864239e+000 2.90015631e+001 1.00000000e+000 0.00000000e+000 0.00000000e+000 0.00000000e+000
 1.00000000e+000 3.89983311e+001 2.49997953e+001 2.30011947e+001 1.10003039e+001 6.19995759e+001 3.29946319e+001 1.00099377e+003 9.96996144e+002 3.99927821e+000 2.00042158e+000 2.60013086e+001 1.00000000e+000 0.00000000e+000 0.00000000e+000 0.00000000e+000
 1.00000000e+000 3.90047433e+001 3.09957856e+001 2.10054509e+001 1.50078400e+001 5.19985635e+001 2.70017443e+001 1.00399728e+003 9.98994998e+002 3.99034076e+000 3.00325518e+000 1.40010187e+001 1.00000000e+000 0.00000000e+000 0.00000000e+000 0.00000000e+000
 1.00000000e+000 3.89942786e+001 2.89921578e+001 2.19959512e+001 1.39939105e+001 6.60034418e+001 2.69942481e+001 1.00400112e+003 9.98996968e+002 4.00551496e+000 2.99068993e+000 2.59898189e+001 0.00000000e+000 0.00000000e+000 0.00000000e+000 1.00000000e+000
 1.00000000e+000 3.29982959e+001 2.40014259e+001 1.80006045e+001 1.00253104e+000 6.50038406e+001 2.19985235e+001 1.00499568e+003 9.98994059e+002 3.99854760e+000 1.00441935e+000 2.89973387e+001 0.00000000e+000 0.00000000e+000 0.00000000e+000 1.00000000e+000
 1.00000000e+000 3.29947715e+001 2.29994967e+001 1.89984301e+001 6.99869619e+000 6.10015747e+001 2.09992859e+001 1.00399471e+003 9.98996102e+002 4.00160762e+000 9.99230356e-001 1.89998063e+001 1.00000000e+000 0.00000000e+000 0.00000000e+000 0.00000000e+000
 1.00000000e+000 3.60003411e+001 2.69899876e+001 1.99989864e+001 1.30043850e+001 6.50000959e+001 2.90031699e+001 1.00100806e+003 9.96997076e+002 3.99887898e+000 9.88571309e-001 2.29808276e+001 1.00000000e+000 0.00000000e+000 0.00000000e+000 0.00000000e+000
 1.00000000e+000 3.10109421e+001 2.29954767e+001 2.10172356e+001 1.10174880e+001 7.79906537e+001 3.70013548e+001 1.00300488e+003 9.97994680e+002 5.98642565e+000 2.01147754e+000 2.70004037e+001 0.00000000e+000 0.00000000e+000 0.00000000e+000 1.00000000e+000
 1.00000000e+000 3.70028684e+001 2.49983665e+001 2.20012734e+001 1.70032509e+001 8.29950878e+001 3.20016881e+001 1.00599652e+003 9.95993111e+002 4.99119794e+000 1.00325947e+000 1.39998707e+001 1.00000000e+000 0.00000000e+000 0.00000000e+000 0.00000000e+000
 1.00000000e+000 3.50017519e+001 2.80006000e+001 2.19998492e+001 1.50026392e+001 6.60019829e+001 3.00006624e+001 9.99997224e+002 9.96993028e+002 3.99324731e+000 2.00424324e+000 1.89969225e+001 0.00000000e+000 1.00000000e+000 0.00000000e+000 1.00000000e+000
 1.00000000e+000 3.89955618e+001 2.70010314e+001 2.39932358e+001 1.79944986e+001 7.00031131e+001 3.09986783e+001 1.00099422e+003 9.94995342e+002 3.99941917e+000 2.00524047e+000 2.09976065e+001 1.00000000e+000 0.00000000e+000 0.00000000e+000 0.00000000e+000
 1.00000000e+000 3.70050215e+001 2.89957127e+001 2.30007550e+001 2.10049282e+001 6.59908450e+001 3.89951025e+001 9.99992081e+002 9.95996861e+002 4.99470367e+000 1.99803324e+000 2.29964695e+001 0.00000000e+000 0.00000000e+000 1.00000000e+000 1.00000000e+000
 1.00000000e+000 3.99989210e+001 2.99969314e+001 2.50009173e+001 1.99996975e+001 7.39952298e+001 3.09989108e+001 1.00099404e+003 9.95993510e+002 4.99658752e+000 2.99854107e+000 1.90017372e+001 0.00000000e+000 0.00000000e+000 0.00000000e+000 1.00000000e+000
 1.00000000e+000 3.89988064e+001 3.09996226e+001 2.40001478e+001 2.09990125e+001 6.59993758e+001 3.69958158e+001 1.00199339e+003 9.95994443e+002 3.99713339e+000 3.00118435e+000 2.30005394e+001 0.00000000e+000 0.00000000e+000 0.00000000e+000 1.00000000e+000
 1.00000000e+000 3.29954668e+001 2.50038301e+001 2.49967185e+001 1.99933266e+001 8.30003807e+001 5.49911123e+001 1.00299305e+003 9.96992579e+002 4.00417781e+000 1.99984151e+000 1.90048991e+001 0.00000000e+000 0.00000000e+000 0.00000000e+000 1.00000000e+000
 1.00000000e+000 3.60055569e+001 2.79996094e+001 2.39981901e+001 2.10046512e+001 7.90110870e+001 4.10097471e+001 9.99992847e+002 9.95001748e+002 6.99355588e+000 2.01556944e+000 2.59873556e+001 1.00000000e+000 0.00000000e+000 0.00000000e+000 0.00000000e+000
 1.00000000e+000 3.10055814e+001 2.39966464e+001 2.40022528e+001 2.00024382e+001 8.89927687e+001 5.79946969e+001 9.98995451e+002 9.94992873e+002 3.98843068e+000 2.00822323e+000 2.30041804e+001 0.00000000e+000 0.00000000e+000 0.00000000e+000 1.00000000e+000
 1.00000000e+000 3.20060054e+001 2.69998693e+001 2.50035180e+001 2.30063710e+001 8.89912820e+001 5.89966298e+001 9.98995044e+002 9.94991382e+002 2.99130031e+000 1.00520539e+000 1.90005765e+001 0.00000000e+000 0.00000000e+000 0.00000000e+000 0.00000000e+000
 1.00000000e+000 3.49933600e+001 2.69999275e+001 2.49927641e+001 2.19890547e+001 8.39965405e+001 4.89860944e+001 9.99981135e+002 9.96991885e+002 5.00202846e+000 9.98769111e-001 2.10023168e+001 0.00000000e+000 1.00000000e+000 0.00000000e+000 0.00000000e+000
 1.00000000e+000 3.69991750e+001 2.69816591e+001 2.50094942e+001 2.10018293e+001 7.89830764e+001 3.89966432e+001 1.00098586e+003 9.95996768e+002 4.99010295e+000 2.99359832e+000 2.29967990e+001 1.00000000e+000 0.00000000e+000 0.00000000e+000 1.00000000e+000
 1.00000000e+000 3.59941679e+001 2.80013397e+001 2.59921775e+001 1.99909492e+001 7.00069015e+001 4.89857561e+001 9.98990201e+002 9.93994762e+002 6.00830404e+000 2.99697341e+000 2.89956094e+001 0.00000000e+000 0.00000000e+000 0.00000000e+000 1.00000000e+000
 1.00000000e+000 3.59955253e+001 2.90048462e+001 2.49849829e+001 2.29869961e+001 7.40037117e+001 4.69913656e+001 9.98985573e+002 9.94995465e+002 4.00492866e+000 2.99668561e+000 1.90041939e+001 0.00000000e+000 0.00000000e+000 0.00000000e+000 1.00000000e+000
 1.00000000e+000 3.40018273e+001 2.99969365e+001 2.40016889e+001 2.00008392e+001 6.59963920e+001 5.19933503e+001 9.98994237e+002 9.95993611e+002 3.99507610e+000 3.00171272e+000 2.30003882e+001 0.00000000e+000 0.00000000e+000 0.00000000e+000 0.00000000e+000
 1.00000000e+000 3.49953818e+001 2.50031033e+001 2.49931283e+001 2.09901468e+001 8.89961003e+001 4.89882403e+001 9.98997972e+002 9.97000637e+002 3.99579601e+000 3.00235257e+000 2.30013827e+001 0.00000000e+000 0.00000000e+000 0.00000000e+000 1.00000000e+000
 1.00000000e+000 3.20010151e+001 2.59992934e+001 2.39992121e+001 2.19990399e+001 8.89975148e+001 6.19930362e+001 9.99994693e+002 9.97991739e+002 4.99903914e+000 3.00131132e+000 1.40010279e+001 1.00000000e+000 0.00000000e+000 0.00000000e+000 0.00000000e+000
 1.00000000e+000 3.29998060e+001 2.59994560e+001 2.79986189e+001 2.29979598e+001 9.39970960e+001 5.49935882e+001 9.99995206e+002 9.96992604e+002 4.00051024e+000 2.00229948e+000 1.90002197e+001 1.00000000e+000 0.00000000e+000 0.00000000e+000 0.00000000e+000
 1.00000000e+000 3.30063130e+001 2.70104323e+001 2.50084430e+001 2.30119319e+001 8.89926054e+001 5.49838772e+001 9.99992650e+002 9.96997281e+002 3.99555710e+000 2.01116608e+000 2.29928910e+001 1.00000000e+000 0.00000000e+000 0.00000000e+000 0.00000000e+000
 1.00000000e+000 3.49995535e+001 2.69956303e+001 2.59864750e+001 2.19952892e+001 9.40070736e+001 4.89848352e+001 9.99994611e+002 9.96991937e+002 4.01268833e+000 2.01534722e+000 1.39890153e+001 0.00000000e+000 0.00000000e+000 0.00000000e+000 1.00000000e+000
 1.00000000e+000 3.69964461e+001 2.70016418e+001 2.50112138e+001 2.30031591e+001 8.89902058e+001 4.69891839e+001 9.99991921e+002 9.95990798e+002 4.99098543e+000 2.00255790e+000 1.10006688e+001 0.00000000e+000 0.00000000e+000 0.00000000e+000 0.00000000e+000
 1.00000000e+000 3.59984558e+001 2.89947812e+001 2.59933925e+001 2.29923630e+001 7.90081744e+001 4.70032213e+001 1.00099532e+003 9.96987793e+002 3.99801869e+000 3.00614904e+000 1.90060737e+001 0.00000000e+000 0.00000000e+000 0.00000000e+000 1.00000000e+000
 1.00000000e+000 3.50030265e+001 2.69984839e+001 2.50029313e+001 2.30036632e+001 8.89922476e+001 5.49938404e+001 1.00299333e+003 9.98992068e+002 4.99034411e+000 3.00333184e+000 2.29969905e+001 1.00000000e+000 0.00000000e+000 0.00000000e+000 0.00000000e+000
 1.00000000e+000 3.60033556e+001 2.69976067e+001 2.50021971e+001 2.30033914e+001 8.39958322e+001 4.89982517e+001 1.00299615e+003 9.99992937e+002 2.99526700e+000 1.00321926e+000 1.89996865e+001 0.00000000e+000 1.00000000e+000 0.00000000e+000 0.00000000e+000
 1.00000000e+000 3.50024718e+001 2.79979998e+001 2.69982935e+001 2.39999659e+001 8.39950772e+001 5.59929894e+001 1.00199385e+003 9.96993025e+002 3.99462474e+000 2.00279103e+000 1.29983692e+001 0.00000000e+000 1.00000000e+000 0.00000000e+000 0.00000000e+000
 1.00000000e+000 3.49987820e+001 2.89985813e+001 2.69980871e+001 2.19971703e+001 8.39995315e+001 4.89947349e+001 9.98994714e+002 9.95993391e+002 5.00146356e+000 3.00023952e+000 2.30003254e+001 0.00000000e+000 0.00000000e+000 0.00000000e+000 1.00000000e+000
 1.00000000e+000 3.40049073e+001 2.79777407e+001 2.50005060e+001 2.29963281e+001 7.89931593e+001 5.49859307e+001 9.98997383e+002 9.95991211e+002 4.99535667e+000 3.00497315e+000 1.89959921e+001 0.00000000e+000 0.00000000e+000 0.00000000e+000 1.00000000e+000
 1.00000000e+000 3.90025286e+001 2.99947005e+001 2.50119028e+001 2.10108944e+001 7.39894202e+001 3.70012191e+001 9.99996436e+002 9.94990853e+002 4.98673606e+000 3.00445484e+000 1.09982765e+001 0.00000000e+000 0.00000000e+000 0.00000000e+000 1.00000000e+000
 1.00000000e+000 3.90110086e+001 2.99979103e+001 2.50112164e+001 2.20351131e+001 7.39857297e+001 3.70128247e+001 1.00000547e+003 9.94977978e+002 4.97928058e+000 2.99629139e+000 1.60009744e+001 0.00000000e+000 0.00000000e+000 0.00000000e+000 1.00000000e+000
 1.00000000e+000 3.70055908e+001 2.59978461e+001 2.59992704e+001 2.30045133e+001 8.89995040e+001 4.69991635e+001 1.00099599e+003 9.96994647e+002 4.99631856e+000 2.00522222e+000 3.69950749e+001 0.00000000e+000 0.00000000e+000 0.00000000e+000 1.00000000e+000
 1.00000000e+000 3.60011416e+001 2.69978815e+001 2.60012445e+001 2.00628934e+000 9.39932695e+001 1.60026577e+001 1.00099516e+003 9.94995557e+002 3.99720600e+000 1.00402158e+000 1.40038792e+001 1.00000000e+000 0.00000000e+000 0.00000000e+000 0.00000000e+000
 1.00000000e+000 3.79999381e+001 2.89988297e+001 2.59992673e+001 2.29995400e+001 8.39984896e+001 4.19963970e+001 9.98994799e+002 9.95993871e+002 4.99975730e+000 2.00202293e+000 1.40005131e+001 0.00000000e+000 0.00000000e+000 0.00000000e+000 1.00000000e+000
 1.00000000e+000 3.79999842e+001 2.99986567e+001 2.59996014e+001 2.19997530e+001 7.89988678e+001 4.19970113e+001 9.99994547e+002 9.95994223e+002 4.99921320e+000 3.00076277e+000 2.29995746e+001 0.00000000e+000 0.00000000e+000 0.00000000e+000 1.00000000e+000
 1.00000000e+000 3.50090888e+001 2.99960071e+001 2.50067337e+001 2.20151004e+001 6.59972162e+001 4.70111517e+001 1.00000269e+003 9.96997274e+002 7.00104907e+000 2.98501228e+000 2.89898693e+001 0.00000000e+000 0.00000000e+000 0.00000000e+000 1.00000000e+000
 1.00000000e+000 3.49967108e+001 2.80036480e+001 2.59922753e+001 2.19930334e+001 8.40016427e+001 4.89904131e+001 1.00098941e+003 9.96995748e+002 6.00651570e+000 2.99776664e+000 2.69983762e+001 0.00000000e+000 0.00000000e+000 0.00000000e+000 1.00000000e+000
 1.00000000e+000 3.40016582e+001 2.79984254e+001 2.59996788e+001 2.20002875e+001 8.89970013e+001 4.89964005e+001 1.00199508e+003 9.97993685e+002 4.99839681e+000 3.00168712e+000 2.29994160e+001 0.00000000e+000 1.00000000e+000 0.00000000e+000 0.00000000e+000
 1.00000000e+000 3.10015557e+001 2.60089761e+001 2.59965921e+001 2.29965879e+001 9.40197584e+001 7.39777290e+001 1.00199593e+003 9.98996583e+002 5.02241800e+000 2.01025650e+000 2.30127974e+001 0.00000000e+000 0.00000000e+000 0.00000000e+000 1.00000000e+000
 1.00000000e+000 3.30103357e+001 2.60434608e+001 2.59983577e+001 2.30183801e+001 9.39918715e+001 5.90112161e+001 1.00097855e+003 9.96975217e+002 5.96367719e+000 3.00224043e+000 2.30209689e+001 1.00000000e+000 0.00000000e+000 0.00000000e+000 0.00000000e+000
 1.00000000e+000 3.29929895e+001 2.80028991e+001 2.49989693e+001 2.19923260e+001 7.90044400e+001 5.19934500e+001 1.00098879e+003 9.96991052e+002 5.00320718e+000 2.99767707e+000 2.10059028e+001 1.00000000e+000 0.00000000e+000 0.00000000e+000 0.00000000e+000
 1.00000000e+000 3.49907336e+001 2.69948896e+001 2.49873142e+001 2.29813702e+001 8.39889502e+001 4.89919300e+001 1.00198854e+003 9.98002108e+002 5.00967000e+000 2.97566944e+000 1.30119648e+001 0.00000000e+000 1.00000000e+000 0.00000000e+000 0.00000000e+000
 1.00000000e+000 3.39970839e+001 2.80048361e+001 2.70000121e+001 2.39938223e+001 8.39943584e+001 5.59842970e+001 1.00097976e+003 9.96999736e+002 4.00134638e+000 2.00533041e+000 1.40111687e+001 0.00000000e+000 0.00000000e+000 0.00000000e+000 1.00000000e+000
 1.00000000e+000 3.39986075e+001 2.90015789e+001 2.69944419e+001 2.29949070e+001 8.90006843e+001 5.49896864e+001 9.99987399e+002 9.96992048e+002 4.00498083e+000 1.00062179e+000 1.90014164e+001 0.00000000e+000 0.00000000e+000 0.00000000e+000 1.00000000e+000
 1.00000000e+000 3.39790377e+001 2.90028689e+001 2.79822505e+001 2.49718201e+001 8.90204633e+001 5.89798327e+001 1.00098248e+003 9.96999462e+002 3.02879829e+000 1.00669828e+000 1.39875382e+001 1.00000000e+000 0.00000000e+000 0.00000000e+000 0.00000000e+000
 1.00000000e+000 3.10069107e+001 2.79948312e+001 2.70040160e+001 2.30076955e+001 9.39932427e+001 6.20003074e+001 1.00099836e+003 9.97992182e+002 2.99154405e+000 2.00314248e+000 1.39974486e+001 0.00000000e+000 1.00000000e+000 0.00000000e+000 0.00000000e+000
 1.00000000e+000 3.20035589e+001 2.69987461e+001 2.70043283e+001 2.40047784e+001 9.39991714e+001 6.99952196e+001 1.00199910e+003 9.98989239e+002 2.99551032e+000 1.00872206e+000 1.29967613e+001 0.00000000e+000 1.00000000e+000 0.00000000e+000 0.00000000e+000
 1.00000000e+000 3.49990134e+001 2.69966960e+001 2.70024322e+001 1.70006417e+001 8.89933743e+001 3.99985364e+001 1.00299432e+003 9.97991988e+002 6.99830473e+000 1.99792343e+000 1.60022614e+001 0.00000000e+000 0.00000000e+000 0.00000000e+000 1.00000000e+000
 1.00000000e+000 3.40005563e+001 2.90036743e+001 2.69950677e+001 2.39947237e+001 8.90018524e+001 5.89902794e+001 1.00199404e+003 9.97996176e+002 5.00600839e+000 1.99548526e+000 2.29993905e+001 0.00000000e+000 0.00000000e+000 0.00000000e+000 1.00000000e+000
 1.00000000e+000 3.49933866e+001 2.80172184e+001 2.69975892e+001 2.40001186e+001 9.40012518e+001 5.30063838e+001 1.00200443e+003 9.98982575e+002 4.97581146e+000 1.00307859e+000 1.89798971e+001 1.00000000e+000 0.00000000e+000 0.00000000e+000 0.00000000e+000
 1.00000000e+000 3.40032891e+001 2.70086520e+001 2.69898278e+001 2.40014722e+001 9.39947251e+001 6.30002835e+001 1.00298807e+003 9.99986790e+002 2.98715560e+000 1.00333040e+000 1.89855720e+001 0.00000000e+000 1.00000000e+000 0.00000000e+000 0.00000000e+000
 1.00000000e+000 3.30050335e+001 2.69970100e+001 2.60011732e+001 2.40038296e+001 9.39961108e+001 6.29981712e+001 1.00199758e+003 9.97993073e+002 6.99503382e+000 2.00358443e+000 2.59984310e+001 1.00000000e+000 0.00000000e+000 0.00000000e+000 1.00000000e+000
 1.00000000e+000 3.29954340e+001 2.60125326e+001 2.59893214e+001 2.29882298e+001 9.40151366e+001 6.19878231e+001 1.00098962e+003 9.97000363e+002 6.01072879e+000 2.00479302e+000 2.29947439e+001 0.00000000e+000 0.00000000e+000 0.00000000e+000 1.00000000e+000
 1.00000000e+000 3.39808932e+001 2.79925512e+001 2.49942404e+001 2.29675726e+001 7.90222202e+001 5.59725674e+001 1.00097427e+003 9.97994834e+002 5.99924468e+000 3.00373135e+000 2.40251898e+001 1.00000000e+000 0.00000000e+000 0.00000000e+000 0.00000000e+000
 1.00000000e+000 3.40016691e+001 2.80118173e+001 2.39868667e+001 2.09927112e+001 7.90173764e+001 4.89817886e+001 1.00299827e+003 1.00001961e+003 5.01757416e+000 3.00645890e+000 2.30090032e+001 0.00000000e+000 0.00000000e+000 0.00000000e+000 0.00000000e+000
 1.00000000e+000 3.49988797e+001 2.79972723e+001 2.49992997e+001 2.09968711e+001 7.40033913e+001 4.59938662e+001 1.00499808e+003 1.00099752e+003 7.00105549e+000 3.00271569e+000 2.30002337e+001 0.00000000e+000 0.00000000e+000 0.00000000e+000 1.00000000e+000
 1.00000000e+000 3.60039235e+001 2.79972383e+001 2.50032757e+001 2.00051512e+001 8.39971077e+001 4.09996686e+001 1.00299551e+003 9.98994809e+002 6.99818782e+000 3.00155452e+000 2.69986802e+001 0.00000000e+000 0.00000000e+000 0.00000000e+000 1.00000000e+000
 1.00000000e+000 3.59988591e+001 2.89996278e+001 2.29954763e+001 1.99964686e+001 6.20054172e+001 3.89973368e+001 1.00099329e+003 9.96996105e+002 5.00320213e+000 2.99791580e+000 2.59984056e+001 0.00000000e+000 0.00000000e+000 0.00000000e+000 1.00000000e+000
 1.00000000e+000 3.59823112e+001 2.80298468e+001 2.49860217e+001 2.09918691e+001 7.40152936e+001 4.10026133e+001 1.00398138e+003 9.98965605e+002 4.00885799e+000 2.99874788e+000 1.89723146e+001 0.00000000e+000 0.00000000e+000 0.00000000e+000 1.00000000e+000
 1.00000000e+000 3.30109215e+001 2.59933854e+001 2.50060151e+001 2.20107885e+001 8.89818753e+001 5.79999595e+001 1.00699662e+003 1.00399596e+003 6.98802097e+000 1.99568622e+000 2.30004137e+001 0.00000000e+000 0.00000000e+000 0.00000000e+000 1.00000000e+000
 1.00000000e+000 3.50030577e+001 2.69991822e+001 2.70021375e+001 2.30030193e+001 8.89961606e+001 5.29960831e+001 1.00699382e+003 1.00399351e+003 6.99702090e+000 3.00288161e+000 1.30028713e+001 0.00000000e+000 1.00000000e+000 0.00000000e+000 0.00000000e+000
 1.00000000e+000 3.50050905e+001 2.59963550e+001 2.70013229e+001 2.30048370e+001 9.39967688e+001 5.29979520e+001 1.00599765e+003 1.00199289e+003 4.99244856e+000 3.00261857e+000 1.89990122e+001 0.00000000e+000 0.00000000e+000 0.00000000e+000 1.00000000e+000
 1.00000000e+000 3.40032321e+001 2.69972105e+001 2.59992422e+001 1.60029458e+001 8.89938660e+001 4.29995582e+001 1.00499397e+003 1.00099516e+003 4.99639989e+000 1.99933348e+000 1.40025667e+001 0.00000000e+000 1.00000000e+000 0.00000000e+000 0.00000000e+000
 1.00000000e+000 3.40006477e+001 2.49999223e+001 2.79977424e+001 2.49984303e+001 9.99970126e+001 6.29940328e+001 1.00499401e+003 1.00099276e+003 3.00087560e+000 2.00156911e+000 1.40006517e+001 0.00000000e+000 0.00000000e+000 0.00000000e+000 1.00000000e+000
 1.00000000e+000 3.29921661e+001 2.70029072e+001 2.59893746e+001 1.99863252e+001 8.90000108e+001 5.79870043e+001 1.00698804e+003 1.00199715e+003 4.01138180e+000 1.99257532e+000 1.90046922e+001 1.00000000e+000 0.00000000e+000 0.00000000e+000 0.00000000e+000
 1.00000000e+000 3.49916589e+001 2.79978708e+001 2.60022156e+001 -2.29959414e+001 8.89970578e+001 4.00031795e+000 1.00699225e+003 1.00199613e+003 5.00658756e+000 1.00043918e+000 1.40109746e+001 1.00000000e+000 0.00000000e+000 0.00000000e+000 0.00000000e+000
 1.00000000e+000 3.60165879e+001 2.79762269e+001 2.60054013e+001 2.30181341e+001 8.39845564e+001 4.70083519e+001 1.00601181e+003 1.00099549e+003 5.97977076e+000 3.00305836e+000 1.39832152e+001 1.00000000e+000 0.00000000e+000 0.00000000e+000 0.00000000e+000
 1.00000000e+000 3.70003532e+001 2.89853056e+001 2.70020686e+001 2.29699898e+001 8.39740184e+001 4.69892374e+001 1.00398202e+003 9.99007518e+002 5.98869426e+000 2.98609708e+000 1.10336525e+001 0.00000000e+000 0.00000000e+000 0.00000000e+000 1.00000000e+000
 1.00000000e+000 3.39920297e+001 2.49983155e+001 2.70048611e+001 1.99948232e+001 8.89959867e+001 5.49943507e+001 1.00299697e+003 9.98991921e+002 5.00530878e+000 9.94773025e-001 2.30030907e+001 0.00000000e+000 0.00000000e+000 0.00000000e+000 1.00000000e+000
 1.00000000e+000 2.90032736e+001 2.60002605e+001 2.50006236e+001 2.10022745e+001 8.89963050e+001 6.19943046e+001 1.00599351e+003 1.00199278e+003 2.99767868e+000 1.00199803e+000 1.39989126e+001 1.00000000e+000 0.00000000e+000 0.00000000e+000 0.00000000e+000
 1.00000000e+000 3.49965201e+001 2.70036870e+001 2.60015342e+001 2.29963856e+001 8.90049009e+001 4.89929870e+001 1.00599781e+003 1.00099120e+003 5.00655452e+000 2.00085219e+000 1.10019238e+001 1.00000000e+000 0.00000000e+000 0.00000000e+000 0.00000000e+000
 1.00000000e+000 3.29893004e+001 2.90091583e+001 2.79862474e+001 2.39856864e+001 8.90165520e+001 6.19935978e+001 1.00297590e+003 9.97976148e+002 5.01843675e+000 9.97274657e-001 1.30029962e+001 0.00000000e+000 0.00000000e+000 0.00000000e+000 1.00000000e+000
 1.00000000e+000 3.40049629e+001 2.69959904e+001 2.59973673e+001 2.30021003e+001 8.89885634e+001 5.49952810e+001 1.00099491e+003 9.96997186e+002 4.99430800e+000 2.99358143e+000 2.40038362e+001 0.00000000e+000 1.00000000e+000 0.00000000e+000 0.00000000e+000
 1.00000000e+000 3.50061717e+001 2.69975869e+001 2.50045723e+001 2.00074408e+001 8.39943464e+001 4.90016439e+001 9.99997956e+002 9.96993883e+002 4.99119058e+000 3.00364953e+000 2.69981661e+001 0.00000000e+000 0.00000000e+000 0.00000000e+000 1.00000000e+000
 1.00000000e+000 3.49936378e+001 2.70026535e+001 2.59975635e+001 2.09952448e+001 7.50219029e+001 4.89916559e+001 1.00300203e+003 9.99992005e+002 4.01371927e+000 3.00462337e+000 2.09886365e+001 0.00000000e+000 0.00000000e+000 0.00000000e+000 1.00000000e+000
 1.00000000e+000 3.50026326e+001 2.60026285e+001 2.49965639e+001 2.10016192e+001 7.90093880e+001 4.39939234e+001 1.00499808e+003 1.00199341e+003 4.99257474e+000 3.01118924e+000 1.89933574e+001 0.00000000e+000 0.00000000e+000 0.00000000e+000 1.00000000e+000
 1.00000000e+000 3.60031580e+001 2.79871614e+001 2.60154728e+001 1.80112785e+001 7.89937030e+001 3.39926173e+001 1.00500463e+003 1.00099480e+003 4.99352565e+000 3.01384690e+000 2.09863467e+001 0.00000000e+000 0.00000000e+000 0.00000000e+000 1.00000000e+000
 1.00000000e+000 3.59983761e+001 2.79985595e+001 2.49967653e+001 1.99960096e+001 7.39989883e+001 4.09962479e+001 1.00199228e+003 9.97995874e+002 5.00101621e+000 2.99642570e+000 2.30009317e+001 0.00000000e+000 0.00000000e+000 0.00000000e+000 1.00000000e+000
 1.00000000e+000 3.69918819e+001 2.79754457e+001 2.59821922e+001 1.99400178e+001 7.40098259e+001 3.89896086e+001 1.00197166e+003 9.99016554e+002 5.02253908e+000 2.96768519e+000 1.90299240e+001 0.00000000e+000 0.00000000e+000 0.00000000e+000 1.00000000e+000
 1.00000000e+000 3.60000485e+001 2.79939103e+001 2.49953227e+001 1.89950977e+001 7.00027591e+001 4.09871633e+001 1.00399398e+003 1.00098814e+003 5.99107736e+000 3.01103872e+000 1.89873092e+001 0.00000000e+000 0.00000000e+000 0.00000000e+000 1.00000000e+000
 1.00000000e+000 3.70228082e+001 2.99825692e+001 2.40063556e+001 1.90183824e+001 6.60106047e+001 3.90169657e+001 1.00496569e+003 1.00099630e+003 4.98267175e+000 3.01599565e+000 2.59953973e+001 0.00000000e+000 0.00000000e+000 0.00000000e+000 1.00000000e+000
 1.00000000e+000 3.69937136e+001 2.80182349e+001 2.39987014e+001 1.90011183e+001 7.00199491e+001 3.69917189e+001 1.00398605e+003 9.99995933e+002 7.01906652e+000 3.00005085e+000 2.59971644e+001 0.00000000e+000 0.00000000e+000 0.00000000e+000 1.00000000e+000
 1.00000000e+000 3.69914219e+001 2.70085819e+001 2.09971072e+001 1.69901511e+001 6.60076516e+001 3.49906634e+001 1.00198887e+003 9.97003295e+002 5.00424371e+000 2.99980308e+000 2.90018350e+001 0.00000000e+000 0.00000000e+000 0.00000000e+000 1.00000000e+000
 1.00000000e+000 3.79970744e+001 2.70010653e+001 2.09978418e+001 1.79964297e+001 6.50016621e+001 3.19981768e+001 9.99991120e+002 9.95995489e+002 5.00168178e+000 2.99749275e+000 2.70001669e+001 0.00000000e+000 0.00000000e+000 0.00000000e+000 1.00000000e+000
 1.00000000e+000 3.69886088e+001 2.69741582e+001 2.29767144e+001 1.89702899e+001 6.99466257e+001 3.49961236e+001 9.99963894e+002 9.96000728e+002 5.00052425e+000 2.92495830e+000 2.40151595e+001 0.00000000e+000 0.00000000e+000 0.00000000e+000 1.00000000e+000
 1.00000000e+000 3.60008452e+001 2.70061067e+001 2.30168711e+001 1.90135399e+001 7.00080605e+001 3.89945297e+001 1.00100623e+003 9.97997283e+002 5.00530225e+000 3.01135213e+000 1.89894417e+001 0.00000000e+000 0.00000000e+000 0.00000000e+000 1.00000000e+000
 1.00000000e+000 3.80019942e+001 2.69973650e+001 2.39983008e+001 1.99998643e+001 6.99900565e+001 3.50038822e+001 1.00298461e+003 9.98991866e+002 4.99317770e+000 2.99152879e+000 2.30084701e+001 0.00000000e+000 0.00000000e+000 0.00000000e+000 1.00000000e+000
 1.00000000e+000 3.69972012e+001 2.89988823e+001 2.49999277e+001 1.99976954e+001 7.00012868e+001 3.69963700e+001 1.00399434e+003 1.00099449e+003 5.00283937e+000 2.99857426e+000 2.29958141e+001 0.00000000e+000 0.00000000e+000 0.00000000e+000 1.00000000e+000
 1.00000000e+000 3.59959499e+001 2.69996334e+001 2.50048258e+001 2.09951622e+001 7.90051484e+001 4.40001657e+001 1.00399739e+003 1.00099770e+003 4.99966176e+000 1.00805819e+000 1.90203605e+001 0.00000000e+000 0.00000000e+000 0.00000000e+000 1.00000000e+000
 1.00000000e+000 3.60095987e+001 2.60285417e+001 2.40070316e+001 1.70156624e+001 7.79906009e+001 3.90117612e+001 1.00597108e+003 1.00198612e+003 4.97092879e+000 3.01627807e+000 2.30300236e+001 1.00000000e+000 0.00000000e+000 0.00000000e+000 0.00000000e+000
 1.00000000e+000 3.59943919e+001 2.49915187e+001 2.39950273e+001 1.89889589e+001 8.39888114e+001 4.09866027e+001 1.00598881e+003 1.00099269e+003 4.99776638e+000 1.99260249e+000 1.89969761e+001 0.00000000e+000 1.00000000e+000 0.00000000e+000 0.00000000e+000
 1.00000000e+000 3.70000928e+001 2.70001099e+001 2.40031761e+001 1.90024530e+001 6.99979994e+001 3.70003662e+001 1.00499291e+003 9.99990764e+002 4.99538235e+000 3.00104198e+000 2.29987864e+001 0.00000000e+000 0.00000000e+000 0.00000000e+000 1.00000000e+000
 1.00000000e+000 3.70087982e+001 2.60026808e+001 2.30078069e+001 1.90127177e+001 7.39861440e+001 3.50089787e+001 1.00700538e+003 1.00299984e+003 4.97841111e+000 3.00523121e+000 2.09977606e+001 0.00000000e+000 0.00000000e+000 0.00000000e+000 1.00000000e+000
 1.00000000e+000 3.59867477e+001 2.70023581e+001 2.29871707e+001 1.59829201e+001 7.39955862e+001 3.69836021e+001 1.00898384e+003 1.00499994e+003 5.01131752e+000 1.98417790e+000 1.90096555e+001 0.00000000e+000 0.00000000e+000 0.00000000e+000 1.00000000e+000
 1.00000000e+000 3.69895196e+001 2.60094768e+001 2.39929509e+001 1.89977220e+001 7.90191849e+001 3.49965287e+001 1.00899427e+003 1.00499239e+003 5.02028245e+000 1.98471574e+000 2.29913600e+001 0.00000000e+000 1.00000000e+000 0.00000000e+000 0.00000000e+000
 1.00000000e+000 3.79947687e+001 2.69998392e+001 2.09938930e+001 1.69927011e+001 6.99975181e+001 2.89999037e+001 1.00699090e+003 1.00199455e+003 5.00179375e+000 2.99052484e+000 2.69985536e+001 0.00000000e+000 0.00000000e+000 0.00000000e+000 1.00000000e+000
 1.00000000e+000 3.70030287e+001 2.80013492e+001 2.29883040e+001 1.69930441e+001 6.60036332e+001 3.20002228e+001 1.00598421e+003 1.00099231e+003 4.99006218e+000 3.01475367e+000 2.40001890e+001 0.00000000e+000 0.00000000e+000 0.00000000e+000 1.00000000e+000
 1.00000000e+000 3.70059688e+001 2.69969504e+001 2.30049887e+001 1.80080613e+001 6.59964592e+001 3.40049538e+001 1.00599649e+003 1.00199336e+003 4.98946508e+000 3.00311342e+000 2.29988311e+001 0.00000000e+000 0.00000000e+000 0.00000000e+000 1.00000000e+000
 1.00000000e+000 3.69930604e+001 2.80065901e+001 2.39969940e+001 1.79945128e+001 7.40036633e+001 3.19977013e+001 1.00699111e+003 1.00299592e+003 5.00842197e+000 2.99581376e+000 2.30019106e+001 0.00000000e+000 0.00000000e+000 0.00000000e+000 1.00000000e+000
 1.00000000e+000 3.69972540e+001 2.80039397e+001 2.29994806e+001 1.69989493e+001 7.40062178e+001 2.99974391e+001 1.00699382e+003 1.00299315e+003 5.00301980e+000 3.00442927e+000 1.89969245e+001 0.00000000e+000 0.00000000e+000 0.00000000e+000 1.00000000e+000
 1.00000000e+000 3.70065341e+001 2.49962021e+001 2.30048608e+001 1.50084431e+001 8.29942568e+001 3.40051800e+001 1.00899464e+003 1.00499375e+003 3.99070353e+000 2.00139026e+000 2.30005477e+001 0.00000000e+000 0.00000000e+000 0.00000000e+000 1.00000000e+000
 1.00000000e+000 3.40344206e+001 2.39557920e+001 2.09940595e+001 1.49797128e+001 8.29733905e+001 3.19278346e+001 1.01103258e+003 1.00703328e+003 4.91954484e+000 3.07465655e+000 2.39656527e+001 1.00000000e+000 0.00000000e+000 0.00000000e+000 0.00000000e+000
 1.00000000e+000 3.60046575e+001 2.49779059e+001 2.09948623e+001 1.59941610e+001 7.79951951e+001 2.99848354e+001 1.00999151e+003 1.00599944e+003 5.00099453e+000 2.00084806e+000 2.69908742e+001 0.00000000e+000 0.00000000e+000 0.00000000e+000 1.00000000e+000
 1.00000000e+000 3.60033469e+001 2.49965640e+001 2.20057280e+001 1.50006445e+001 7.80022435e+001 3.00111578e+001 1.00800077e+003 1.00399355e+003 4.99450439e+000 2.00265081e+000 2.70014552e+001 0.00000000e+000 0.00000000e+000 0.00000000e+000 1.00000000e+000
 1.00000000e+000 3.70054942e+001 2.50028706e+001 2.10051188e+001 1.30071342e+001 7.39897520e+001 2.40019762e+001 1.00700156e+003 1.00300118e+003 4.98929878e+000 2.00095712e+000 2.39994608e+001 0.00000000e+000 0.00000000e+000 0.00000000e+000 1.00000000e+000
 1.00000000e+000 3.89994085e+001 2.60034788e+001 2.10018133e+001 1.10026111e+001 6.59946783e+001 1.80080316e+001 1.00699269e+003 1.00299444e+003 5.99536736e+000 1.99464078e+000 3.20057260e+001 0.00000000e+000 0.00000000e+000 0.00000000e+000 1.00000000e+000
 1.00000000e+000 3.89866169e+001 2.50107234e+001 1.89972171e+001 1.09902280e+001 6.10084871e+001 1.99978614e+001 1.00798912e+003 1.00499774e+003 7.01430534e+000 1.99441714e+000 1.90062417e+001 0.00000000e+000 0.00000000e+000 0.00000000e+000 1.00000000e+000
 1.00000000e+000 3.79920989e+001 2.49993760e+001 1.99957236e+001 1.29936953e+001 6.20028556e+001 2.39947430e+001 1.00999006e+003 1.00699694e+003 8.00450561e+000 2.99947235e+000 1.89984480e+001 0.00000000e+000 0.00000000e+000 0.00000000e+000 1.00000000e+000
 1.00000000e+000 3.69999540e+001 2.40037158e+001 2.00020084e+001 1.49995997e+001 6.49956884e+001 2.70033596e+001 1.00998602e+003 1.00599177e+003 3.98770341e+000 3.00358314e+000 1.60163075e+001 0.00000000e+000 0.00000000e+000 0.00000000e+000 1.00000000e+000
 1.00000000e+000 3.80035312e+001 2.69974508e+001 2.10034342e+001 1.30056197e+001 6.99955273e+001 2.40037991e+001 1.00999595e+003 1.00599626e+003 4.99323310e+000 2.00020755e+000 1.40024626e+001 0.00000000e+000 0.00000000e+000 0.00000000e+000 1.00000000e+000
 1.00000000e+000 3.80128333e+001 2.50029612e+001 1.90032859e+001 1.00143853e+001 6.90013444e+001 1.79978285e+001 1.00900683e+003 1.00499478e+003 4.99859568e+000 1.99699890e+000 1.39959902e+001 0.00000000e+000 0.00000000e+000 0.00000000e+000 1.00000000e+000
 1.00000000e+000 3.80048869e+001 2.59938601e+001 1.90033251e+001 1.10062996e+001 6.09935885e+001 2.20098848e+001 1.00899770e+003 1.00499370e+003 4.98632089e+000 1.99921899e+000 1.30029220e+001 0.00000000e+000 0.00000000e+000 0.00000000e+000 1.00000000e+000
 1.00000000e+000 3.69997444e+001 2.40025171e+001 1.90037540e+001 1.30032988e+001 6.90004168e+001 2.40006655e+001 1.00899712e+003 1.00399534e+003 3.99480544e+000 2.00396673e+000 1.39995371e+001 0.00000000e+000 0.00000000e+000 0.00000000e+000 1.00000000e+000
 1.00000000e+000 3.70000045e+001 2.39991440e+001 1.90056840e+001 1.20038561e+001 6.49944347e+001 2.19978227e+001 1.00798983e+003 1.00399510e+003 3.00091564e+000 9.95574196e-001 2.29997775e+001 0.00000000e+000 0.00000000e+000 0.00000000e+000 1.00000000e+000
 1.00000000e+000 3.79959896e+001 2.40031666e+001 1.89989501e+001 1.19980150e+001 6.90061082e+001 2.19953471e+001 1.00799495e+003 1.00399389e+003 4.00334793e+000 2.00484896e+000 1.29982270e+001 0.00000000e+000 0.00000000e+000 0.00000000e+000 1.00000000e+000
 1.00000000e+000 3.60037621e+001 2.49985874e+001 2.00040576e+001 1.30065449e+001 6.49976525e+001 2.80034437e+001 1.00899732e+003 1.00399517e+003 4.99298003e+000 2.00151141e+000 1.39990168e+001 0.00000000e+000 0.00000000e+000 0.00000000e+000 1.00000000e+000
 1.00000000e+000 3.19843270e+001 2.49942187e+001 2.29982178e+001 1.89995946e+001 8.30037900e+001 4.60050673e+001 1.00900897e+003 1.00502292e+003 3.97812083e+000 2.98342256e+000 3.40171458e+001 0.00000000e+000 0.00000000e+000 0.00000000e+000 1.00000000e+000
 1.00000000e+000 3.49979325e+001 2.40009979e+001 2.29941629e+001 1.99945729e+001 8.89943728e+001 4.09959860e+001 1.00899124e+003 1.00399542e+003 3.99985035e+000 1.99719723e+000 2.29998037e+001 0.00000000e+000 0.00000000e+000 0.00000000e+000 1.00000000e+000
 1.00000000e+000 3.20010249e+001 2.50004985e+001 2.30003461e+001 2.09998437e+001 8.29985794e+001 5.19962967e+001 1.00999502e+003 1.00499448e+003 4.99844773e+000 3.00053954e+000 1.90002744e+001 1.00000000e+000 0.00000000e+000 0.00000000e+000 0.00000000e+000
 1.00000000e+000 3.20037797e+001 2.49961086e+001 2.40014271e+001 2.00016617e+001 9.39936635e+001 4.89970155e+001 1.00899549e+003 1.00499632e+003 4.99809025e+000 2.00046008e+000 2.40016004e+001 0.00000000e+000 0.00000000e+000 0.00000000e+000 1.00000000e+000
 1.00000000e+000 3.40005415e+001 2.50016333e+001 2.49927809e+001 2.00098087e+001 9.39822429e+001 4.59783521e+001 1.00898694e+003 1.00500391e+003 5.00640959e+000 1.00099251e+000 1.89863161e+001 0.00000000e+000 0.00000000e+000 0.00000000e+000 1.00000000e+000
 1.00000000e+000 3.39938890e+001 2.49910699e+001 2.50062869e+001 1.89956380e+001 9.39713237e+001 4.09822276e+001 1.01597843e+003 1.00400119e+003 3.98478733e+000 1.00304824e+000 1.30002637e+001 1.00000000e+000 0.00000000e+000 0.00000000e+000 0.00000000e+000
 1.00000000e+000 3.59921749e+001 2.40092993e+001 2.19937450e+001 1.59917902e+001 7.79999996e+001 3.20004242e+001 1.00899185e+003 1.00599452e+003 3.01410994e+000 9.95993917e-001 1.30023127e+001 0.00000000e+000 0.00000000e+000 0.00000000e+000 1.00000000e+000
 1.00000000e+000 3.59977281e+001 2.40028477e+001 2.19960689e+001 1.39980555e+001 7.80025619e+001 2.69979515e+001 1.01099188e+003 1.00699971e+003 3.00424874e+000 1.00320457e+000 1.40004325e+001 0.00000000e+000 0.00000000e+000 0.00000000e+000 1.00000000e+000
 1.00000000e+000 3.50146792e+001 2.39846352e+001 1.90061455e+001 1.40135643e+001 7.29805515e+001 2.80100997e+001 1.01198723e+003 1.00799390e+003 2.99194147e+000 9.88025569e-001 1.10091424e+001 0.00000000e+000 0.00000000e+000 0.00000000e+000 1.00000000e+000
 1.00000000e+000 3.70032730e+001 2.19959886e+001 1.90023104e+001 1.10054614e+001 7.79938083e+001 2.10015039e+001 1.01099563e+003 1.00599502e+003 2.99343523e+000 1.00646062e+000 1.09981655e+001 0.00000000e+000 0.00000000e+000 0.00000000e+000 1.00000000e+000
 1.00000000e+000 3.79933452e+001 2.30027803e+001 1.89876777e+001 6.98824292e+000 7.30057954e+001 1.50003599e+001 1.00999498e+003 1.00500135e+003 4.00241338e+000 9.98622166e-001 1.40058913e+001 0.00000000e+000 0.00000000e+000 0.00000000e+000 1.00000000e+000
 1.00000000e+000 3.59994064e+001 2.60002762e+001 1.70012473e+001 1.00011723e+001 5.10025845e+001 2.79993537e+001 1.00999441e+003 1.00599567e+003 4.99765273e+000 1.99898469e+000 1.40009275e+001 0.00000000e+000 0.00000000e+000 0.00000000e+000 1.00000000e+000
 1.00000000e+000 3.29997524e+001 2.40041778e+001 2.10157815e+001 1.60063838e+001 7.39996286e+001 3.79756687e+001 1.01199298e+003 1.00799962e+003 5.01054346e+000 3.01169003e+000 1.40004666e+001 0.00000000e+000 0.00000000e+000 0.00000000e+000 1.00000000e+000
 1.00000000e+000 3.50025014e+001 2.20057801e+001 1.99840378e+001 1.59954242e+001 8.80080407e+001 3.40062198e+001 1.01198528e+003 1.00798013e+003 4.98510388e+000 1.00774159e+000 1.09917163e+001 0.00000000e+000 0.00000000e+000 0.00000000e+000 1.00000000e+000
 1.00000000e+000 3.49934513e+001 2.30067784e+001 1.89946131e+001 1.98991664e+000 6.90006810e+001 1.19953331e+001 1.01099101e+003 1.00699327e+003 4.00977038e+000 9.95755168e-001 2.30070358e+001 0.00000000e+000 0.00000000e+000 0.00000000e+000 1.00000000e+000
 1.00000000e+000 3.40006323e+001 2.00087549e+001 1.30069677e+001 5.01071146e+000 5.00029854e+001 1.60189587e+001 1.01199939e+003 1.00899893e+003 5.00104791e+000 9.95350063e-001 1.90096043e+001 0.00000000e+000 0.00000000e+000 0.00000000e+000 1.00000000e+000
 1.00000000e+000 3.40036157e+001 1.89930323e+001 1.30055933e+001 6.00456788e+000 6.40035000e+001 1.90059761e+001 1.01299223e+003 1.00899303e+003 2.98756981e+000 9.99353686e-001 1.40042999e+001 0.00000000e+000 0.00000000e+000 0.00000000e+000 1.00000000e+000
 1.00000000e+000 3.39860933e+001 1.80026219e+001 1.19985876e+001 5.97779287e+000 5.60271926e+001 1.79993108e+001 1.01198385e+003 1.00898983e+003 3.00680989e+000 1.02147234e+000 1.60458129e+001 0.00000000e+000 0.00000000e+000 0.00000000e+000 1.00000000e+000
 1.00000000e+000 3.39464858e+001 1.89954118e+001 1.30389364e+001 4.98067473e+000 5.69924771e+001 1.60033994e+001 1.01197868e+003 1.00695165e+003 4.00315422e+000 9.96331725e-001 1.90086736e+001 0.00000000e+000 0.00000000e+000 0.00000000e+000 1.00000000e+000
 1.00000000e+000 3.60082272e+001 1.99981573e+001 1.20088170e+001 3.01365721e+000 5.19968813e+001 1.30102071e+001 1.01399933e+003 1.00999481e+003 4.98570689e+000 1.00427233e+000 1.89986458e+001 0.00000000e+000 0.00000000e+000 0.00000000e+000 1.00000000e+000
 1.00000000e+000 3.50009351e+001 2.00004723e+001 1.60028470e+001 6.00371264e+000 5.69999753e+001 2.00018788e+001 1.01499400e+003 1.01099445e+003 2.99649624e+000 9.99796305e-001 1.00016898e+001 0.00000000e+000 0.00000000e+000 0.00000000e+000 1.00000000e+000
 1.00000000e+000 2.89876210e+001 2.10056902e+001 1.79908783e+001 1.59873825e+001 7.80096479e+001 5.09869164e+001 1.01198452e+003 1.01099912e+003 2.01443871e+000 9.94367793e-001 9.99931120e+000 0.00000000e+000 0.00000000e+000 0.00000000e+000 1.00000000e+000
 1.00000000e+000 3.49941717e+001 2.20056497e+001 1.79925899e+001 8.99236743e+000 7.30068347e+001 1.99946430e+001 1.01498879e+003 1.01099632e+003 4.00982218e+000 9.98802671e-001 1.10020779e+001 0.00000000e+000 0.00000000e+000 0.00000000e+000 1.00000000e+000
 1.00000000e+000 3.49973014e+001 2.09981838e+001 1.79976986e+001 8.99578857e+000 7.29878393e+001 2.00010883e+001 1.01498775e+003 1.01099932e+003 4.00096134e+000 9.84690779e-001 1.30123733e+001 0.00000000e+000 0.00000000e+000 0.00000000e+000 1.00000000e+000
 1.00000000e+000 3.39945443e+001 2.10082720e+001 1.69900649e+001 1.09863108e+001 6.90056413e+001 2.39915438e+001 1.01298146e+003 1.00899839e+003 3.00801443e+000 9.93538057e-001 1.40124451e+001 0.00000000e+000 0.00000000e+000 0.00000000e+000 1.00000000e+000
 1.00000000e+000 3.60016041e+001 2.20034788e+001 1.70068484e+001 8.00402881e+000 6.89981261e+001 1.80036233e+001 1.01000026e+003 1.00599834e+003 4.99604514e+000 1.00039287e+000 1.00040190e+001 0.00000000e+000 0.00000000e+000 0.00000000e+000 1.00000000e+000
 1.00000000e+000 3.40158590e+001 2.00029804e+001 1.79813537e+001 1.20103360e+001 7.80061567e+001 2.60107909e+001 1.00998601e+003 1.00698769e+003 2.98067339e+000 1.01039531e+000 1.39798206e+001 0.00000000e+000 0.00000000e+000 0.00000000e+000 1.00000000e+000
 1.00000000e+000 3.40040875e+001 2.20006920e+001 1.90030326e+001 1.00066288e+001 7.79980630e+001 2.40029801e+001 1.01299657e+003 1.00999342e+003 2.99416822e+000 1.00477690e+000 1.29975282e+001 0.00000000e+000 0.00000000e+000 0.00000000e+000 1.00000000e+000
 1.00000000e+000 3.40061699e+001 2.19830799e+001 1.69901889e+001 1.09971680e+001 7.29792355e+001 2.39948248e+001 1.01499076e+003 1.00998740e+003 3.98380772e+000 1.00081171e+000 1.29935540e+001 0.00000000e+000 0.00000000e+000 0.00000000e+000 1.00000000e+000
 1.00000000e+000 3.50053079e+001 2.20029235e+001 1.69957399e+001 1.10033179e+001 6.90053464e+001 2.39996359e+001 1.01399644e+003 1.00900023e+003 4.99669893e+000 1.00696353e+000 1.09975219e+001 0.00000000e+000 0.00000000e+000 0.00000000e+000 1.00000000e+000
 1.00000000e+000 3.49922450e+001 2.20089041e+001 1.99931181e+001 9.99176904e+000 6.50039126e+001 2.29986076e+001 1.01298850e+003 1.00899365e+003 4.00719690e+000 9.93094971e-001 9.99841155e+000 0.00000000e+000 0.00000000e+000 0.00000000e+000 1.00000000e+000
 1.00000000e+000 3.59998285e+001 2.10010874e+001 1.70007137e+001 1.00011371e+001 7.29991670e+001 2.00007999e+001 1.01299491e+003 1.00899437e+003 2.99828675e+000 1.00188915e+000 7.99992948e+000 0.00000000e+000 0.00000000e+000 0.00000000e+000 1.00000000e+000
 1.00000000e+000 3.50050728e+001 1.99884719e+001 1.70056776e+001 1.10129646e+001 7.29926126e+001 2.30056538e+001 1.01300212e+003 1.00999365e+003 3.98593650e+000 1.01178648e+000 1.40008534e+001 0.00000000e+000 0.00000000e+000 0.00000000e+000 1.00000000e+000
 1.00000000e+000 3.59941289e+001 2.10048386e+001 1.69963380e+001 7.99287959e+000 7.30046147e+001 1.89968567e+001 1.01399423e+003 1.00999496e+003 5.00820707e+000 9.95906426e-001 1.90012526e+001 0.00000000e+000 0.00000000e+000 0.00000000e+000 1.00000000e+000
 1.00000000e+000 3.49688811e+001 2.10097899e+001 1.39777145e+001 8.95542390e+000 6.00274106e+001 1.99731089e+001 1.01297566e+003 1.00799891e+003 3.03825680e+000 9.93486842e-001 1.40229246e+001 0.00000000e+000 0.00000000e+000 0.00000000e+000 1.00000000e+000
 1.00000000e+000 3.39979669e+001 2.19951445e+001 1.60056593e+001 5.00062022e+000 5.69966980e+001 1.60042316e+001 1.01299640e+003 1.00899164e+003 7.99456135e+000 9.96954044e-001 2.30025756e+001 0.00000000e+000 0.00000000e+000 0.00000000e+000 1.00000000e+000
 1.00000000e+000 3.10065913e+001 1.79978545e+001 1.60053232e+001 6.00908500e+000 7.79948498e+001 2.10060083e+001 1.01499711e+003 1.01199256e+003 3.99200814e+000 1.00326886e+000 1.09995011e+001 0.00000000e+000 0.00000000e+000 0.00000000e+000 1.00000000e+000
 1.00000000e+000 2.80042373e+001 1.79886319e+001 1.50144735e+001 8.98849141e+000 7.70140280e+001 3.20140721e+001 1.01601253e+003 1.01299215e+003 3.00068547e+000 9.97004727e-001 2.40132944e+001 0.00000000e+000 0.00000000e+000 0.00000000e+000 1.00000000e+000
 1.00000000e+000 2.79988248e+001 1.70000741e+001 1.40160089e+001 9.00743455e+000 8.19910897e+001 3.00008184e+001 1.01700274e+003 1.01298702e+003 3.98864201e+000 1.00506702e+000 1.09959082e+001 0.00000000e+000 0.00000000e+000 0.00000000e+000 1.00000000e+000
 1.00000000e+000 2.79989725e+001 1.50027710e+001 1.30042253e+001 5.00292499e+000 8.20015943e+001 2.29959126e+001 1.01699721e+003 1.01299335e+003 4.00518474e+000 1.00259665e+000 9.99257312e+000 0.00000000e+000 0.00000000e+000 0.00000000e+000 1.00000000e+000
 1.00000000e+000 2.89973755e+001 1.40032813e+001 1.89975766e+001 4.99693501e+000 8.79994799e+001 2.19978763e+001 1.01699336e+003 1.01299465e+003 4.00366461e+000 9.99894208e-001 1.90000881e+001 0.00000000e+000 0.00000000e+000 0.00000000e+000 1.00000000e+000
 1.00000000e+000 2.90057981e+001 1.39963249e+001 9.01432323e+000 2.01481376e+000 6.30029055e+001 1.80104011e+001 1.01601219e+003 1.01198753e+003 4.98640820e+000 1.01147653e+000 1.29837362e+001 0.00000000e+000 0.00000000e+000 0.00000000e+000 1.00000000e+000
 1.00000000e+000 2.90103592e+001 1.49969187e+001 9.01202737e+000 4.01527738e+000 6.69936417e+001 2.00105538e+001 1.01500032e+003 1.00399333e+003 2.98482323e+000 1.00571570e+000 1.59980363e+001 0.00000000e+000 0.00000000e+000 0.00000000e+000 1.00000000e+000
 1.00000000e+000 3.00028618e+001 1.40016327e+001 1.00039324e+001 5.00262329e+000 6.79942918e+001 2.00010049e+001 1.01599768e+003 1.01199289e+003 2.99423464e+000 1.00213336e+000 2.29979381e+001 0.00000000e+000 0.00000000e+000 0.00000000e+000 1.00000000e+000
 1.00000000e+000 3.00023287e+001 1.30058934e+001 9.00645702e+000 4.00819398e+000 6.69950556e+001 1.89953338e+001 1.01699072e+003 1.01299841e+003 5.00216553e+000 9.92366077e-001 1.40060628e+001 0.00000000e+000 0.00000000e+000 0.00000000e+000 1.00000000e+000
 1.00000000e+000 3.00081992e+001 1.39954701e+001 9.01123718e+000 3.01240638e+000 5.59938693e+001 2.00089516e+001 1.01699814e+003 1.01299624e+003 3.99011450e+000 -2.02693710e-003 8.00781559e+000 0.00000000e+000 0.00000000e+000 0.00000000e+000 1.00000000e+000
 1.00000000e+000 2.89948179e+001 1.49877210e+001 1.20166018e+001 6.99489811e+000 6.70044655e+001 2.49830173e+001 1.01700140e+003 1.01300704e+003 2.02012864e+000 4.52266885e-003 8.02320396e+000 0.00000000e+000 0.00000000e+000 0.00000000e+000 1.00000000e+000
 1.00000000e+000 2.79984744e+001 1.40036857e+001 1.39978831e+001 8.99665887e+000 7.69994938e+001 3.49948460e+001 1.01699258e+003 1.01299454e+003 2.00335190e+000 9.98241295e-001 1.10007851e+001 0.00000000e+000 0.00000000e+000 0.00000000e+000 1.00000000e+000
 1.00000000e+000 2.89929745e+001 1.49955491e+001 1.29854360e+001 1.09835166e+001 8.20034072e+001 3.50141817e+001 1.01799749e+003 1.01298647e+003 9.96123040e-001 -8.53788567e-003 6.00536764e+000 0.00000000e+000 0.00000000e+000 1.00000000e+000 0.00000000e+000
 1.00000000e+000 2.89997812e+001 1.50018162e+001 1.10005531e+001 6.99916335e+000 7.69990060e+001 2.69984095e+001 1.01799356e+003 1.01399444e+003 3.00018580e+000 1.33095969e-004 1.89998207e+001 0.00000000e+000 0.00000000e+000 1.00000000e+000 0.00000000e+000
 1.00000000e+000 2.90018601e+001 1.30013342e+001 1.00042462e+001 5.00386719e+000 6.69967255e+001 2.20020396e+001 1.01899669e+003 1.01499305e+003 3.99244126e+000 1.00050738e+000 1.29975006e+001 0.00000000e+000 0.00000000e+000 0.00000000e+000 1.00000000e+000
 1.00000000e+000 2.80238200e+001 1.30057604e+001 1.10186545e+001 6.02996927e+000 6.69873696e+001 2.50188570e+001 1.02000545e+003 1.01500525e+003 2.98669844e+000 9.95650044e-001 1.40073735e+001 0.00000000e+000 0.00000000e+000 0.00000000e+000 1.00000000e+000
 1.00000000e+000 2.89983400e+001 1.40032244e+001 9.00085913e+000 4.99866304e+000 6.30029943e+001 2.19978949e+001 1.01899340e+003 1.01499389e+003 3.00138371e+000 1.00022729e+000 1.10001010e+001 0.00000000e+000 0.00000000e+000 0.00000000e+000 1.00000000e+000
 1.00000000e+000 2.80075080e+001 1.30097395e+001 9.01193039e+000 4.01520759e+000 6.69837729e+001 2.60059592e+001 1.01798516e+003 1.01399065e+003 2.97904550e+000 9.99116582e-001 1.30046142e+001 0.00000000e+000 0.00000000e+000 0.00000000e+000 1.00000000e+000
 1.00000000e+000 2.79959065e+001 1.30009539e+001 1.00006803e+001 5.99423007e+000 6.70022883e+001 2.49956658e+001 1.01799174e+003 1.01299407e+003 4.00479568e+000 9.98302525e-001 1.90010899e+001 0.00000000e+000 0.00000000e+000 0.00000000e+000 1.00000000e+000
 1.00000000e+000 2.79915566e+001 1.30034421e+001 7.00407826e+000 2.99696813e+000 5.90026528e+001 2.00014630e+001 1.01799034e+003 1.01398568e+003 4.00124155e+000 9.90258154e-001 1.29984381e+001 0.00000000e+000 0.00000000e+000 0.00000000e+000 1.00000000e+000
 1.00000000e+000 2.80059075e+001 1.30020468e+001 9.00214140e+000 4.00473919e+000 6.29979119e+001 2.30012293e+001 1.01899534e+003 1.01499693e+003 3.99149055e+000 1.00635785e+000 1.40052609e+001 0.00000000e+000 0.00000000e+000 0.00000000e+000 1.00000000e+000
 1.00000000e+000 2.59984047e+001 1.20029866e+001 7.99993941e+000 2.99762070e+000 7.20008292e+001 2.29977547e+001 1.01699381e+003 1.01399508e+003 4.00215022e+000 9.98902660e-001 1.60004810e+001 0.00000000e+000 0.00000000e+000 0.00000000e+000 1.00000000e+000
 1.00000000e+000 2.59991493e+001 1.19821635e+001 7.98351196e+000 4.97881326e+000 6.69636348e+001 2.59745253e+001 1.01897223e+003 1.01400167e+003 3.99267971e+000 9.79490172e-001 8.00535445e+000 0.00000000e+000 0.00000000e+000 0.00000000e+000 1.00000000e+000
 1.00000000e+000 2.60010042e+001 1.19969332e+001 7.98843053e+000 3.99097582e+000 7.20085807e+001 2.79944015e+001 1.01699332e+003 1.01200122e+003 3.01034634e+000 9.98198418e-001 1.40015530e+001 0.00000000e+000 0.00000000e+000 0.00000000e+000 1.00000000e+000
 1.00000000e+000 2.49989987e+001 1.09942447e+001 8.00684413e+000 4.01236635e+000 7.19965249e+001 2.60000389e+001 1.01799916e+003 1.01399242e+003 3.98512955e+000 1.00920810e+000 1.39976779e+001 0.00000000e+000 0.00000000e+000 0.00000000e+000 1.00000000e+000
 1.00000000e+000 2.60062110e+001 9.99934606e+000 7.00585083e+000 4.00699918e+000 7.59949929e+001 2.40043972e+001 1.01899759e+003 1.01499447e+003 3.99146304e+000 1.00288957e+000 2.59981556e+001 0.00000000e+000 0.00000000e+000 0.00000000e+000 1.00000000e+000
 1.00000000e+000 2.69903062e+001 1.10181600e+001 7.98147670e+000 3.98060496e+000 6.70093870e+001 2.39892080e+001 1.01699068e+003 1.01400716e+003 3.99766894e+000 1.00263133e+000 2.40079883e+001 0.00000000e+000 0.00000000e+000 0.00000000e+000 1.00000000e+000
 1.00000000e+000 2.60040674e+001 1.09967445e+001 9.00193766e+000 5.00231016e+000 6.69986211e+001 2.80032222e+001 1.01600116e+003 1.01299760e+003 4.99617990e+000 9.97663493e-001 2.29991785e+001 0.00000000e+000 0.00000000e+000 0.00000000e+000 1.00000000e+000
 1.00000000e+000 2.69987073e+001 1.10027558e+001 8.00003864e+000 3.99731276e+000 7.19995012e+001 2.39986595e+001 1.01599326e+003 1.01299502e+003 3.99888438e+000 9.97511669e-001 1.40015679e+001 0.00000000e+000 0.00000000e+000 0.00000000e+000 1.00000000e+000
 1.00000000e+000 2.80073187e+001 1.20009969e+001 8.99556774e+000 4.00361209e+000 6.70021950e+001 2.30022133e+001 1.01598733e+003 1.01199479e+003 5.00136640e+000 9.99596050e-001 1.10020009e+001 0.00000000e+000 0.00000000e+000 0.00000000e+000 1.00000000e+000
 1.00000000e+000 2.79973354e+001 1.29998114e+001 9.00385710e+000 5.99879536e+000 6.30028954e+001 2.59969943e+001 1.01499358e+003 1.01099093e+003 5.00424327e+000 9.99534496e-001 1.89988974e+001 0.00000000e+000 0.00000000e+000 0.00000000e+000 1.00000000e+000
 1.00000000e+000 2.59986545e+001 1.10040443e+001 7.99790181e+000 4.99697633e+000 7.60028680e+001 2.60026964e+001 1.01699229e+003 1.01299030e+003 4.99481265e+000 1.00198410e+000 1.40013109e+001 0.00000000e+000 0.00000000e+000 0.00000000e+000 1.00000000e+000
 1.00000000e+000 2.70138791e+001 1.19911677e+001 1.00193352e+001 5.02229154e+000 6.29817769e+001 2.60032398e+001 1.01599751e+003 1.01197636e+003 4.97101269e+000 1.01058780e+000 1.59781249e+001 0.00000000e+000 0.00000000e+000 0.00000000e+000 1.00000000e+000
 1.00000000e+000 2.70071893e+001 1.20118847e+001 1.40117087e+001 6.01816376e+000 8.19873776e+001 3.00177865e+001 1.01500065e+003 1.01198931e+003 3.98407157e+000 1.00479566e+000 1.90008680e+001 0.00000000e+000 0.00000000e+000 0.00000000e+000 1.00000000e+000
 1.00000000e+000 2.50046963e+001 1.10001187e+001 9.00427002e+000 3.00541114e+000 8.19954685e+001 2.40030248e+001 1.01599731e+003 1.01299438e+003 4.99375960e+000 1.00261008e+000 1.89990326e+001 0.00000000e+000 0.00000000e+000 0.00000000e+000 1.00000000e+000
 1.00000000e+000 2.29980543e+001 1.00022820e+001 1.10026211e+001 4.99806397e+000 8.69994220e+001 3.79945322e+001 1.01799416e+003 1.01399427e+003 2.00194398e+000 1.00266732e+000 2.10001392e+001 0.00000000e+000 0.00000000e+000 1.00000000e+000 0.00000000e+000
 1.00000000e+000 2.29902839e+001 1.40043345e+001 1.19972481e+001 7.99259114e+000 8.19825014e+001 3.79864339e+001 1.01799942e+003 1.01399282e+003 2.00711142e+000 9.96154611e-001 2.30002041e+001 0.00000000e+000 0.00000000e+000 1.00000000e+000 0.00000000e+000
 1.00000000e+000 2.50051489e+001 1.30138039e+001 1.30060984e+001 7.01323610e+000 9.99939223e+001 3.39967547e+001 1.01999087e+003 1.01600443e+003 2.01687712e+000 -1.01135372e-002 1.29976997e+001 0.00000000e+000 0.00000000e+000 1.00000000e+000 0.00000000e+000
 1.00000000e+000 2.29999352e+001 1.20024990e+001 1.20001086e+001 4.99848201e+000 8.79982954e+001 3.09971743e+001 1.01999384e+003 1.01699399e+003 3.00046636e+000 9.95319636e-004 1.90000816e+001 0.00000000e+000 0.00000000e+000 1.00000000e+000 0.00000000e+000
 1.00000000e+000 2.29959504e+001 1.00009301e+001 1.09979880e+001 5.99917303e+000 8.19911469e+001 3.30200459e+001 1.02099869e+003 1.01699005e+003 3.00293940e+000 9.96878970e-001 1.29992642e+001 0.00000000e+000 0.00000000e+000 1.00000000e+000 0.00000000e+000
 1.00000000e+000 2.20046779e+001 1.29948550e+001 1.29968506e+001 7.99802806e+000 8.79879545e+001 4.29917584e+001 1.01999169e+003 1.01698919e+003 2.00230231e+000 9.95078317e-001 1.60032290e+001 0.00000000e+000 0.00000000e+000 1.00000000e+000 0.00000000e+000
 1.00000000e+000 2.20015445e+001 1.00013100e+001 2.69983535e+001 8.99995683e+000 9.99961607e+001 4.99953660e+001 1.02099468e+003 1.01699196e+003 2.00037921e+000 2.17881487e-003 1.00005728e+001 0.00000000e+000 0.00000000e+000 1.00000000e+000 0.00000000e+000
 1.00000000e+000 2.29999054e+001 1.00053960e+001 1.09979553e+001 5.99844707e+000 9.39969032e+001 3.49947093e+001 1.02099083e+003 1.01799337e+003 3.00304020e+000 -6.32423195e-004 1.39986568e+001 0.00000000e+000 0.00000000e+000 1.00000000e+000 0.00000000e+000
 1.00000000e+000 2.40076006e+001 9.99280026e+000 9.00095585e+000 6.00271147e+000 8.69863542e+001 3.40076852e+001 1.02199180e+003 1.01699122e+003 3.98544297e+000 -3.64587234e-003 1.60066977e+001 0.00000000e+000 0.00000000e+000 1.00000000e+000 0.00000000e+000
 1.00000000e+000 2.30083632e+001 1.29990206e+001 1.09912609e+001 4.99809669e+000 7.69787523e+001 3.10026753e+001 1.02298302e+003 1.01800506e+003 2.99602943e+000 -1.72461691e-002 1.40163630e+001 0.00000000e+000 0.00000000e+000 1.00000000e+000 0.00000000e+000
 1.00000000e+000 2.20015830e+001 7.99746840e+000 9.99703780e+000 4.99462715e+000 9.99795186e+001 3.49926463e+001 1.02298778e+003 1.01900394e+003 4.00113769e+000 -1.45567567e-002 2.10109094e+001 0.00000000e+000 0.00000000e+000 1.00000000e+000 0.00000000e+000
 1.00000000e+000 2.10135223e+001 7.01946634e+000 7.99036421e+000 4.00875965e+000 9.99870434e+001 3.49767132e+001 1.02297534e+003 1.01901917e+003 4.00922936e+000 -1.18760339e-003 1.39945297e+001 0.00000000e+000 0.00000000e+000 1.00000000e+000 0.00000000e+000
 1.00000000e+000 2.09971137e+001 7.00480603e+000 7.99429646e+000 2.99345108e+000 8.70053606e+001 3.09959503e+001 1.02398887e+003 1.01999271e+003 2.99530851e+000 9.94884771e-001 1.00018922e+001 0.00000000e+000 0.00000000e+000 1.00000000e+000 0.00000000e+000
 1.00000000e+000 2.20059260e+001 7.00106353e+000 8.00280783e+000 4.00603950e+000 9.29900621e+001 3.30020675e+001 1.02199172e+003 1.01798928e+003 2.99280623e+000 -9.60552265e-004 1.09965779e+001 0.00000000e+000 0.00000000e+000 1.00000000e+000 0.00000000e+000
 1.00000000e+000 2.09969319e+001 6.98927563e+000 9.00289424e+000 4.99548369e+000 9.29873633e+001 3.79940484e+001 1.02099089e+003 1.01699121e+003 2.99469992e+000 5.84108208e-003 9.98713854e+000 0.00000000e+000 0.00000000e+000 1.00000000e+000 0.00000000e+000
 1.00000000e+000 2.30173275e+001 6.99515087e+000 9.00655945e+000 5.01487745e+000 8.69776307e+001 3.50105524e+001 1.01999529e+003 1.01599687e+003 1.98108575e+000 -3.13272230e-003 1.00087726e+001 0.00000000e+000 0.00000000e+000 1.00000000e+000 0.00000000e+000
 1.00000000e+000 2.29832095e+001 9.99371942e+000 8.97640363e+000 4.96643180e+000 8.20016148e+001 3.30072886e+001 1.02100590e+003 1.01798968e+003 2.01200381e+000 -1.34428756e-002 1.40159911e+001 0.00000000e+000 0.00000000e+000 1.00000000e+000 0.00000000e+000
 1.00000000e+000 2.29961296e+001 9.00894762e+000 1.10010265e+001 6.99725631e+000 8.80094384e+001 3.79961183e+001 1.02299199e+003 1.01999467e+003 2.00470693e+000 5.24458354e-003 1.09997382e+001 0.00000000e+000 0.00000000e+000 1.00000000e+000 0.00000000e+000
 1.00000000e+000 1.70237818e+001 8.01033763e+000 1.19987508e+001 7.02443658e+000 1.00000033e+002 6.30071044e+001 1.02400397e+003 1.02099299e+003 9.74119946e-001 2.25433282e-002 9.97458309e+000 0.00000000e+000 0.00000000e+000 1.00000000e+000 0.00000000e+000
 1.00000000e+000 1.50079949e+001 8.00549280e+000 1.10050093e+001 6.00853367e+000 1.00017357e+002 5.49980727e+001 1.02300426e+003 1.01898549e+003 9.97754298e-001 2.84762662e-002 1.39880468e+001 0.00000000e+000 0.00000000e+000 1.00000000e+000 0.00000000e+000
 1.00000000e+000 1.60058744e+001 7.00805588e+000 9.00184241e+000 5.00511365e+000 9.99977032e+001 5.19921532e+001 1.02299910e+003 1.01899172e+003 1.00375789e+000 -3.77421928e-003 1.40042711e+001 0.00000000e+000 0.00000000e+000 1.00000000e+000 0.00000000e+000
 1.00000000e+000 1.70096288e+001 8.06640189e+000 8.94021131e+000 3.97925638e+000 8.69709633e+001 4.78827623e+001 1.02198259e+003 1.01810696e+003 2.01891808e+000 -5.85049308e-003 1.29615730e+001 0.00000000e+000 0.00000000e+000 1.00000000e+000 0.00000000e+000
