 1.00000000e+000 1.80022403e+001 1.29997675e+001 1.59997812e+001 1.09986049e+001 9.99992787e+001 6.79971218e+001 1.01599119e+003 1.01299140e+003 2.99961882e+000 3.91772598e-004 1.29985097e+001 0.00000000e+000 0.00000000e+000 1.00000000e+000 0.00000000e+000
 1.00000000e+000 1.70023737e+001 1.29997245e+001 1.49999123e+001 1.09988326e+001 9.99994513e+001 7.69970747e+001 1.01799134e+003 1.01499165e+003 9.99822425e-001 2.15602277e-004 9.99880855e+000 0.00000000e+000 0.00000000e+000 1.00000000e+000 0.00000000e+000
 1.00000000e+000 1.89979589e+001 8.00017003e+000 1.09926361e+001 5.99605732e+000 1.00005320e+002 4.29978198e+001 1.01798636e+003 1.01298769e+003 1.99877009e+000 1.69937020e-003 1.30057721e+001 0.00000000e+000 0.00000000e+000 1.00000000e+000 0.00000000e+000
 1.00000000e+000 1.99961426e+001 7.99875849e+000 1.39964625e+001 4.99992728e+000 1.00002498e+002 3.69987791e+001 1.01698763e+003 1.01298873e+003 1.99480235e+000 -4.03939454e-004 1.00035000e+001 0.00000000e+000 0.00000000e+000 1.00000000e+000 0.00000000e+000
 1.00000000e+000 1.90003389e+001 1.10004457e+001 1.39985224e+001 1.09985591e+001 1.00001125e+002 6.79972096e+001 1.01799046e+003 1.01399031e+003 2.99786119e+000 -6.29238295e-004 1.39989991e+001 0.00000000e+000 0.00000000e+000 1.00000000e+000 0.00000000e+000
 1.00000000e+000 1.60014369e+001 1.19995331e+001 1.39992527e+001 1.09991535e+001 9.99995176e+001 8.19960568e+001 1.01799015e+003 1.01399125e+003 2.99876818e+000 1.00051909e+000 1.59991631e+001 0.00000000e+000 0.00000000e+000 1.00000000e+000 0.00000000e+000
 1.00000000e+000 1.70030664e+001 1.30007146e+001 1.40000057e+001 1.19997427e+001 1.00000119e+002 7.69971056e+001 1.01999226e+003 1.01499122e+003 3.00198484e+000 1.00011065e+000 1.89982701e+001 1.00000000e+000 0.00000000e+000 0.00000000e+000 0.00000000e+000
 1.00000000e+000 1.70020984e+001 9.99867449e+000 1.20010074e+001 9.99828346e+000 9.99975432e+001 6.29970405e+001 1.02199150e+003 1.01798951e+003 2.00161148e+000 1.00008294e+000 1.30000216e+001 0.00000000e+000 0.00000000e+000 0.00000000e+000 1.00000000e+000
 1.00000000e+000 1.60025812e+001 8.00115295e+000 8.99877149e+000 3.99719934e+000 1.00000548e+002 4.49981376e+001 1.02098947e+003 1.01699075e+003 3.99938648e+000 1.84287680e-003 1.39989996e+001 0.00000000e+000 0.00000000e+000 1.00000000e+000 0.00000000e+000
 1.00000000e+000 1.60019684e+001 3.99475949e+000 8.00210926e+000 -8.18244324e-004 9.99985068e+001 3.39998995e+001 1.02199675e+003 1.01799032e+003 4.99837378e+000 -2.88308193e-003 1.59975559e+001 0.00000000e+000 0.00000000e+000 1.00000000e+000 0.00000000e+000
 1.00000000e+000 1.69979863e+001 4.00230257e+000 6.99795459e+000 3.00116560e+000 1.00000194e+002 4.19982038e+001 1.02198719e+003 1.01798875e+003 4.00143541e+000 6.55838243e-004 1.60036895e+001 0.00000000e+000 0.00000000e+000 1.00000000e+000 0.00000000e+000
 1.00000000e+000 1.79998702e+001 5.01491955e+000 6.99674747e+000 1.00142380e+000 9.29985378e+001 3.39933976e+001 1.02098626e+003 1.01698714e+003 5.00079602e+000 2.13373822e-003 2.39969147e+001 0.00000000e+000 0.00000000e+000 1.00000000e+000 0.00000000e+000
 1.00000000e+000 1.90008209e+001 4.00107535e+000 4.99922475e+000 1.99796262e+000 8.70009541e+001 3.19987888e+001 1.02098971e+003 1.01699026e+003 3.99877007e+000 6.15329057e-004 1.59994525e+001 0.00000000e+000 0.00000000e+000 1.00000000e+000 0.00000000e+000
 1.00000000e+000 2.09997361e+001 7.00172224e+000 8.99875021e+000 2.99853626e+000 8.70006420e+001 3.09988947e+001 1.01698992e+003 1.01299076e+003 4.99890868e+000 1.00056407e+000 2.09996996e+001 0.00000000e+000 0.00000000e+000 1.00000000e+000 0.00000000e+000
 1.00000000e+000 2.39977511e+001 1.20031024e+001 1.19978729e+001 3.99734855e+000 7.70008347e+001 2.89982443e+001 1.01498772e+003 1.00898969e+003 4.99785196e+000 1.00068809e+000 1.60007644e+001 0.00000000e+000 0.00000000e+000 1.00000000e+000 0.00000000e+000
 1.00000000e+000 1.90000100e+001 1.30021804e+001 1.39987491e+001 1.09993359e+001 9.99995863e+001 6.39972149e+001 1.01099017e+003 1.00799184e+003 3.99976384e+000 1.00045349e+000 2.29993303e+001 0.00000000e+000 0.00000000e+000 0.00000000e+000 1.00000000e+000
 1.00000000e+000 1.29963563e+001 8.00372438e+000 1.19957010e+001 7.99733176e+000 1.00000602e+002 8.79945141e+001 1.01298487e+003 1.00998909e+003 2.99549317e+000 1.37306496e-003 1.40013893e+001 0.00000000e+000 1.00000000e+000 0.00000000e+000 0.00000000e+000
 1.00000000e+000 1.40011508e+001 5.00166439e+000 8.99903668e+000 4.99874511e+000 1.00000009e+002 5.89975775e+001 1.01299073e+003 1.00999137e+003 4.99897644e+000 8.57507588e-004 1.39988463e+001 0.00000000e+000 0.00000000e+000 1.00000000e+000 0.00000000e+000
 1.00000000e+000 1.59971613e+001 6.00320821e+000 1.09961723e+001 5.99851071e+000 1.00001979e+002 5.49984247e+001 1.01498888e+003 1.00398872e+003 2.99540923e+000 2.73404916e-004 1.10006756e+001 0.00000000e+000 0.00000000e+000 1.00000000e+000 0.00000000e+000
 1.00000000e+000 1.40177628e+001 3.98311467e+000 1.00216147e+001 4.01024803e+000 9.99957072e+001 7.19967562e+001 1.01901898e+003 1.01499808e+003 1.99354728e+000 -1.62930477e-002 1.39902478e+001 0.00000000e+000 0.00000000e+000 1.00000000e+000 0.00000000e+000
 1.00000000e+000 1.69958291e+001 5.00627978e+000 8.99375397e+000 9.97909363e-001 1.00002715e+002 3.39981549e+001 1.01797722e+003 1.01498754e+003 6.99532493e+000 2.73445547e-003 2.90016380e+001 0.00000000e+000 0.00000000e+000 1.00000000e+000 0.00000000e+000
 1.00000000e+000 1.70008818e+001 6.00361727e+000 6.99931216e+000 1.99590274e+000 9.29996016e+001 3.69975591e+001 1.01798480e+003 1.01399045e+003 4.99754650e+000 8.49144372e-004 1.89989086e+001 0.00000000e+000 0.00000000e+000 1.00000000e+000 0.00000000e+000
 1.00000000e+000 2.10052059e+001 5.00010180e+000 7.99867849e+000 2.99267932e+000 9.99979646e+001 3.09966275e+001 1.01899096e+003 1.01499324e+003 5.00065975e+000 2.64863440e-003 2.09940462e+001 0.00000000e+000 0.00000000e+000 1.00000000e+000 0.00000000e+000
 1.00000000e+000 1.99986275e+001 6.00261707e+000 7.99715750e+000 9.98571032e-001 1.00001218e+002 2.79989604e+001 1.01798759e+003 1.01399014e+003 8.99796572e+000 8.85677344e-004 2.30008426e+001 0.00000000e+000 0.00000000e+000 1.00000000e+000 0.00000000e+000
 1.00000000e+000 1.99970963e+001 8.99327628e+000 7.98980417e+000 2.98650788e+000 8.20150754e+001 3.50135563e+001 1.01698534e+003 1.01298917e+003 4.96959896e+000 9.94692850e-001 2.09965155e+001 0.00000000e+000 0.00000000e+000 1.00000000e+000 0.00000000e+000
 1.00000000e+000 1.90007392e+001 8.99654116e+000 9.00102601e+000 3.98629663e+000 9.99955937e+001 3.99978387e+001 1.01899412e+003 1.01498350e+003 3.99246224e+000 -1.55992936e-003 1.89951007e+001 0.00000000e+000 0.00000000e+000 1.00000000e+000 0.00000000e+000
 1.00000000e+000 1.70007130e+001 1.20008787e+001 4.99912205e+000 1.98374333e+000 6.19973735e+001 3.69967148e+001 1.01499124e+003 1.01399128e+003 4.98841320e+000 9.99355935e-001 1.29949106e+001 0.00000000e+000 0.00000000e+000 1.00000000e+000 0.00000000e+000
 1.00000000e+000 2.00010559e+001 6.99890933e+000 6.00181504e+000 9.98191738e-001 9.29981142e+001 2.80002816e+001 1.01799350e+003 1.01399229e+003 6.99947329e+000 9.99455946e-001 1.30000313e+001 0.00000000e+000 0.00000000e+000 0.00000000e+000 1.00000000e+000
 1.00000000e+000 1.99987722e+001 6.00216004e+000 7.99822707e+000 3.99877563e+000 9.30003417e+001 3.49985873e+001 1.01998897e+003 1.01599007e+003 4.99867738e+000 5.79439632e-004 1.89999063e+001 0.00000000e+000 0.00000000e+000 1.00000000e+000 0.00000000e+000
 1.00000000e+000 2.00008462e+001 5.99711340e+000 7.99745260e+000 -1.95985079e-003 1.00002898e+002 2.60030923e+001 1.01999100e+003 1.01599094e+003 4.99642763e+000 -7.60655001e-004 1.60012148e+001 0.00000000e+000 0.00000000e+000 1.00000000e+000 0.00000000e+000
 1.00000000e+000 1.99959864e+001 5.00216418e+000 7.00565112e+000 1.00134087e+000 1.00000031e+002 2.80009818e+001 1.02099847e+003 1.01799022e+003 4.99673439e+000 -3.65204144e-003 1.60040068e+001 0.00000000e+000 0.00000000e+000 1.00000000e+000 0.00000000e+000
 1.00000000e+000 1.99952608e+001 7.00457468e+000 5.99497750e+000 -2.00098234e+000 9.30029051e+001 2.29983566e+001 1.02098338e+003 1.01798750e+003 4.99799467e+000 1.45088446e-003 2.40032324e+001 0.00000000e+000 0.00000000e+000 1.00000000e+000 0.00000000e+000
 1.00000000e+000 2.10038061e+001 7.99856757e+000 7.00216107e+000 -9.99058279e-001 8.69993037e+001 2.30007805e+001 1.01999526e+003 1.01599431e+003 5.00175508e+000 1.00011703e+000 1.89972041e+001 0.00000000e+000 0.00000000e+000 1.00000000e+000 0.00000000e+000
 1.00000000e+000 2.20009321e+001 1.10005103e+001 7.99934355e+000 1.99842415e+000 8.20007338e+001 2.79991189e+001 1.01999062e+003 1.01499188e+003 3.99952985e+000 1.00058927e+000 1.39996606e+001 0.00000000e+000 0.00000000e+000 0.00000000e+000 1.00000000e+000
 1.00000000e+000 2.30012887e+001 1.20000234e+001 1.19997889e+001 -1.00065083e+000 8.80008555e+001 2.29997574e+001 1.01599164e+003 1.01099232e+003 4.99994539e+000 1.00037550e+000 1.89993303e+001 0.00000000e+000 0.00000000e+000 0.00000000e+000 1.00000000e+000
 1.00000000e+000 2.20013826e+001 1.10011257e+001 1.39990352e+001 4.99833368e+000 9.99992841e+001 3.79992320e+001 1.01799127e+003 1.01199155e+003 3.00053521e+000 9.99864795e-001 2.09983967e+001 0.00000000e+000 0.00000000e+000 1.00000000e+000 0.00000000e+000
 1.00000000e+000 2.09994853e+001 9.00122327e+000 1.40011496e+001 5.99854945e+000 9.99959991e+001 3.99973839e+001 1.01798481e+003 1.01498999e+003 5.00468304e+000 4.23473517e-004 2.10193027e+001 0.00000000e+000 0.00000000e+000 1.00000000e+000 0.00000000e+000
 1.00000000e+000 1.80025908e+001 8.99824056e+000 1.00019985e+001 1.99849162e+000 8.19978021e+001 3.39989474e+001 1.01699404e+003 1.01299118e+003 4.00164445e+000 9.99897229e-001 1.39987480e+001 0.00000000e+000 0.00000000e+000 1.00000000e+000 0.00000000e+000
 1.00000000e+000 1.80005451e+001 1.00010408e+001 7.99917131e+000 -7.00098274e+000 8.20008373e+001 1.79995803e+001 1.01799031e+003 1.01099195e+003 5.99938863e+000 2.00047879e+000 2.39996121e+001 0.00000000e+000 0.00000000e+000 0.00000000e+000 1.00000000e+000
 1.00000000e+000 1.80010522e+001 3.00134040e+000 2.00042618e+000 -4.00407053e+000 8.70009334e+001 3.20008279e+001 1.01798956e+003 1.01498895e+003 5.99811548e+000 9.98903025e-001 2.30000352e+001 0.00000000e+000 0.00000000e+000 0.00000000e+000 1.00000000e+000
 1.00000000e+000 2.00015466e+001 3.99940380e+000 3.00064352e+000 -1.00196490e+000 8.09999477e+001 2.39992134e+001 1.01799372e+003 1.01399147e+003 7.00048693e+000 1.00036241e+000 2.39985280e+001 0.00000000e+000 0.00000000e+000 1.00000000e+000 0.00000000e+000
 1.00000000e+000 2.00018303e+001 6.00016816e+000 4.99936855e+000 -6.23421165e-004 8.69984288e+001 2.79992221e+001 1.01799161e+003 1.01399153e+003 3.99841097e+000 1.00016501e+000 1.39996656e+001 0.00000000e+000 0.00000000e+000 1.00000000e+000 0.00000000e+000
 1.00000000e+000 2.49994902e+001 1.20006961e+001 6.99972446e+000 -1.66960068e-003 6.70018721e+001 1.90000141e+001 1.01598980e+003 1.01099145e+003 6.99920087e+000 1.00038855e+000 2.29993232e+001 0.00000000e+000 0.00000000e+000 1.00000000e+000 0.00000000e+000
 1.00000000e+000 2.30012231e+001 1.39989840e+001 9.99878693e+000 4.99968792e+000 6.80011709e+001 3.49952239e+001 1.01398891e+003 1.00999219e+003 3.99868354e+000 9.98308997e-001 2.29985466e+001 0.00000000e+000 0.00000000e+000 0.00000000e+000 1.00000000e+000
 1.00000000e+000 2.30010128e+001 1.20001666e+001 1.19993858e+001 3.99876991e+000 9.40001221e+001 3.09993554e+001 1.01699122e+003 1.01299187e+003 3.99977639e+000 4.43312000e-004 1.89990448e+001 0.00000000e+000 0.00000000e+000 0.00000000e+000 1.00000000e+000
 1.00000000e+000 2.00064121e+001 1.20010559e+001 9.00418097e+000 -2.00241488e+000 6.69964873e+001 2.60004145e+001 1.01698583e+003 1.01299372e+003 4.99677271e+000 4.00014624e+000 1.20995498e+002 0.00000000e+000 0.00000000e+000 1.00000000e+000 0.00000000e+000
 1.00000000e+000 1.90029190e+001 9.99767094e+000 4.00127315e+000 -4.00030843e+000 5.40017786e+001 2.20000170e+001 1.01699616e+003 1.01399216e+003 6.00163049e+000 2.00008684e+000 2.09980241e+001 0.00000000e+000 0.00000000e+000 0.00000000e+000 1.00000000e+000
 1.00000000e+000 1.99978856e+001 6.99988328e+000 9.00041549e+000 1.00056814e+000 7.59989872e+001 2.79995128e+001 1.01899536e+003 1.01499297e+003 4.99835475e+000 1.00000862e+000 1.60002385e+001 0.00000000e+000 0.00000000e+000 0.00000000e+000 1.00000000e+000
 1.00000000e+000 2.29968858e+001 7.00203112e+000 8.99791598e+000 1.00483816e+000 1.00000104e+002 2.30018995e+001 1.01799135e+003 1.01499145e+003 5.00189671e+000 3.55942567e-004 2.60024970e+001 0.00000000e+000 0.00000000e+000 1.00000000e+000 0.00000000e+000
 1.00000000e+000 2.30007760e+001 9.00066734e+000 8.99880326e+000 9.98162955e-001 7.60010898e+001 2.29994948e+001 1.01698946e+003 1.01299077e+003 5.99952913e+000 1.00054200e+000 2.69992893e+001 0.00000000e+000 0.00000000e+000 1.00000000e+000 0.00000000e+000
 1.00000000e+000 2.40017310e+001 8.99939062e+000 9.00096412e+000 2.99866328e+000 9.39983717e+001 2.49996208e+001 1.01499291e+003 1.00899254e+003 5.00006375e+000 2.40992583e-004 1.89983490e+001 0.00000000e+000 0.00000000e+000 1.00000000e+000 0.00000000e+000
 1.00000000e+000 2.80043031e+001 1.29975244e+001 1.40022532e+001 5.00001913e+000 8.79990154e+001 2.60010555e+001 1.01099634e+003 1.00699506e+003 4.00039118e+000 9.99919371e-001 1.39959416e+001 0.00000000e+000 0.00000000e+000 1.00000000e+000 0.00000000e+000
 1.00000000e+000 2.99987997e+001 1.59994803e+001 1.50004899e+001 8.00078335e+000 8.20000008e+001 2.70030241e+001 1.01099388e+003 1.00799321e+003 4.99749028e+000 9.99041860e-001 1.59983346e+001 0.00000000e+000 0.00000000e+000 0.00000000e+000 1.00000000e+000
 1.00000000e+000 2.60021628e+001 1.29970759e+001 1.59987675e+001 8.99624761e+000 9.99983492e+001 3.59996470e+001 1.01399732e+003 1.00999392e+003 4.99949303e+000 -4.95209764e-004 1.60002752e+001 0.00000000e+000 0.00000000e+000 0.00000000e+000 1.00000000e+000
 1.00000000e+000 2.50031841e+001 1.09997476e+001 1.10007845e+001 3.99831386e+000 7.69999895e+001 3.39982625e+001 1.01399229e+003 1.00999258e+003 6.00139538e+000 1.00064751e+000 2.69970793e+001 0.00000000e+000 0.00000000e+000 1.00000000e+000 0.00000000e+000
 1.00000000e+000 2.19987251e+001 1.00104099e+001 5.00147988e+000 -5.00246162e+000 7.10025815e+001 1.59980123e+001 1.01497939e+003 1.01199010e+003 5.99878897e+000 1.00580981e+000 2.30056148e+001 0.00000000e+000 0.00000000e+000 1.00000000e+000 0.00000000e+000
 1.00000000e+000 2.30012332e+001 6.00071840e+000 5.99973332e+000 -1.47867759e-003 8.70001820e+001 2.29997775e+001 1.01399169e+003 1.01099180e+003 6.00006447e+000 1.00030122e+000 2.59984809e+001 0.00000000e+000 0.00000000e+000 0.00000000e+000 1.00000000e+000
 1.00000000e+000 2.39998235e+001 8.00029566e+000 6.99942180e+000 9.98269525e-001 8.10006469e+001 2.19993651e+001 1.01199092e+003 1.00899149e+003 5.99919973e+000 1.00038163e+000 3.19987538e+001 0.00000000e+000 0.00000000e+000 1.00000000e+000 0.00000000e+000
 1.00000000e+000 2.49962221e+001 1.10037365e+001 7.99578535e+000 4.00069648e+000 7.70052256e+001 2.60022939e+001 1.00897945e+003 1.00399155e+003 4.99527162e+000 9.99986448e-001 2.30049462e+001 0.00000000e+000 0.00000000e+000 0.00000000e+000 1.00000000e+000
 1.00000000e+000 2.90037495e+001 1.39963615e+001 1.00031759e+001 1.99740124e+000 6.70011502e+001 1.89985734e+001 1.00999240e+003 1.00698747e+003 6.00316387e+000 2.00076212e+000 1.89960370e+001 0.00000000e+000 0.00000000e+000 1.00000000e+000 0.00000000e+000
 1.00000000e+000 2.79986328e+001 1.30030346e+001 1.09970539e+001 -3.00118138e+000 7.70025202e+001 1.29992932e+001 1.00898866e+003 1.00599142e+003 5.99810717e+000 1.00116732e+000 2.09993598e+001 0.00000000e+000 0.00000000e+000 0.00000000e+000 1.00000000e+000
 1.00000000e+000 2.79992536e+001 1.10011421e+001 8.99853926e+000 1.99822081e+000 8.20009435e+001 1.89992141e+001 1.00898971e+003 1.00599114e+003 6.99883332e+000 1.00078693e+000 2.09997421e+001 0.00000000e+000 0.00000000e+000 0.00000000e+000 1.00000000e+000
 1.00000000e+000 3.20048932e+001 1.59982478e+001 1.50021458e+001 3.99579666e+000 6.29999306e+001 2.29983450e+001 1.00899110e+003 1.00499458e+003 7.00077661e+000 2.00042513e+000 1.39977732e+001 0.00000000e+000 0.00000000e+000 0.00000000e+000 1.00000000e+000
 1.00000000e+000 3.30027808e+001 2.19976230e+001 1.50034269e+001 8.99888773e+000 6.09978339e+001 2.39992815e+001 1.00799620e+003 1.00399376e+003 6.00219288e+000 1.99991637e+000 2.59962135e+001 0.00000000e+000 0.00000000e+000 0.00000000e+000 1.00000000e+000
 1.00000000e+000 2.80015679e+001 1.79952993e+001 1.89999801e+001 5.00140436e+000 9.99991174e+001 2.29947246e+001 1.00799243e+003 1.00499460e+003 5.00002982e+000 2.20732610e-003 1.89992513e+001 0.00000000e+000 0.00000000e+000 0.00000000e+000 1.00000000e+000
 1.00000000e+000 2.80010301e+001 1.09996520e+001 1.00001665e+001 -3.00300078e+000 8.79963752e+001 1.40003897e+001 1.00799781e+003 1.00399476e+003 5.99954905e+000 9.99568823e-001 1.39959406e+001 0.00000000e+000 0.00000000e+000 1.00000000e+000 0.00000000e+000
 1.00000000e+000 2.60013122e+001 1.19997386e+001 6.00049884e+000 -8.00139230e+000 6.70003934e+001 9.99908814e+000 1.00899257e+003 1.00299182e+003 5.00053191e+000 2.00059194e+000 1.89985170e+001 0.00000000e+000 0.00000000e+000 1.00000000e+000 0.00000000e+000
 1.00000000e+000 2.39997810e+001 9.99968831e+000 8.99951305e+000 -4.00217599e+000 8.80019961e+001 1.49995463e+001 1.01199159e+003 1.00798944e+003 5.99905507e+000 1.00033717e+000 1.89988028e+001 0.00000000e+000 0.00000000e+000 0.00000000e+000 1.00000000e+000
 1.00000000e+000 2.49976024e+001 1.20098493e+001 7.00001081e+000 -3.01221781e+000 6.69967229e+001 1.59973123e+001 1.01397583e+003 1.01198554e+003 4.99077232e+000 1.00021393e+000 1.59959706e+001 0.00000000e+000 0.00000000e+000 1.00000000e+000 0.00000000e+000
 1.00000000e+000 2.69990312e+001 1.10012140e+001 6.99785959e+000 -6.00430617e+000 7.10027694e+001 1.19971246e+001 1.01598843e+003 1.01099186e+003 4.99982421e+000 2.00104372e+000 1.40036994e+001 0.00000000e+000 0.00000000e+000 0.00000000e+000 1.00000000e+000
 1.00000000e+000 2.90050149e+001 1.29952908e+001 9.00388322e+000 -3.00059791e+000 7.19982462e+001 1.30011170e+001 1.01499664e+003 1.01099316e+003 5.00246426e+000 9.99535386e-001 1.89968729e+001 0.00000000e+000 0.00000000e+000 0.00000000e+000 1.00000000e+000
 1.00000000e+000 2.50011422e+001 1.59998207e+001 1.49979908e+001 6.99514403e+000 9.40030075e+001 3.19978155e+001 1.01698669e+003 1.00999071e+003 6.99731054e+000 3.00129626e+000 2.29996173e+001 0.00000000e+000 0.00000000e+000 0.00000000e+000 1.00000000e+000
 1.00000000e+000 2.50026807e+001 1.19964887e+001 1.10007311e+001 1.99673324e+000 8.79988131e+001 2.20000509e+001 1.01799419e+003 1.01399436e+003 5.00034858e+000 -8.04522781e-004 2.40003035e+001 1.00000000e+000 0.00000000e+000 0.00000000e+000 0.00000000e+000
 1.00000000e+000 2.69925290e+001 1.10030301e+001 9.99322225e+000 3.99772834e+000 8.20055096e+001 2.29978895e+001 1.01598010e+003 1.01198299e+003 4.99868549e+000 1.00073069e+000 2.40075600e+001 0.00000000e+000 0.00000000e+000 1.00000000e+000 0.00000000e+000
 1.00000000e+000 3.00070993e+001 1.29986920e+001 1.40018960e+001 5.99811494e+000 8.79972263e+001 2.50093816e+001 1.01400443e+003 1.00999615e+003 5.00903374e+000 9.96533106e-001 2.09946941e+001 0.00000000e+000 0.00000000e+000 1.00000000e+000 0.00000000e+000
 1.00000000e+000 3.40014788e+001 1.70004838e+001 1.39995716e+001 6.99858316e+000 8.20017641e+001 1.99979768e+001 1.01199275e+003 1.00799374e+003 3.00099047e+000 1.00175807e+000 1.59966494e+001 0.00000000e+000 0.00000000e+000 1.00000000e+000 0.00000000e+000
 1.00000000e+000 3.50009098e+001 1.90002254e+001 1.69983513e+001 7.99738658e+000 7.29997588e+001 1.99987800e+001 1.01199086e+003 1.00899080e+003 2.99797855e+000 1.00094787e+000 1.89986427e+001 0.00000000e+000 0.00000000e+000 0.00000000e+000 1.00000000e+000
 1.00000000e+000 3.60006992e+001 2.09994333e+001 1.69988582e+001 5.99737923e+000 7.30009821e+001 1.59988079e+001 1.01299068e+003 1.00799120e+003 4.99939893e+000 1.00125282e+000 1.29999031e+001 0.00000000e+000 0.00000000e+000 0.00000000e+000 1.00000000e+000
 1.00000000e+000 3.30003384e+001 2.00002127e+001 1.79987338e+001 1.99863017e+000 8.79997677e+001 1.69986821e+001 1.01199028e+003 1.00699153e+003 3.00002535e+000 1.00088039e+000 2.69981630e+001 0.00000000e+000 0.00000000e+000 0.00000000e+000 1.00000000e+000
 1.00000000e+000 2.50011596e+001 1.39995391e+001 8.00016244e+000 -3.00216362e+000 5.50011978e+001 1.89986189e+001 1.01399220e+003 1.01099131e+003 2.99993996e+000 2.00047258e+000 2.29982497e+001 0.00000000e+000 0.00000000e+000 0.00000000e+000 1.00000000e+000
 1.00000000e+000 2.60016832e+001 1.29977174e+001 8.00003794e+000 -1.00227059e+000 5.50012908e+001 1.79971275e+001 1.01398995e+003 1.01099144e+003 3.99990913e+000 3.00072352e+000 2.59973906e+001 0.00000000e+000 0.00000000e+000 0.00000000e+000 1.00000000e+000
 1.00000000e+000 2.99994355e+001 1.20008651e+001 8.99857804e+000 2.99786287e+000 6.70014681e+001 1.89982431e+001 1.01499057e+003 1.01099058e+003 4.99964650e+000 2.00083570e+000 2.69991527e+001 0.00000000e+000 0.00000000e+000 0.00000000e+000 1.00000000e+000
 1.00000000e+000 3.20001296e+001 1.40003071e+001 1.09995185e+001 -1.00194959e+000 7.20003433e+001 1.19994546e+001 1.01499090e+003 1.01099149e+003 4.99941783e+000 1.00060633e+000 2.29988363e+001 0.00000000e+000 0.00000000e+000 0.00000000e+000 1.00000000e+000
 1.00000000e+000 3.29999718e+001 1.50002522e+001 1.19988481e+001 2.99539892e+000 7.70030863e+001 1.49983188e+001 1.01399179e+003 1.00999256e+003 4.99983567e+000 1.00082938e+000 2.30022259e+001 0.00000000e+000 0.00000000e+000 0.00000000e+000 1.00000000e+000
 1.00000000e+000 3.49988734e+001 1.80017948e+001 1.29982822e+001 1.99868041e+000 7.29998950e+001 1.19983253e+001 1.01299081e+003 1.00899257e+003 5.00058892e+000 1.00061639e+000 1.60000283e+001 0.00000000e+000 0.00000000e+000 0.00000000e+000 1.00000000e+000
 1.00000000e+000 3.30004232e+001 1.79996247e+001 1.49987687e+001 8.99685360e+000 8.30010592e+001 2.29986102e+001 1.01398997e+003 1.01099061e+003 2.99929993e+000 1.00077384e+000 2.09991922e+001 0.00000000e+000 0.00000000e+000 0.00000000e+000 1.00000000e+000
 1.00000000e+000 3.29996994e+001 2.00008460e+001 1.59984148e+001 4.99779745e+000 7.30012848e+001 1.79988333e+001 1.01699005e+003 1.01299123e+003 3.99917677e+000 1.00077370e+000 1.89989473e+001 0.00000000e+000 0.00000000e+000 1.00000000e+000 0.00000000e+000
 1.00000000e+000 3.30046321e+001 1.79965798e+001 1.50002788e+001 5.99849024e+000 8.29994659e+001 2.00022065e+001 1.01499148e+003 1.00899736e+003 5.00598004e+000 9.99335507e-001 2.90013739e+001 0.00000000e+000 0.00000000e+000 0.00000000e+000 1.00000000e+000
 1.00000000e+000 3.29995549e+001 1.70015631e+001 1.69955130e+001 6.99543294e+000 7.20039281e+001 1.99963801e+001 1.01099382e+003 1.00699235e+003 4.99692076e+000 2.00186322e+000 2.29961493e+001 0.00000000e+000 0.00000000e+000 0.00000000e+000 1.00000000e+000
 1.00000000e+000 3.50010024e+001 2.09990538e+001 1.39983128e+001 8.99779236e+000 6.00005039e+001 1.99992045e+001 1.01399226e+003 1.00899112e+003 5.99943928e+000 1.00033945e+000 1.59977018e+001 0.00000000e+000 0.00000000e+000 0.00000000e+000 1.00000000e+000
 1.00000000e+000 3.69989726e+001 2.30019251e+001 1.39989839e+001 7.99848910e+000 5.30012438e+001 1.69974847e+001 1.01399059e+003 1.00899130e+003 5.00177567e+000 3.00117937e+000 2.09999472e+001 0.00000000e+000 0.00000000e+000 0.00000000e+000 1.00000000e+000
 1.00000000e+000 3.80048428e+001 2.49953030e+001 1.40056433e+001 1.09971298e+001 4.99980532e+001 1.99996912e+001 1.01399997e+003 1.00899456e+003 4.00186354e+000 1.99953130e+000 1.59943895e+001 0.00000000e+000 0.00000000e+000 0.00000000e+000 1.00000000e+000
 1.00000000e+000 3.79990684e+001 2.59997009e+001 1.69947771e+001 1.30031692e+001 5.70079142e+001 2.40009131e+001 1.01298751e+003 1.00799123e+003 3.00075594e+000 2.00118954e+000 1.60018543e+001 0.00000000e+000 0.00000000e+000 0.00000000e+000 1.00000000e+000
 1.00000000e+000 3.59998807e+001 2.30011823e+001 1.69997728e+001 8.99856582e+000 6.10004828e+001 1.89983156e+001 1.01199034e+003 1.00699235e+003 5.00070930e+000 1.00089174e+000 2.69984617e+001 1.00000000e+000 0.00000000e+000 0.00000000e+000 0.00000000e+000
 1.00000000e+000 3.69965058e+001 2.30020872e+001 1.60003283e+001 2.99745744e+000 5.69956832e+001 1.29914359e+001 1.01099605e+003 1.00499203e+003 4.99438752e+000 2.00283795e+000 1.89926715e+001 0.00000000e+000 0.00000000e+000 0.00000000e+000 1.00000000e+000
 1.00000000e+000 3.59973436e+001 2.40020737e+001 1.49994160e+001 7.99704837e+000 4.50010751e+001 2.09968788e+001 1.00798771e+003 1.00398907e+003 4.99992025e+000 3.00055096e+000 1.90008277e+001 0.00000000e+000 0.00000000e+000 0.00000000e+000 1.00000000e+000
 1.00000000e+000 3.70110736e+001 2.59883557e+001 1.50101550e+001 1.10017202e+001 5.09986878e+001 2.19983503e+001 1.00799755e+003 1.00399679e+003 5.00325496e+000 2.99949569e+000 1.89958622e+001 0.00000000e+000 0.00000000e+000 0.00000000e+000 1.00000000e+000
 1.00000000e+000 3.59996531e+001 2.30007200e+001 1.50000599e+001 5.99798945e+000 6.10005345e+001 1.59985725e+001 1.00899049e+003 1.00499164e+003 4.99975873e+000 1.00053502e+000 2.39984191e+001 0.00000000e+000 0.00000000e+000 0.00000000e+000 1.00000000e+000
 1.00000000e+000 3.80006990e+001 2.19958601e+001 1.50047615e+001 6.99945101e+000 5.69988474e+001 1.59982015e+001 1.00899172e+003 1.00499118e+003 4.99900442e+000 1.99931282e+000 2.09983065e+001 0.00000000e+000 0.00000000e+000 0.00000000e+000 1.00000000e+000
 1.00000000e+000 3.69981438e+001 2.50010771e+001 1.49977546e+001 1.09972675e+001 5.10027075e+001 2.09984250e+001 1.00798765e+003 1.00299042e+003 4.99882764e+000 1.00078767e+000 3.99994840e+001 0.00000000e+000 0.00000000e+000 0.00000000e+000 1.00000000e+000
 1.00000000e+000 2.89991090e+001 2.10016951e+001 1.69966152e+001 1.39969572e+001 7.80021024e+001 3.99971222e+001 1.01098866e+003 1.00399012e+003 3.99912668e+000 2.00086652e+000 2.59997435e+001 1.00000000e+000 0.00000000e+000 0.00000000e+000 0.00000000e+000
 1.00000000e+000 3.40044374e+001 2.10000165e+001 1.60028217e+001 8.99406434e+000 6.90042470e+001 2.30020745e+001 1.00998693e+003 1.00398901e+003 4.99949321e+000 4.00137295e+000 1.59971866e+001 1.00000000e+000 0.00000000e+000 0.00000000e+000 0.00000000e+000
 1.00000000e+000 2.90004587e+001 2.39993768e+001 1.50000297e+001 9.99766608e+000 5.70009026e+001 3.29978626e+001 1.01099068e+003 1.00399140e+003 4.00020309e+000 3.00020256e+000 2.69987831e+001 0.00000000e+000 0.00000000e+000 0.00000000e+000 1.00000000e+000
 1.00000000e+000 2.69992896e+001 2.00008734e+001 1.79980192e+001 1.29977749e+001 8.80005432e+001 4.19977035e+001 1.01198853e+003 1.00799047e+003 3.99911559e+000 2.00055114e+000 1.40004458e+001 0.00000000e+000 0.00000000e+000 0.00000000e+000 1.00000000e+000
 1.00000000e+000 3.09974303e+001 1.90014930e+001 1.90003059e+001 1.00039861e+001 9.39995940e+001 2.69989569e+001 1.01299218e+003 1.00799293e+003 5.00026733e+000 9.98855642e-001 1.10011853e+001 1.00000000e+000 0.00000000e+000 0.00000000e+000 0.00000000e+000
 1.00000000e+000 3.50016502e+001 2.00008856e+001 1.50003823e+001 7.99824340e+000 6.79992044e+001 1.99999199e+001 1.01099259e+003 1.00499310e+003 5.00158039e+000 1.00013697e+000 1.39986703e+001 1.00000000e+000 0.00000000e+000 0.00000000e+000 0.00000000e+000
 1.00000000e+000 3.29988078e+001 2.09932488e+001 1.80038178e+001 1.20067037e+001 8.29965568e+001 2.79963101e+001 1.00898905e+003 1.00399864e+003 4.99585422e+000 3.00338918e+000 3.69908937e+001 0.00000000e+000 0.00000000e+000 0.00000000e+000 1.00000000e+000
 1.00000000e+000 3.29994774e+001 2.40002258e+001 1.69990476e+001 1.19977182e+001 6.10011813e+001 2.79984680e+001 1.00899023e+003 1.00499141e+003 3.99904648e+000 1.00052331e+000 2.39991334e+001 1.00000000e+000 0.00000000e+000 0.00000000e+000 0.00000000e+000
 1.00000000e+000 3.60016681e+001 2.09976888e+001 1.59962915e+001 1.10074787e+001 6.90050356e+001 2.30076274e+001 1.00898497e+003 1.00499828e+003 4.00275313e+000 1.00056380e+000 2.30063192e+001 0.00000000e+000 1.00000000e+000 0.00000000e+000 0.00000000e+000
 1.00000000e+000 3.79999354e+001 2.30035255e+001 1.59968398e+001 8.99802173e+000 6.10044122e+001 1.79981363e+001 1.01199182e+003 1.00799497e+003 3.99713722e+000 3.00163295e+000 2.59953918e+001 0.00000000e+000 0.00000000e+000 0.00000000e+000 1.00000000e+000
 1.00000000e+000 3.39993706e+001 2.29993242e+001 1.49967672e+001 7.99712413e+000 6.10045585e+001 2.00020023e+001 1.01298935e+003 1.00698905e+003 5.99680000e+000 9.99856878e-001 2.30019209e+001 1.00000000e+000 0.00000000e+000 0.00000000e+000 0.00000000e+000
 1.00000000e+000 3.50003607e+001 2.29994536e+001 1.59992735e+001 7.99711910e+000 6.10006212e+001 1.89986565e+001 1.00799081e+003 1.00299072e+003 5.99966306e+000 2.99979770e+000 2.39976059e+001 0.00000000e+000 0.00000000e+000 0.00000000e+000 1.00000000e+000
 1.00000000e+000 3.50009509e+001 1.99988425e+001 1.29992721e+001 7.99809337e+000 6.00018076e+001 1.89986541e+001 1.00699281e+003 1.00399099e+003 6.00021920e+000 3.00059986e+000 1.89983595e+001 0.00000000e+000 1.00000000e+000 0.00000000e+000 0.00000000e+000
 1.00000000e+000 3.59829873e+001 2.20127898e+001 1.70357321e+001 6.99614846e+000 7.29500049e+001 1.79658501e+001 1.00999741e+003 1.00398654e+003 5.01932658e+000 1.00146795e+000 2.30140860e+001 0.00000000e+000 0.00000000e+000 0.00000000e+000 1.00000000e+000
 1.00000000e+000 3.49998054e+001 2.00004562e+001 1.69986448e+001 8.99752112e+000 8.30000701e+001 1.99986669e+001 1.00899013e+003 1.00599084e+003 4.99903939e+000 7.04974287e-004 1.59992607e+001 1.00000000e+000 0.00000000e+000 1.00000000e+000 0.00000000e+000
 1.00000000e+000 3.39989721e+001 2.30013725e+001 1.59976362e+001 9.99788694e+000 6.50022875e+001 2.29974143e+001 1.00998743e+003 1.00699042e+003 4.99888035e+000 1.00115019e+000 2.39996698e+001 0.00000000e+000 0.00000000e+000 1.00000000e+000 0.00000000e+000
 1.00000000e+000 3.39999236e+001 1.79998003e+001 1.79988783e+001 9.99777008e+000 9.40001352e+001 2.29981611e+001 1.00899033e+003 1.00399092e+003 4.99942866e+000 6.80923098e-004 2.29992932e+001 1.00000000e+000 0.00000000e+000 0.00000000e+000 0.00000000e+000
 1.00000000e+000 3.59989542e+001 2.10024675e+001 1.39989130e+001 4.99805010e+000 6.40007122e+001 1.50010444e+001 1.00598886e+003 1.00099133e+003 4.99880984e+000 1.99983022e+000 2.39994131e+001 0.00000000e+000 0.00000000e+000 1.00000000e+000 0.00000000e+000
 1.00000000e+000 3.60002115e+001 2.19996454e+001 1.19995766e+001 3.99814060e+000 5.30001391e+001 1.39985017e+001 1.00399162e+003 1.00099174e+003 5.99930968e+000 3.00061035e+000 2.39983452e+001 0.00000000e+000 0.00000000e+000 0.00000000e+000 1.00000000e+000
 1.00000000e+000 3.60033648e+001 2.19978248e+001 1.90020568e+001 4.99785038e+000 6.49980157e+001 1.69999544e+001 1.00499505e+003 1.00099242e+003 5.00153644e+000 2.99962334e+000 2.39960995e+001 0.00000000e+000 0.00000000e+000 0.00000000e+000 1.00000000e+000
 1.00000000e+000 3.50001488e+001 2.19983392e+001 1.00006200e+001 1.99897729e+000 4.40007967e+001 1.29984625e+001 1.00699539e+003 1.00299196e+003 4.99879094e+000 3.00048019e+000 1.59976305e+001 0.00000000e+000 0.00000000e+000 0.00000000e+000 1.00000000e+000
 1.00000000e+000 3.69994549e+001 2.30002564e+001 9.99975725e+000 -1.55613333e-003 4.10012312e+001 9.99878557e+000 1.00899028e+003 1.00499117e+003 4.99921585e+000 3.00052341e+000 1.59993755e+001 0.00000000e+000 0.00000000e+000 0.00000000e+000 1.00000000e+000
 1.00000000e+000 3.69973316e+001 2.30032619e+001 8.99587005e+000 2.99945858e+000 4.10044550e+001 1.19979932e+001 1.00698466e+003 1.00198894e+003 4.99822272e+000 1.00115561e+000 2.30026157e+001 0.00000000e+000 0.00000000e+000 0.00000000e+000 1.00000000e+000
 1.00000000e+000 3.80064966e+001 2.49966350e+001 1.10068443e+001 2.00045204e+000 3.89967123e+001 1.10003110e+001 1.00399868e+003 9.99993695e+002 5.00029998e+000 9.99877701e-001 1.29908959e+001 0.00000000e+000 0.00000000e+000 0.00000000e+000 1.00000000e+000
 1.00000000e+000 3.90011911e+001 2.59984128e+001 1.40014204e+001 4.99802841e+000 3.89997941e+001 1.19988960e+001 1.00699326e+003 1.00199209e+003 4.00018656e+000 3.00015311e+000 2.69973336e+001 0.00000000e+000 0.00000000e+000 0.00000000e+000 1.00000000e+000
 1.00000000e+000 3.90006059e+001 2.59989389e+001 1.50005744e+001 1.09979953e+001 4.70000685e+001 1.79986604e+001 1.00699226e+003 1.00299180e+003 4.99965959e+000 2.00033138e+000 2.09981345e+001 0.00000000e+000 0.00000000e+000 0.00000000e+000 1.00000000e+000
 1.00000000e+000 3.89976250e+001 2.70012784e+001 1.60001901e+001 7.99661181e+000 4.80010300e+001 1.49989430e+001 1.00699178e+003 1.00199363e+003 3.99647542e+000 1.99959560e+000 1.59976544e+001 0.00000000e+000 0.00000000e+000 0.00000000e+000 1.00000000e+000
 1.00000000e+000 4.09996560e+001 2.79985679e+001 1.50032677e+001 9.99650175e+000 4.19985749e+001 1.49971415e+001 1.00699498e+003 1.00199170e+003 3.99948259e+000 2.99996760e+000 1.89950840e+001 0.00000000e+000 0.00000000e+000 0.00000000e+000 1.00000000e+000
 1.00000000e+000 3.69963390e+001 2.69953121e+001 1.60048910e+001 1.09980315e+001 5.09955250e+001 2.39980092e+001 1.00899237e+003 1.00599710e+003 4.99413610e+000 2.00016608e+000 2.10001589e+001 0.00000000e+000 0.00000000e+000 0.00000000e+000 1.00000000e+000
 1.00000000e+000 4.19988049e+001 2.90002790e+001 1.39988144e+001 8.99741489e+000 3.70019203e+001 1.39985075e+001 1.00798909e+003 1.00399063e+003 4.99834386e+000 1.00065193e+000 2.59991365e+001 0.00000000e+000 0.00000000e+000 0.00000000e+000 1.00000000e+000
 1.00000000e+000 3.70005264e+001 2.60001001e+001 1.49984878e+001 1.09987042e+001 4.70016529e+001 2.09983493e+001 1.00898974e+003 1.00399178e+003 3.99909972e+000 4.00024409e+000 1.89998216e+001 0.00000000e+000 0.00000000e+000 0.00000000e+000 1.00000000e+000
 1.00000000e+000 4.00023089e+001 2.29973704e+001 1.80008158e+001 1.09987401e+001 6.89996793e+001 1.69995068e+001 1.00799344e+003 1.00099298e+003 5.00078761e+000 1.00024112e+000 3.69971425e+001 0.00000000e+000 0.00000000e+000 0.00000000e+000 1.00000000e+000
 1.00000000e+000 3.80007002e+001 2.29992041e+001 1.70002329e+001 1.19978490e+001 6.49994832e+001 2.29983125e+001 1.00699210e+003 1.00199151e+003 4.00025492e+000 2.00036553e+000 2.29984272e+001 1.00000000e+000 0.00000000e+000 0.00000000e+000 0.00000000e+000
 1.00000000e+000 3.29999465e+001 2.49999710e+001 1.59986645e+001 9.99752917e+000 5.10015632e+001 2.39981932e+001 1.00598873e+003 1.00299056e+003 3.99888209e+000 1.00065006e+000 2.39993575e+001 0.00000000e+000 0.00000000e+000 0.00000000e+000 1.00000000e+000
 1.00000000e+000 3.90033256e+001 2.39992830e+001 1.20006715e+001 5.99376054e+000 4.40006545e+001 1.39956950e+001 1.00700209e+003 1.00199883e+003 3.99769295e+000 3.00121583e+000 2.29929966e+001 0.00000000e+000 0.00000000e+000 0.00000000e+000 1.00000000e+000
 1.00000000e+000 4.30010690e+001 2.69978128e+001 1.40026035e+001 4.99669185e+000 3.89996010e+001 9.99999672e+000 1.00399068e+003 9.98992035e+002 3.99936485e+000 1.00060623e+000 2.29963038e+001 0.00000000e+000 0.00000000e+000 0.00000000e+000 1.00000000e+000
 1.00000000e+000 3.80005349e+001 2.79991762e+001 1.70001016e+001 7.99797149e+000 5.09999607e+001 1.59991798e+001 1.00399116e+003 9.98991584e+002 3.99914811e+000 1.00021714e+000 2.29982152e+001 0.00000000e+000 0.00000000e+000 0.00000000e+000 1.00000000e+000
 1.00000000e+000 4.10011979e+001 2.69978568e+001 1.40015727e+001 5.99741188e+000 3.99995216e+001 1.29989393e+001 1.00699316e+003 1.00199182e+003 3.00000116e+000 1.00009034e+000 2.29978297e+001 1.00000000e+000 0.00000000e+000 0.00000000e+000 0.00000000e+000
 1.00000000e+000 4.10004014e+001 2.89990711e+001 1.40000806e+001 2.99830202e+000 3.50016037e+001 9.99935664e+000 1.00799082e+003 1.00299194e+003 3.99955447e+000 1.00040410e+000 2.59985388e+001 0.00000000e+000 0.00000000e+000 0.00000000e+000 1.00000000e+000
 1.00000000e+000 4.19980055e+001 2.80006248e+001 1.19996187e+001 3.99555343e+000 3.49974664e+001 1.09977612e+001 1.00699148e+003 1.00099767e+003 5.00177397e+000 2.00101486e+000 1.90003784e+001 0.00000000e+000 0.00000000e+000 0.00000000e+000 1.00000000e+000
 1.00000000e+000 4.20016831e+001 3.09975242e+001 1.20018742e+001 2.99682240e+000 3.10001014e+001 9.99943383e+000 1.00599316e+003 1.00099182e+003 3.99913127e+000 1.99987060e+000 2.29969018e+001 1.00000000e+000 0.00000000e+000 0.00000000e+000 0.00000000e+000
 1.00000000e+000 4.20034807e+001 2.89948296e+001 1.30016248e+001 6.00092604e+000 3.69996792e+001 1.19949154e+001 1.00499299e+003 9.99990579e+002 3.00645462e+000 2.00199292e+000 1.89997010e+001 1.00000000e+000 0.00000000e+000 0.00000000e+000 0.00000000e+000
 1.00000000e+000 4.20005938e+001 2.70056235e+001 1.00017176e+001 1.00116220e+000 3.19979747e+001 7.99618976e+000 1.00499121e+003 1.00099508e+003 3.00431016e+000 2.00184733e+000 2.69974240e+001 0.00000000e+000 0.00000000e+000 0.00000000e+000 1.00000000e+000
 1.00000000e+000 4.40004238e+001 2.59983400e+001 8.00113259e+000 -2.28102040e-003 3.00008200e+001 6.99969741e+000 1.00299389e+003 9.97992337e+002 3.99915459e+000 1.99997763e+000 2.69976043e+001 0.00000000e+000 0.00000000e+000 0.00000000e+000 1.00000000e+000
 1.00000000e+000 4.40017524e+001 2.69979213e+001 1.10025354e+001 4.99797970e+000 2.79996750e+001 1.09990333e+001 1.00199480e+003 9.97992739e+002 5.00076194e+000 2.00009249e+000 3.39963648e+001 0.00000000e+000 0.00000000e+000 0.00000000e+000 1.00000000e+000
 1.00000000e+000 4.20007835e+001 3.19983567e+001 1.20008098e+001 5.99879229e+000 2.40017391e+001 1.29996561e+001 1.00399249e+003 9.98992838e+002 4.00027065e+000 2.00015247e+000 3.19981577e+001 0.00000000e+000 0.00000000e+000 0.00000000e+000 1.00000000e+000
 1.00000000e+000 4.09968041e+001 2.90010235e+001 1.29971700e+001 1.99776984e+000 3.70028069e+001 8.99865769e+000 1.00398771e+003 9.99989131e+002 3.99817457e+000 2.00068637e+000 2.70011616e+001 0.00000000e+000 0.00000000e+000 0.00000000e+000 1.00000000e+000
 1.00000000e+000 4.30070541e+001 2.79915361e+001 1.00051184e+001 2.99485427e+000 3.19995815e+001 8.99717637e+000 1.00400049e+003 9.99996006e+002 4.00299193e+000 2.00023007e+000 2.29966161e+001 0.00000000e+000 0.00000000e+000 0.00000000e+000 1.00000000e+000
 1.00000000e+000 4.39980906e+001 2.80005414e+001 9.99906485e+000 1.99780897e+000 3.20019497e+001 7.99902966e+000 1.00398980e+003 9.99991259e+002 4.99855369e+000 2.00049723e+000 2.59995072e+001 0.00000000e+000 0.00000000e+000 0.00000000e+000 1.00000000e+000
 1.00000000e+000 4.49999282e+001 2.80020659e+001 6.99936504e+000 2.99767490e+000 2.50010101e+001 8.00016520e+000 1.00199500e+003 9.95992962e+002 4.00041508e+000 2.00017205e+000 2.39969091e+001 0.00000000e+000 0.00000000e+000 0.00000000e+000 1.00000000e+000
 1.00000000e+000 4.59952884e+001 3.20047870e+001 1.29967082e+001 4.99886339e+000 2.20035074e+001 9.99809113e+000 9.99985542e+002 9.94991240e+002 3.99816944e+000 2.00115929e+000 2.10011239e+001 0.00000000e+000 0.00000000e+000 0.00000000e+000 1.00000000e+000
 1.00000000e+000 4.49945553e+001 3.30007446e+001 1.59955448e+001 8.99688907e+000 2.70032297e+001 1.29969088e+001 9.99986108e+002 9.95990802e+002 4.00191292e+000 2.00096067e+000 1.41998028e+002 0.00000000e+000 0.00000000e+000 0.00000000e+000 1.00000000e+000
 1.00000000e+000 4.30053429e+001 3.29962479e+001 1.90034437e+001 6.99628228e+000 3.59991342e+001 1.39992145e+001 9.99997208e+002 9.94992463e+002 3.99982070e+000 2.99980383e+000 3.69956797e+001 0.00000000e+000 0.00000000e+000 0.00000000e+000 1.00000000e+000
 1.00000000e+000 4.89970616e+001 2.90019727e+001 1.79976225e+001 2.99776993e+000 4.50016242e+001 8.99881065e+000 9.98989029e+002 9.91990933e+002 5.99815754e+000 2.00107892e+000 2.40004265e+001 1.00000000e+000 0.00000000e+000 0.00000000e+000 0.00000000e+000
 1.00000000e+000 4.09988998e+001 2.90005884e+001 1.99996191e+001 1.39976466e+001 4.20005813e+001 2.19985096e+001 9.98991614e+002 9.94991775e+002 3.99940699e+000 2.00029203e+000 2.29987854e+001 0.00000000e+000 0.00000000e+000 0.00000000e+000 1.00000000e+000
 1.00000000e+000 4.00016691e+001 2.89963324e+001 1.90029293e+001 1.50023524e+001 5.49935655e+001 2.89951799e+001 9.99994292e+002 9.94990845e+002 4.00273511e+000 3.00052225e+000 2.59957886e+001 0.00000000e+000 0.00000000e+000 0.00000000e+000 1.00000000e+000
 1.00000000e+000 3.79995896e+001 2.69997539e+001 1.80001988e+001 9.99785931e+000 5.39995651e+001 2.19991719e+001 1.00199245e+003 9.97991819e+002 4.99911316e+000 2.00001191e+000 3.69974540e+001 0.00000000e+000 1.00000000e+000 0.00000000e+000 0.00000000e+000
 1.00000000e+000 3.80014913e+001 2.69992229e+001 1.70011290e+001 1.19968554e+001 5.39994739e+001 2.19984304e+001 1.00199363e+003 9.98991837e+002 3.99934793e+000 2.00028012e+000 1.39990152e+001 1.00000000e+000 0.00000000e+000 0.00000000e+000 0.00000000e+000
 1.00000000e+000 3.89912563e+001 2.70079339e+001 1.59995165e+001 1.19997223e+001 5.09980073e+001 2.09943849e+001 1.00399317e+003 9.98998166e+002 4.00386333e+000 2.00186344e+000 2.30015475e+001 0.00000000e+000 0.00000000e+000 0.00000000e+000 1.00000000e+000
 1.00000000e+000 4.09972115e+001 2.79839996e+001 1.69977944e+001 1.09986403e+001 5.09921707e+001 1.69872704e+001 1.00198610e+003 9.98000350e+002 3.99301312e+000 2.00856050e+000 2.39967423e+001 0.00000000e+000 0.00000000e+000 0.00000000e+000 1.00000000e+000
 1.00000000e+000 4.19969850e+001 3.00027873e+001 1.59968208e+001 9.99735617e+000 4.00031087e+001 1.59984668e+001 1.00098706e+003 9.94990258e+002 2.99847642e+000 2.00086032e+000 2.30007776e+001 0.00000000e+000 0.00000000e+000 0.00000000e+000 1.00000000e+000
 1.00000000e+000 4.09981965e+001 3.00020235e+001 1.59977302e+001 7.99501639e+000 3.70030288e+001 1.39977860e+001 1.00098774e+003 9.96990809e+002 2.99718215e+000 2.00084411e+000 2.59990539e+001 0.00000000e+000 0.00000000e+000 0.00000000e+000 1.00000000e+000
 1.00000000e+000 4.10040791e+001 2.89974714e+001 1.70077968e+001 9.99707559e+000 4.19928235e+001 1.49982053e+001 1.00100052e+003 9.96993212e+002 4.00246727e+000 1.99947497e+000 1.59923276e+001 0.00000000e+000 0.00000000e+000 0.00000000e+000 1.00000000e+000
 1.00000000e+000 4.39957164e+001 3.09927392e+001 1.40104237e+001 9.99802154e+000 3.29949071e+001 1.30070055e+001 1.00200500e+003 9.98993862e+002 3.99841624e+000 2.99482089e+000 2.09975170e+001 0.00000000e+000 0.00000000e+000 0.00000000e+000 1.00000000e+000
 1.00000000e+000 4.29992875e+001 3.39834118e+001 1.40173977e+001 7.00751885e+000 2.99792732e+001 1.19957111e+001 1.00201894e+003 9.98002327e+002 3.99811588e+000 2.99827285e+000 2.59869348e+001 0.00000000e+000 0.00000000e+000 0.00000000e+000 1.00000000e+000
 1.00000000e+000 4.30005122e+001 3.10001349e+001 1.80030229e+001 9.99805837e+000 3.99994849e+001 1.49988554e+001 1.00099526e+003 9.94993045e+002 4.99957667e+000 3.00018683e+000 3.19951334e+001 0.00000000e+000 0.00000000e+000 0.00000000e+000 1.00000000e+000
 1.00000000e+000 4.29961341e+001 3.20026202e+001 1.99969832e+001 1.19978101e+001 4.40027545e+001 1.59979883e+001 9.97987888e+002 9.92990518e+002 3.99866804e+000 2.00081393e+000 2.40004951e+001 0.00000000e+000 0.00000000e+000 0.00000000e+000 1.00000000e+000
 1.00000000e+000 4.40034911e+001 3.20158393e+001 1.99976508e+001 1.29928192e+001 4.90005023e+001 1.60043996e+001 9.96994167e+002 9.91993380e+002 4.00843787e+000 2.99847834e+000 2.29897268e+001 0.00000000e+000 0.00000000e+000 0.00000000e+000 1.00000000e+000
 1.00000000e+000 3.69989603e+001 2.79994237e+001 2.29963299e+001 1.69958522e+001 7.40018132e+001 3.39986952e+001 9.98988687e+002 9.94993765e+002 3.99783260e+000 3.99989063e+000 3.70021933e+001 0.00000000e+000 0.00000000e+000 0.00000000e+000 1.00000000e+000
 1.00000000e+000 4.20006994e+001 2.79986284e+001 2.30001215e+001 1.29977246e+001 6.99988125e+001 1.89998092e+001 9.98993990e+002 9.93991469e+002 3.99897903e+000 3.00013785e+000 2.29967545e+001 0.00000000e+000 1.00000000e+000 0.00000000e+000 0.00000000e+000
 1.00000000e+000 4.29977448e+001 3.00026981e+001 1.69977399e+001 9.99603874e+000 4.30021600e+001 1.40002624e+001 9.95988630e+002 9.91988915e+002 4.99373891e+000 3.00001674e+000 2.69948815e+001 0.00000000e+000 0.00000000e+000 0.00000000e+000 1.00000000e+000
 1.00000000e+000 4.29979137e+001 3.29935956e+001 1.99970467e+001 1.40070959e+001 4.10026652e+001 1.89981182e+001 9.96998713e+002 9.93995885e+002 3.99114690e+000 3.00262004e+000 2.69959465e+001 0.00000000e+000 0.00000000e+000 0.00000000e+000 1.00000000e+000
 1.00000000e+000 4.29995487e+001 3.19993981e+001 2.49998738e+001 1.29980704e+001 5.89989026e+001 1.99992047e+001 9.98993004e+002 9.94991826e+002 3.99917083e+000 2.99998899e+000 2.09979306e+001 0.00000000e+000 0.00000000e+000 0.00000000e+000 1.00000000e+000
 1.00000000e+000 4.19961115e+001 3.20033872e+001 2.49976089e+001 1.49962314e+001 6.19980901e+001 2.39952660e+001 9.97990907e+002 9.93989635e+002 3.99847465e+000 3.00102109e+000 2.09990013e+001 0.00000000e+000 0.00000000e+000 0.00000000e+000 1.00000000e+000
 1.00000000e+000 4.20162450e+001 3.30033187e+001 2.10115106e+001 1.49941208e+001 4.39881710e+001 2.20061383e+001 9.95990064e+002 9.91994879e+002 4.02196960e+000 2.99654269e+000 2.29970209e+001 0.00000000e+000 0.00000000e+000 0.00000000e+000 1.00000000e+000
 1.00000000e+000 4.29912450e+001 3.20002145e+001 2.00034373e+001 1.10033164e+001 4.60007351e+001 1.89966724e+001 9.97999042e+002 9.94992408e+002 3.99942907e+000 2.99283013e+000 2.39993828e+001 0.00000000e+000 0.00000000e+000 0.00000000e+000 1.00000000e+000
 1.00000000e+000 4.09980664e+001 3.20001891e+001 2.00014067e+001 1.19977598e+001 4.89985517e+001 2.39974305e+001 9.98991629e+002 9.94990828e+002 4.99950703e+000 3.00152081e+000 2.69981837e+001 0.00000000e+000 0.00000000e+000 0.00000000e+000 1.00000000e+000
 1.00000000e+000 4.00025653e+001 3.19979033e+001 2.10015959e+001 1.79978123e+001 5.19982475e+001 2.69999674e+001 9.99995631e+002 9.96993021e+002 3.00201532e+000 1.99980166e+000 2.59967557e+001 0.00000000e+000 0.00000000e+000 0.00000000e+000 1.00000000e+000
 1.00000000e+000 4.09978590e+001 3.19999830e+001 1.99933707e+001 1.49871864e+001 4.90100232e+001 2.19918695e+001 1.00100553e+003 9.95992859e+002 2.99664195e+000 3.00329325e+000 2.69902116e+001 0.00000000e+000 0.00000000e+000 0.00000000e+000 1.00000000e+000
 1.00000000e+000 4.30004924e+001 3.09982675e+001 1.80012654e+001 1.49977208e+001 4.29996649e+001 1.89984382e+001 9.99994883e+002 9.96993113e+002 3.99908556e+000 3.00024913e+000 2.69967615e+001 0.00000000e+000 0.00000000e+000 0.00000000e+000 1.00000000e+000
 1.00000000e+000 4.30009007e+001 3.19986079e+001 1.80040738e+001 1.29966527e+001 4.09953095e+001 1.99980562e+001 9.99998036e+002 9.93991711e+002 4.00008578e+000 2.99971446e+000 2.29939542e+001 0.00000000e+000 0.00000000e+000 0.00000000e+000 1.00000000e+000
 1.00000000e+000 4.40088213e+001 3.19912968e+001 1.90135328e+001 1.09787339e+001 4.29598531e+001 1.49940980e+001 9.98997770e+002 9.92997228e+002 6.02436863e+000 3.00534509e+000 2.40086218e+001 0.00000000e+000 0.00000000e+000 0.00000000e+000 1.00000000e+000
 1.00000000e+000 4.19977664e+001 3.30000799e+001 2.49970857e+001 1.79995718e+001 5.90020520e+001 2.79997831e+001 9.98988295e+002 9.94990045e+002 3.99779497e+000 3.00021765e+000 2.30000281e+001 0.00000000e+000 0.00000000e+000 0.00000000e+000 1.00000000e+000
 1.00000000e+000 3.99976087e+001 3.10012436e+001 2.59972627e+001 2.19980649e+001 6.99996996e+001 3.49984142e+001 9.95990656e+002 9.92991853e+002 4.99818926e+000 2.00025701e+000 3.39990868e+001 0.00000000e+000 0.00000000e+000 0.00000000e+000 1.00000000e+000
 1.00000000e+000 4.19951247e+001 2.90039962e+001 2.59935934e+001 2.29967309e+001 7.40055616e+001 3.39958426e+001 9.95985874e+002 9.91994617e+002 3.99627000e+000 3.00192089e+000 2.59998632e+001 0.00000000e+000 0.00000000e+000 0.00000000e+000 1.00000000e+000
 1.00000000e+000 4.10021659e+001 2.99967734e+001 2.50015633e+001 2.19984486e+001 7.39971111e+001 3.29984697e+001 9.96996038e+002 9.92994681e+002 4.00116942e+000 2.99986940e+000 2.09983137e+001 0.00000000e+000 0.00000000e+000 0.00000000e+000 1.00000000e+000
 1.00000000e+000 3.70006829e+001 2.39951389e+001 2.49932094e+001 2.10212707e+001 1.00020477e+002 4.19982759e+001 9.97963369e+002 9.94007509e+002 3.99149009e+000 1.00594212e+000 2.30036218e+001 0.00000000e+000 0.00000000e+000 0.00000000e+000 1.00000000e+000
 1.00000000e+000 2.90022637e+001 2.50095803e+001 2.60004441e+001 2.29930565e+001 9.99943016e+001 7.39848455e+001 9.99009005e+002 9.95010240e+002 3.00006309e+000 1.00560373e+000 1.89883817e+001 1.00000000e+000 0.00000000e+000 0.00000000e+000 0.00000000e+000
 1.00000000e+000 3.30024333e+001 2.59998625e+001 2.50000651e+001 2.29979816e+001 9.39981862e+001 5.49970483e+001 9.99991544e+002 9.95993282e+002 4.99987339e+000 2.00129899e+000 2.59944494e+001 1.00000000e+000 0.00000000e+000 0.00000000e+000 0.00000000e+000
 1.00000000e+000 3.40050329e+001 2.70050535e+001 2.59857773e+001 2.40046583e+001 8.90111934e+001 5.59962303e+001 1.00196550e+003 9.98001424e+002 4.00114313e+000 2.00511211e+000 2.30085206e+001 0.00000000e+000 0.00000000e+000 0.00000000e+000 1.00000000e+000
 1.00000000e+000 3.50086796e+001 2.69845272e+001 2.59920453e+001 2.29870937e+001 8.90072411e+001 5.29961714e+001 1.00197802e+003 9.97990807e+002 4.00193118e+000 2.00483597e+000 2.59926924e+001 0.00000000e+000 1.00000000e+000 0.00000000e+000 0.00000000e+000
 1.00000000e+000 3.39999217e+001 2.69991417e+001 2.80017071e+001 2.40015026e+001 9.99967052e+001 5.59970253e+001 1.00199473e+003 9.98996438e+002 5.99826717e+000 1.00035103e+000 2.39966376e+001 1.00000000e+000 0.00000000e+000 0.00000000e+000 0.00000000e+000
 1.00000000e+000 3.10111402e+001 2.69967078e+001 2.70050873e+001 2.49933086e+001 9.99929803e+001 7.49996373e+001 1.00098009e+003 9.97990097e+002 4.00839894e+000 1.11007801e-003 1.59939270e+001 0.00000000e+000 1.00000000e+000 0.00000000e+000 0.00000000e+000
 1.00000000e+000 3.49996514e+001 2.59997833e+001 2.69996911e+001 2.09993150e+001 9.99975242e+001 5.59968375e+001 1.00099326e+003 9.96991154e+002 3.99662469e+000 9.98379941e-001 1.89995938e+001 1.00000000e+000 0.00000000e+000 0.00000000e+000 0.00000000e+000
 1.00000000e+000 3.19975822e+001 2.70014472e+001 2.49962494e+001 2.29991160e+001 8.90009925e+001 6.19974942e+001 1.00198692e+003 9.97990178e+002 3.99747617e+000 2.00020223e+000 2.30013517e+001 1.00000000e+000 0.00000000e+000 0.00000000e+000 0.00000000e+000
 1.00000000e+000 3.70021482e+001 2.69969724e+001 2.60013335e+001 2.29986523e+001 9.39934471e+001 4.39985291e+001 1.00099451e+003 9.96994918e+002 3.99840688e+000 3.00147328e+000 1.89951315e+001 0.00000000e+000 0.00000000e+000 0.00000000e+000 1.00000000e+000
 1.00000000e+000 3.69984665e+001 2.70013053e+001 2.49964987e+001 2.19980838e+001 8.40004039e+001 4.19983740e+001 1.00298784e+003 9.98989833e+002 3.99771544e+000 3.00036941e+000 1.89998866e+001 0.00000000e+000 0.00000000e+000 0.00000000e+000 1.00000000e+000
 1.00000000e+000 3.80018423e+001 2.79866748e+001 2.59946680e+001 2.00018748e+001 8.90016133e+001 3.49996028e+001 1.00300351e+003 9.97987503e+002 4.99240261e+000 3.00108014e+000 1.89920178e+001 1.00000000e+000 0.00000000e+000 0.00000000e+000 0.00000000e+000
 1.00000000e+000 3.99997659e+001 2.89968150e+001 2.39950069e+001 1.99968905e+001 7.00010642e+001 3.29997834e+001 9.99990965e+002 9.93987871e+002 4.99389582e+000 2.99995319e+000 2.39977778e+001 0.00000000e+000 0.00000000e+000 0.00000000e+000 1.00000000e+000
 1.00000000e+000 3.99977911e+001 3.10008715e+001 2.59974560e+001 1.89986412e+001 6.99999325e+001 3.09987052e+001 9.96989076e+002 9.92990732e+002 3.99887655e+000 3.00040654e+000 2.69996409e+001 0.00000000e+000 0.00000000e+000 0.00000000e+000 1.00000000e+000
 1.00000000e+000 3.59904070e+001 3.09837768e+001 2.59915748e+001 2.10063899e+001 6.99945045e+001 4.39904662e+001 1.00098269e+003 9.94997667e+002 5.00002302e+000 3.01602739e+000 2.09907140e+001 0.00000000e+000 0.00000000e+000 0.00000000e+000 1.00000000e+000
 1.00000000e+000 3.50124542e+001 2.79891416e+001 2.60017028e+001 2.30183558e+001 8.89900915e+001 5.20110895e+001 1.00300729e+003 1.00000401e+003 5.00914614e+000 2.99555688e+000 2.29992410e+001 0.00000000e+000 1.00000000e+000 0.00000000e+000 0.00000000e+000
 1.00000000e+000 3.69951810e+001 2.79964997e+001 2.69970102e+001 2.40073891e+001 9.39961481e+001 4.69924466e+001 1.00199347e+003 9.95995847e+002 3.99232810e+000 3.00310507e+000 1.39988873e+001 0.00000000e+000 0.00000000e+000 0.00000000e+000 1.00000000e+000
 1.00000000e+000 3.59962976e+001 3.00027280e+001 2.79968185e+001 2.39991253e+001 8.40019203e+001 4.99971173e+001 9.97988802e+002 9.92991387e+002 3.99719123e+000 2.00060116e+000 1.89993269e+001 0.00000000e+000 1.00000000e+000 0.00000000e+000 0.00000000e+000
 1.00000000e+000 3.79965348e+001 2.79984303e+001 2.70056076e+001 2.30015261e+001 9.39923800e+001 4.40033043e+001 9.96986958e+002 9.92989816e+002 2.99903099e+000 1.99620433e+000 2.30056822e+001 0.00000000e+000 0.00000000e+000 0.00000000e+000 1.00000000e+000
 1.00000000e+000 3.39990809e+001 2.80001113e+001 2.59983767e+001 2.29983900e+001 8.89986761e+001 5.89974997e+001 9.98989140e+002 9.95990360e+002 4.99854666e+000 2.99993357e+000 2.30000728e+001 1.00000000e+000 0.00000000e+000 0.00000000e+000 0.00000000e+000
 1.00000000e+000 3.19998164e+001 2.79995648e+001 2.59978582e+001 2.39984468e+001 8.89996856e+001 6.59980794e+001 1.00099013e+003 9.96991516e+002 4.99892880e+000 3.00046833e+000 1.89986867e+001 0.00000000e+000 0.00000000e+000 0.00000000e+000 1.00000000e+000
 1.00000000e+000 3.30027400e+001 2.69983748e+001 2.60012250e+001 2.49998696e+001 9.39972050e+001 6.59968983e+001 9.98993861e+002 9.95992387e+002 4.00124173e+000 2.00002738e+000 1.89969176e+001 0.00000000e+000 0.00000000e+000 0.00000000e+000 1.00000000e+000
 1.00000000e+000 3.40020432e+001 2.79971356e+001 2.69994752e+001 2.39970072e+001 9.39978979e+001 5.59994547e+001 9.98997365e+002 9.95992780e+002 4.99849165e+000 2.99984042e+000 2.29945567e+001 0.00000000e+000 1.00000000e+000 0.00000000e+000 0.00000000e+000
 1.00000000e+000 3.10024800e+001 2.69981309e+001 2.70018146e+001 2.49977820e+001 8.89963778e+001 7.49979996e+001 9.99992639e+002 9.96992682e+002 3.99892943e+000 2.99913250e+000 1.89972544e+001 0.00000000e+000 1.00000000e+000 0.00000000e+000 0.00000000e+000
 1.00000000e+000 3.10013644e+001 2.79987497e+001 2.70002551e+001 2.49988244e+001 9.39975274e+001 6.99974072e+001 1.00099280e+003 9.97991537e+002 2.99920911e+000 1.99965367e+000 1.29977924e+001 0.00000000e+000 0.00000000e+000 0.00000000e+000 1.00000000e+000
 1.00000000e+000 2.89931488e+001 2.40021412e+001 2.59907019e+001 2.39974410e+001 1.00005122e+002 8.40007795e+001 1.00097594e+003 9.97983657e+002 2.98825035e+000 9.98410037e-001 1.40059485e+001 0.00000000e+000 0.00000000e+000 0.00000000e+000 1.00000000e+000
 1.00000000e+000 2.99994061e+001 2.60011223e+001 2.69975668e+001 2.59983724e+001 9.99991917e+001 7.89961830e+001 1.00198821e+003 9.97990731e+002 2.99768959e+000 1.00027009e+000 1.10001627e+001 0.00000000e+000 1.00000000e+000 0.00000000e+000 0.00000000e+000
 1.00000000e+000 3.60076222e+001 2.80043422e+001 2.70006290e+001 2.39939160e+001 9.40019313e+001 5.00015576e+001 9.99992018e+002 9.95991269e+002 4.99623019e+000 2.99537293e+000 2.09959876e+001 0.00000000e+000 1.00000000e+000 0.00000000e+000 0.00000000e+000
 1.00000000e+000 3.59970819e+001 2.80039613e+001 2.49997218e+001 2.19995861e+001 7.40047105e+001 4.99955416e+001 9.96993119e+002 9.93993989e+002 3.99871212e+000 4.00062457e+000 2.09983730e+001 0.00000000e+000 0.00000000e+000 0.00000000e+000 1.00000000e+000
 1.00000000e+000 3.29984875e+001 2.69994463e+001 2.59967493e+001 2.39986655e+001 9.39982850e+001 6.29974977e+001 1.00099035e+003 9.96990387e+002 3.99611781e+000 2.99982669e+000 1.90001862e+001 0.00000000e+000 0.00000000e+000 0.00000000e+000 1.00000000e+000
 1.00000000e+000 3.49996976e+001 2.70004357e+001 2.69985411e+001 2.29982500e+001 9.39984064e+001 5.59972321e+001 1.00199017e+003 9.98989964e+002 3.99834455e+000 2.00030714e+000 1.89981174e+001 0.00000000e+000 0.00000000e+000 0.00000000e+000 1.00000000e+000
 1.00000000e+000 3.30022351e+001 2.79971577e+001 2.60008882e+001 2.39979787e+001 8.89985277e+001 5.89969462e+001 1.00299270e+003 9.98988294e+002 4.99848649e+000 2.99940888e+000 1.59968357e+001 0.00000000e+000 0.00000000e+000 0.00000000e+000 1.00000000e+000
 1.00000000e+000 3.20091879e+001 2.69956663e+001 2.70032666e+001 2.49983410e+001 9.99939517e+001 6.99976259e+001 1.00399884e+003 9.99991569e+002 4.00146296e+000 1.99877140e+000 1.39908315e+001 1.00000000e+000 0.00000000e+000 0.00000000e+000 0.00000000e+000
 1.00000000e+000 3.30064008e+001 2.59942372e+001 2.70035391e+001 2.40002003e+001 9.99957128e+001 6.29995433e+001 1.00299755e+003 1.00099369e+003 4.00320582e+000 9.99963279e-001 1.59956019e+001 1.00000000e+000 0.00000000e+000 0.00000000e+000 0.00000000e+000
 1.00000000e+000 3.00015439e+001 2.59989657e+001 2.69982524e+001 2.49975032e+001 9.99990277e+001 7.89972851e+001 1.00198854e+003 9.98990661e+002 2.99831889e+000 1.00092545e+000 1.29981030e+001 1.00000000e+000 0.00000000e+000 0.00000000e+000 0.00000000e+000
 1.00000000e+000 3.40047511e+001 2.59989344e+001 2.79960153e+001 2.39971722e+001 1.00006553e+002 5.59993960e+001 1.00199042e+003 9.97992260e+002 3.99082430e+000 9.98576988e-001 1.29924709e+001 1.00000000e+000 0.00000000e+000 0.00000000e+000 0.00000000e+000
 1.00000000e+000 3.29944910e+001 2.49973738e+001 2.79930057e+001 2.39906335e+001 9.99993374e+001 6.19907904e+001 1.00299001e+003 9.99991250e+002 3.99698641e+000 1.00144311e+000 1.40105630e+001 0.00000000e+000 0.00000000e+000 0.00000000e+000 1.00000000e+000
 1.00000000e+000 3.39976001e+001 2.59987049e+001 2.59996424e+001 2.29995507e+001 9.39963390e+001 5.19986859e+001 1.00299476e+003 9.98993731e+002 4.99708850e+000 1.99956052e+000 2.30007486e+001 1.00000000e+000 0.00000000e+000 0.00000000e+000 0.00000000e+000
 1.00000000e+000 3.09973263e+001 2.60021608e+001 2.69943498e+001 2.39991890e+001 1.00002529e+002 6.59978719e+001 1.00198450e+003 9.97990090e+002 3.99689175e+000 2.00061717e+000 2.60021638e+001 0.00000000e+000 0.00000000e+000 0.00000000e+000 1.00000000e+000
 1.00000000e+000 3.09973456e+001 2.60021340e+001 2.59944889e+001 2.39988819e+001 1.00002335e+002 6.59971904e+001 1.00198588e+003 9.97989769e+002 4.99689867e+000 1.00099530e+000 2.10022528e+001 1.00000000e+000 0.00000000e+000 0.00000000e+000 0.00000000e+000
 1.00000000e+000 3.19990905e+001 2.69980167e+001 2.60021366e+001 2.39986336e+001 8.89946662e+001 6.19981962e+001 1.00299140e+003 9.99990970e+002 4.00009358e+000 2.99894206e+000 2.30012911e+001 0.00000000e+000 1.00000000e+000 0.00000000e+000 0.00000000e+000
 1.00000000e+000 3.20048972e+001 2.59940625e+001 2.60063284e+001 2.29996882e+001 9.39926808e+001 6.19998458e+001 1.00300227e+003 1.00099433e+003 5.00164232e+000 1.99832691e+000 1.39942154e+001 0.00000000e+000 1.00000000e+000 0.00000000e+000 0.00000000e+000
 1.00000000e+000 3.39977246e+001 2.60019555e+001 2.59957222e+001 2.39993272e+001 9.40016284e+001 5.59978512e+001 1.00398656e+003 9.99989620e+002 4.99688539e+000 3.00038957e+000 1.30016223e+001 0.00000000e+000 0.00000000e+000 0.00000000e+000 1.00000000e+000
 1.00000000e+000 3.39999772e+001 2.69993996e+001 2.59990099e+001 2.39988835e+001 8.89983275e+001 5.59982649e+001 1.00399235e+003 9.98990509e+002 4.99866301e+000 4.00003176e+000 1.89987612e+001 0.00000000e+000 0.00000000e+000 0.00000000e+000 1.00000000e+000
 1.00000000e+000 3.29875852e+001 2.90094490e+001 2.79884170e+001 2.49946901e+001 8.39821981e+001 7.00251703e+001 1.00300693e+003 9.99975973e+002 4.01662491e+000 2.00465062e+000 1.29770201e+001 1.00000000e+000 0.00000000e+000 0.00000000e+000 0.00000000e+000
 1.00000000e+000 3.20026169e+001 2.69985893e+001 2.80003453e+001 2.49981812e+001 9.99974238e+001 6.99974744e+001 1.00299258e+003 1.00099128e+003 5.00001763e+000 9.99987175e-001 2.09967205e+001 1.00000000e+000 0.00000000e+000 0.00000000e+000 0.00000000e+000
 1.00000000e+000 2.90029116e+001 2.49978964e+001 2.70012073e+001 2.49979107e+001 9.99967225e+001 7.89969020e+001 1.00399413e+003 9.99993022e+002 3.00029414e+000 9.99822014e-001 1.39977728e+001 1.00000000e+000 0.00000000e+000 0.00000000e+000 0.00000000e+000
 1.00000000e+000 3.19907907e+001 2.60098218e+001 2.69900943e+001 2.39946500e+001 1.00002282e+002 6.19916868e+001 1.00398189e+003 1.00098706e+003 3.99681298e+000 2.00309033e+000 2.90034702e+001 1.00000000e+000 0.00000000e+000 0.00000000e+000 0.00000000e+000
 1.00000000e+000 2.89995046e+001 2.60008074e+001 2.59975397e+001 2.49983166e+001 9.99995881e+001 7.89965071e+001 1.00498844e+003 1.00199009e+003 3.99782982e+000 1.00041075e+000 1.59996612e+001 1.00000000e+000 0.00000000e+000 0.00000000e+000 0.00000000e+000
 1.00000000e+000 2.90033488e+001 2.59977005e+001 2.70027728e+001 2.59975741e+001 9.99948948e+001 8.39963864e+001 1.00399452e+003 1.00199153e+003 4.00015715e+000 9.99548947e-001 1.29962852e+001 0.00000000e+000 0.00000000e+000 0.00000000e+000 1.00000000e+000
 1.00000000e+000 2.70007722e+001 2.49997390e+001 2.69986697e+001 2.49990084e+001 9.99988293e+001 9.39963042e+001 1.00598987e+003 1.00199021e+003 1.99876821e+000 1.00028791e+000 1.39987774e+001 1.00000000e+000 0.00000000e+000 0.00000000e+000 0.00000000e+000
 1.00000000e+000 3.09991631e+001 2.60036295e+001 2.70054574e+001 2.49988912e+001 9.99883593e+001 6.99963720e+001 1.00498606e+003 9.99989482e+002 2.00489267e+000 1.00065140e+000 1.40001202e+001 0.00000000e+000 1.00000000e+000 0.00000000e+000 0.00000000e+000
 1.00000000e+000 3.20049411e+001 2.59961642e+001 2.70014073e+001 2.50021606e+001 9.99993412e+001 6.60011443e+001 1.00299612e+003 9.99992685e+002 4.00186202e+000 9.98565707e-001 1.59965427e+001 0.00000000e+000 1.00000000e+000 0.00000000e+000 0.00000000e+000
 1.00000000e+000 3.19995708e+001 2.60003351e+001 2.69983265e+001 2.39987282e+001 9.99991074e+001 6.99977269e+001 1.00498954e+003 1.00098980e+003 3.99781884e+000 9.99865506e-001 1.39993835e+001 1.00000000e+000 0.00000000e+000 0.00000000e+000 0.00000000e+000
 1.00000000e+000 3.10007702e+001 2.39992061e+001 2.69990106e+001 2.39984713e+001 9.99997688e+001 6.99983945e+001 1.00699053e+003 1.00299138e+003 5.00009645e+000 1.00020516e+000 1.59979717e+001 1.00000000e+000 0.00000000e+000 0.00000000e+000 0.00000000e+000
 1.00000000e+000 3.00016046e+001 2.49964765e+001 2.69992050e+001 2.39988813e+001 9.99973862e+001 7.39966856e+001 1.00599051e+003 1.00199220e+003 3.99964801e+000 1.00210837e+000 1.29968941e+001 1.00000000e+000 0.00000000e+000 0.00000000e+000 0.00000000e+000
 1.00000000e+000 3.29932985e+001 2.50058875e+001 2.59932912e+001 2.39981593e+001 1.00002235e+002 5.89959289e+001 1.00498347e+003 1.00098724e+003 3.99439968e+000 1.99931276e+000 1.00041629e+001 0.00000000e+000 0.00000000e+000 0.00000000e+000 1.00000000e+000
 1.00000000e+000 3.39991556e+001 2.80006668e+001 2.69991125e+001 2.49984937e+001 9.39998830e+001 5.89980164e+001 1.00398980e+003 9.99991168e+002 3.99818655e+000 1.00060964e+000 9.99834699e+000 0.00000000e+000 0.00000000e+000 0.00000000e+000 1.00000000e+000
 1.00000000e+000 3.50013700e+001 2.69982429e+001 2.79994947e+001 2.39981761e+001 9.99983583e+001 5.59986416e+001 1.00499214e+003 1.00199071e+003 3.99888964e+000 1.00001233e+000 1.89975678e+001 0.00000000e+000 0.00000000e+000 0.00000000e+000 1.00000000e+000
 1.00000000e+000 3.29928520e+001 2.60088353e+001 2.59928435e+001 2.39941905e+001 1.00001830e+002 5.89957096e+001 1.00498085e+003 9.99984280e+002 3.99549340e+000 3.00051321e+000 1.90024283e+001 0.00000000e+000 0.00000000e+000 1.00000000e+000 0.00000000e+000
 1.00000000e+000 3.10031489e+001 2.59929201e+001 2.60033658e+001 2.39986346e+001 9.39980784e+001 6.99989809e+001 1.00599639e+003 1.00198806e+003 3.99762611e+000 1.99742878e+000 2.29951035e+001 0.00000000e+000 0.00000000e+000 0.00000000e+000 1.00000000e+000
 1.00000000e+000 3.29994076e+001 2.70004683e+001 2.59980040e+001 2.29981684e+001 8.89999902e+001 5.49979659e+001 1.00598903e+003 1.00299014e+003 4.99838991e+000 3.00032311e+000 2.69989583e+001 1.00000000e+000 0.00000000e+000 0.00000000e+000 0.00000000e+000
 1.00000000e+000 3.20003403e+001 2.69993417e+001 2.49995697e+001 2.29985644e+001 8.39995827e+001 5.89977786e+001 1.00699117e+003 1.00299041e+003 3.99926139e+000 3.99979537e+000 2.89978076e+001 0.00000000e+000 0.00000000e+000 0.00000000e+000 1.00000000e+000
 1.00000000e+000 3.19999829e+001 2.59993532e+001 2.49988901e+001 2.19979076e+001 8.89996321e+001 5.89976586e+001 1.00699030e+003 1.00298981e+003 4.99907951e+000 3.00000824e+000 2.59985014e+001 0.00000000e+000 0.00000000e+000 0.00000000e+000 1.00000000e+000
 1.00000000e+000 3.10019941e+001 2.49993393e+001 2.59975992e+001 2.39993749e+001 9.99972999e+001 6.59970256e+001 1.00699067e+003 1.00399092e+003 3.99795301e+000 2.00041449e+000 2.09987940e+001 0.00000000e+000 0.00000000e+000 0.00000000e+000 1.00000000e+000
 1.00000000e+000 3.49993128e+001 2.70005226e+001 2.59982878e+001 2.39982858e+001 8.89991968e+001 5.59980808e+001 1.00699022e+003 1.00299042e+003 4.99839408e+000 3.00007280e+000 1.29994000e+001 0.00000000e+000 1.00000000e+000 0.00000000e+000 0.00000000e+000
 1.00000000e+000 3.60007238e+001 2.79998701e+001 2.69998766e+001 2.39979896e+001 8.89982337e+001 4.99973123e+001 1.00699099e+003 1.00199058e+003 3.99899228e+000 2.00035022e+000 1.59977336e+001 0.00000000e+000 0.00000000e+000 0.00000000e+000 1.00000000e+000
 1.00000000e+000 3.40080798e+001 2.79899008e+001 2.70059362e+001 2.39950765e+001 8.89918230e+001 5.89954347e+001 1.00599714e+003 1.00199111e+003 4.00417792e+000 2.00177755e+000 1.29918013e+001 1.00000000e+000 0.00000000e+000 0.00000000e+000 0.00000000e+000
 1.00000000e+000 3.30005671e+001 2.69994850e+001 2.69988123e+001 2.49984237e+001 9.39992970e+001 6.29976322e+001 1.00499159e+003 1.00099078e+003 2.99921152e+000 2.00031143e+000 1.39985253e+001 1.00000000e+000 0.00000000e+000 0.00000000e+000 0.00000000e+000
 1.00000000e+000 3.49993639e+001 2.69990796e+001 2.69932058e+001 2.39970785e+001 1.00006675e+002 5.59958807e+001 1.00498272e+003 1.00098852e+003 3.99746904e+000 2.00084831e+000 2.30065701e+001 1.00000000e+000 0.00000000e+000 0.00000000e+000 0.00000000e+000
 1.00000000e+000 3.10013134e+001 2.59989036e+001 2.69998293e+001 2.49992256e+001 9.99981535e+001 7.39980009e+001 1.00399154e+003 9.99991783e+002 4.99977386e+000 2.00018227e+000 2.29980142e+001 0.00000000e+000 0.00000000e+000 0.00000000e+000 1.00000000e+000
 1.00000000e+000 3.29984726e+001 2.49974874e+001 2.69876977e+001 2.29947297e+001 1.00011362e+002 6.59985063e+001 1.00298520e+003 9.97990894e+002 3.99664029e+000 3.00121620e+000 1.90081835e+001 1.00000000e+000 0.00000000e+000 0.00000000e+000 0.00000000e+000
 1.00000000e+000 3.09959903e+001 2.50088154e+001 2.59947264e+001 2.30003992e+001 1.00004864e+002 6.99950980e+001 1.00398064e+003 1.00098599e+003 3.99017874e+000 2.00136606e+000 1.60082797e+001 1.00000000e+000 0.00000000e+000 0.00000000e+000 0.00000000e+000
 1.00000000e+000 3.30015036e+001 2.69977357e+001 2.59999583e+001 2.40001949e+001 9.39982360e+001 5.89991012e+001 1.00699205e+003 1.00399094e+003 5.00017384e+000 2.99933121e+000 1.39995992e+001 1.00000000e+000 0.00000000e+000 0.00000000e+000 0.00000000e+000
 1.00000000e+000 2.99999975e+001 2.49996909e+001 2.49992564e+001 1.49988096e+001 8.89992850e+001 4.49990806e+001 1.00799250e+003 1.00499209e+003 4.99826458e+000 3.99916624e+000 1.39971537e+001 0.00000000e+000 0.00000000e+000 0.00000000e+000 1.00000000e+000
 1.00000000e+000 3.19931368e+001 2.50050556e+001 2.59958945e+001 2.19995272e+001 9.99901467e+001 5.49984100e+001 1.00798788e+003 1.00498377e+003 5.00426662e+000 2.99838066e+000 1.40032062e+001 0.00000000e+000 1.00000000e+000 0.00000000e+000 0.00000000e+000
 1.00000000e+000 3.10037709e+001 2.49977590e+001 2.49985414e+001 2.19955018e+001 9.39962654e+001 5.79993782e+001 1.00898866e+003 1.00498945e+003 4.99743813e+000 1.99977684e+000 1.59970618e+001 0.00000000e+000 0.00000000e+000 0.00000000e+000 1.00000000e+000
 1.00000000e+000 3.29954560e+001 2.30047974e+001 2.39937354e+001 1.99991498e+001 1.00004047e+002 4.89988348e+001 1.00898439e+003 1.00498950e+003 4.99625595e+000 2.00063190e+000 2.60032652e+001 0.00000000e+000 0.00000000e+000 0.00000000e+000 1.00000000e+000
 1.00000000e+000 3.50022278e+001 2.39967642e+001 2.20005656e+001 1.80017920e+001 8.89969243e+001 3.59979438e+001 1.00999921e+003 1.00598700e+003 5.00031607e+000 2.00044277e+000 2.09913785e+001 0.00000000e+000 0.00000000e+000 0.00000000e+000 1.00000000e+000
 1.00000000e+000 3.29953784e+001 2.30019902e+001 2.20006764e+001 1.49995402e+001 8.29982555e+001 3.40007994e+001 1.00799061e+003 1.00498605e+003 4.99750136e+000 1.99904181e+000 2.30008977e+001 0.00000000e+000 0.00000000e+000 0.00000000e+000 1.00000000e+000
 1.00000000e+000 3.30036027e+001 2.29996236e+001 2.09997786e+001 1.59982706e+001 7.80013941e+001 3.60001653e+001 1.00799294e+003 1.00399397e+003 4.99699211e+000 4.00051552e+000 2.29937499e+001 0.00000000e+000 0.00000000e+000 0.00000000e+000 1.00000000e+000
 1.00000000e+000 3.30007377e+001 2.19999797e+001 2.09996426e+001 1.69972910e+001 7.79998168e+001 3.79983413e+001 1.00899091e+003 1.00499118e+003 4.99924161e+000 4.00020185e+000 2.29986913e+001 0.00000000e+000 0.00000000e+000 0.00000000e+000 1.00000000e+000
 1.00000000e+000 3.40002898e+001 2.30003331e+001 2.20001179e+001 1.59975577e+001 8.30001406e+001 3.79986905e+001 1.01299070e+003 1.00899028e+003 4.99907407e+000 2.99986452e+000 2.29985203e+001 0.00000000e+000 0.00000000e+000 0.00000000e+000 1.00000000e+000
 1.00000000e+000 3.29952788e+001 2.20073417e+001 2.19965523e+001 1.80044806e+001 8.80006334e+001 4.09973851e+001 1.01298269e+003 1.00999173e+003 5.00390608e+000 4.00185484e+000 2.30056561e+001 0.00000000e+000 0.00000000e+000 0.00000000e+000 1.00000000e+000
 1.00000000e+000 3.30009559e+001 2.29992632e+001 2.19995878e+001 1.49999135e+001 8.79996456e+001 3.39993482e+001 1.01199290e+003 1.00798998e+003 5.99959436e+000 3.00010441e+000 1.59966044e+001 0.00000000e+000 0.00000000e+000 0.00000000e+000 1.00000000e+000
 1.00000000e+000 3.50024847e+001 2.19987247e+001 2.10020702e+001 1.59981258e+001 9.40025844e+001 3.19953104e+001 1.01198861e+003 1.00899008e+003 6.00024604e+000 1.99750500e+000 1.39972305e+001 0.00000000e+000 0.00000000e+000 0.00000000e+000 1.00000000e+000
 1.00000000e+000 3.30065675e+001 2.20001275e+001 2.19953337e+001 1.30008231e+001 9.40032749e+001 2.89960948e+001 1.01299122e+003 1.00799120e+003 5.00641482e+000 1.00455355e+000 1.59953494e+001 0.00000000e+000 0.00000000e+000 0.00000000e+000 1.00000000e+000
 1.00000000e+000 3.39991606e+001 2.20011987e+001 1.99975212e+001 1.39995374e+001 8.30011952e+001 2.99996697e+001 1.01198752e+003 1.00798861e+003 4.99851609e+000 3.00070445e+000 1.59995317e+001 0.00000000e+000 0.00000000e+000 0.00000000e+000 1.00000000e+000
 1.00000000e+000 3.40004219e+001 2.20000954e+001 2.09990594e+001 1.49981200e+001 8.30000663e+001 3.19989370e+001 1.00998992e+003 1.00599008e+003 4.99889712e+000 2.00053295e+000 1.89987050e+001 0.00000000e+000 0.00000000e+000 0.00000000e+000 1.00000000e+000
 1.00000000e+000 3.50004508e+001 2.39994935e+001 2.19996486e+001 1.29981228e+001 8.29992537e+001 2.59995508e+001 1.00799078e+003 1.00299012e+003 3.99937020e+000 2.00028752e+000 1.89986462e+001 0.00000000e+000 0.00000000e+000 0.00000000e+000 1.00000000e+000
 1.00000000e+000 3.49976325e+001 2.20006641e+001 2.00005068e+001 1.19984798e+001 7.79984826e+001 2.60007466e+001 1.00599051e+003 1.00299159e+003 3.99939227e+000 1.99944640e+000 2.30022066e+001 0.00000000e+000 0.00000000e+000 0.00000000e+000 1.00000000e+000
 1.00000000e+000 3.50031891e+001 2.09974769e+001 1.70028555e+001 8.99813321e+000 6.89975636e+001 2.10003616e+001 1.00899424e+003 1.00599075e+003 5.00187108e+000 1.99963777e+000 2.09969695e+001 0.00000000e+000 0.00000000e+000 0.00000000e+000 1.00000000e+000
 1.00000000e+000 3.49987460e+001 2.20005029e+001 1.70008765e+001 8.99842053e+000 6.40006708e+001 1.99999354e+001 1.01199156e+003 1.00899111e+003 3.99923165e+000 2.00017212e+000 2.09992089e+001 0.00000000e+000 0.00000000e+000 0.00000000e+000 1.00000000e+000
 1.00000000e+000 3.40007736e+001 2.09975510e+001 1.70015092e+001 9.99694736e+000 6.90031802e+001 2.29971119e+001 1.01398809e+003 1.00998893e+003 3.99741965e+000 2.00217128e+000 2.29980574e+001 0.00000000e+000 0.00000000e+000 0.00000000e+000 1.00000000e+000
 1.00000000e+000 3.39987418e+001 2.00089739e+001 1.59918388e+001 9.00151029e+000 7.30014501e+001 2.09958940e+001 1.01298275e+003 1.00898814e+003 5.00006544e+000 2.00554052e+000 2.30001498e+001 0.00000000e+000 0.00000000e+000 0.00000000e+000 1.00000000e+000
 1.00000000e+000 3.30003368e+001 2.00009540e+001 1.59988004e+001 8.99867576e+000 7.80004635e+001 2.29994674e+001 1.01198935e+003 1.00699026e+003 4.99870852e+000 2.00061854e+000 1.59997066e+001 0.00000000e+000 0.00000000e+000 0.00000000e+000 1.00000000e+000
 1.00000000e+000 3.30045435e+001 1.99950718e+001 1.80034949e+001 1.19996508e+001 7.79986211e+001 2.80020545e+001 1.01299682e+003 1.00899318e+003 4.00314664e+000 2.00050175e+000 1.29969762e+001 0.00000000e+000 0.00000000e+000 0.00000000e+000 1.00000000e+000
 1.00000000e+000 3.29997151e+001 2.00003889e+001 1.79995894e+001 1.19985932e+001 8.29993180e+001 2.79999218e+001 1.01298963e+003 1.00899016e+003 3.99900690e+000 2.00013570e+000 2.29991821e+001 0.00000000e+000 0.00000000e+000 0.00000000e+000 1.00000000e+000
 1.00000000e+000 3.40041014e+001 1.99999276e+001 1.70023995e+001 9.99820544e+000 7.29983487e+001 2.30031582e+001 1.01199508e+003 1.00799096e+003 4.00412501e+000 1.99870371e+000 1.39957893e+001 0.00000000e+000 0.00000000e+000 0.00000000e+000 1.00000000e+000
 1.00000000e+000 3.50003617e+001 2.00000526e+001 1.79996683e+001 8.99835928e+000 8.29994058e+001 2.09994262e+001 1.01199073e+003 1.00899036e+003 4.99963040e+000 1.00055086e+000 1.89990054e+001 0.00000000e+000 0.00000000e+000 0.00000000e+000 1.00000000e+000
 1.00000000e+000 3.49988195e+001 2.10006628e+001 1.60040502e+001 1.00017017e+001 6.79981409e+001 2.20017282e+001 1.01298989e+003 1.00998828e+003 5.00224085e+000 9.99189839e-001 2.29990583e+001 0.00000000e+000 0.00000000e+000 0.00000000e+000 1.00000000e+000
 1.00000000e+000 3.39979186e+001 2.20024456e+001 1.69971615e+001 1.19970528e+001 5.70028458e+001 2.59988939e+001 1.01698545e+003 1.01198973e+003 4.99739517e+000 1.00085048e+000 2.70010603e+001 0.00000000e+000 0.00000000e+000 0.00000000e+000 1.00000000e+000
 1.00000000e+000 3.09973643e+001 1.90017563e+001 1.59950489e+001 9.99725721e+000 7.30032148e+001 2.69986666e+001 1.01698505e+003 1.01398592e+003 4.99664293e+000 3.00075459e+000 1.90020223e+001 0.00000000e+000 0.00000000e+000 0.00000000e+000 1.00000000e+000
 1.00000000e+000 3.09990248e+001 1.90019830e+001 1.59981803e+001 1.39987977e+001 8.30011380e+001 3.49969185e+001 1.01698903e+003 1.01298981e+003 4.00005651e+000 2.00146860e+000 1.39999550e+001 0.00000000e+000 0.00000000e+000 0.00000000e+000 1.00000000e+000
 1.00000000e+000 3.10003956e+001 2.00010208e+001 1.69972563e+001 1.09965843e+001 8.30014587e+001 2.89986852e+001 1.01698772e+003 1.01198802e+003 3.99650373e+000 1.00151946e+000 1.39970403e+001 0.00000000e+000 0.00000000e+000 0.00000000e+000 1.00000000e+000
 1.00000000e+000 3.20008876e+001 1.80005813e+001 1.69994731e+001 9.99774612e+000 8.79991718e+001 2.59988360e+001 1.01599000e+003 1.01299004e+003 3.99917962e+000 1.00073197e+000 1.29987899e+001 0.00000000e+000 0.00000000e+000 0.00000000e+000 1.00000000e+000
 1.00000000e+000 3.10011086e+001 1.89994011e+001 1.79987345e+001 1.19972860e+001 8.80001806e+001 3.29978526e+001 1.01699154e+003 1.01398941e+003 1.99902858e+000 1.00061893e+000 1.09984999e+001 0.00000000e+000 0.00000000e+000 1.00000000e+000 0.00000000e+000
 1.00000000e+000 3.09924162e+001 2.00062042e+001 2.29915500e+001 1.29982236e+001 8.30041710e+001 3.49972187e+001 1.01797737e+003 1.01398255e+003 1.99646949e+000 1.00168638e+000 1.76994518e+002 0.00000000e+000 0.00000000e+000 1.00000000e+000 0.00000000e+000
 1.00000000e+000 3.10050046e+001 1.79837638e+001 1.59984841e+001 1.10001297e+001 8.30059434e+001 3.10093534e+001 1.01800381e+003 1.01400297e+003 3.00502435e+000 9.96280666e-001 1.40013153e+001 0.00000000e+000 0.00000000e+000 1.00000000e+000 0.00000000e+000
 1.00000000e+000 3.09990484e+001 1.90007467e+001 1.79979764e+001 1.19972681e+001 8.30002252e+001 3.29986730e+001 1.01698933e+003 1.01198816e+003 3.99956875e+000 1.00033842e+000 2.29989669e+001 0.00000000e+000 0.00000000e+000 0.00000000e+000 1.00000000e+000
 1.00000000e+000 2.70067000e+001 1.70014510e+001 1.70047316e+001 1.19932253e+001 8.79909751e+001 3.89985303e+001 1.01499131e+003 1.01199218e+003 3.99297590e+000 9.96689985e-001 1.90027459e+001 0.00000000e+000 1.00000000e+000 0.00000000e+000 0.00000000e+000
 1.00000000e+000 2.70078012e+001 1.49895941e+001 1.49996302e+001 1.00005879e+001 8.80057150e+001 3.40073453e+001 1.01500344e+003 1.00999085e+003 3.00185942e+000 9.98712913e-001 1.59980270e+001 0.00000000e+000 0.00000000e+000 0.00000000e+000 1.00000000e+000
 1.00000000e+000 2.79993772e+001 1.50066442e+001 1.40014978e+001 6.99654089e+000 8.79982059e+001 2.60031544e+001 1.01598013e+003 1.01199183e+003 2.99117366e+000 9.98629817e-001 1.09960535e+001 0.00000000e+000 0.00000000e+000 0.00000000e+000 1.00000000e+000
 1.00000000e+000 2.90036181e+001 1.50033714e+001 1.39927218e+001 6.99863933e+000 8.80096444e+001 2.49975706e+001 1.01698031e+003 1.01299273e+003 2.99994476e+000 1.00277614e+000 1.40049086e+001 0.00000000e+000 0.00000000e+000 0.00000000e+000 1.00000000e+000
 1.00000000e+000 2.90018989e+001 1.60001461e+001 1.49984350e+001 7.99647514e+000 8.30009491e+001 2.69985385e+001 1.01798802e+003 1.01398746e+003 9.98905224e-001 1.00091789e+000 1.09982950e+001 0.00000000e+000 0.00000000e+000 1.00000000e+000 0.00000000e+000
 1.00000000e+000 2.80039654e+001 1.49981055e+001 1.50018662e+001 1.19980474e+001 8.79989226e+001 3.70005372e+001 1.01598863e+003 1.01299042e+003 1.00057895e+000 -2.41633212e-004 1.29991828e+001 0.00000000e+000 0.00000000e+000 0.00000000e+000 1.00000000e+000
 1.00000000e+000 2.90038282e+001 1.59941765e+001 1.60054712e+001 1.29967153e+001 8.79917813e+001 3.69959092e+001 1.01600224e+003 1.01198250e+003 2.00399014e+000 1.00012262e+000 1.39934827e+001 0.00000000e+000 0.00000000e+000 1.00000000e+000 0.00000000e+000
 1.00000000e+000 2.90054134e+001 1.59944769e+001 1.70028171e+001 1.39968461e+001 8.79967843e+001 4.19983594e+001 1.01599088e+003 1.01198534e+003 1.00213030e+000 1.00046714e+000 9.99575017e+000 0.00000000e+000 0.00000000e+000 1.00000000e+000 0.00000000e+000
 1.00000000e+000 2.79984754e+001 1.60044744e+001 1.69969692e+001 1.49986296e+001 9.39987165e+001 4.49981336e+001 1.01598827e+003 1.01198599e+003 9.98920689e-001 9.68040774e-004 9.99856519e+000 0.00000000e+000 0.00000000e+000 1.00000000e+000 0.00000000e+000
 1.00000000e+000 2.60055868e+001 1.69973118e+001 1.70030584e+001 1.49952653e+001 9.39960318e+001 5.09979935e+001 1.01498537e+003 1.01098635e+003 1.00320496e+000 8.07032295e-004 7.99742788e+000 0.00000000e+000 0.00000000e+000 1.00000000e+000 0.00000000e+000
 1.00000000e+000 2.79980120e+001 1.60027495e+001 1.69917854e+001 1.19917834e+001 9.40058378e+001 3.69918666e+001 1.01399906e+003 1.01099786e+003 1.99091868e+000 3.10282637e-003 7.99709508e+000 0.00000000e+000 0.00000000e+000 1.00000000e+000 0.00000000e+000
 1.00000000e+000 2.50034504e+001 1.60006057e+001 1.60034906e+001 1.30014313e+001 8.79960605e+001 4.99978452e+001 1.01399265e+003 1.01098878e+003 1.00287812e+000 4.78268169e-004 9.99500474e+000 0.00000000e+000 0.00000000e+000 1.00000000e+000 0.00000000e+000
 1.00000000e+000 2.80014910e+001 1.50006816e+001 1.49990542e+001 9.99682323e+000 9.99983225e+001 3.19988555e+001 1.01498985e+003 1.01098934e+003 1.99981461e+000 1.07021308e-003 9.99889863e+000 0.00000000e+000 0.00000000e+000 1.00000000e+000 0.00000000e+000
 1.00000000e+000 2.60024008e+001 1.39997344e+001 1.60014635e+001 9.99782401e+000 9.39976203e+001 4.19979607e+001 1.01499062e+003 1.01198941e+003 1.00068037e+000 2.11697711e-005 7.99918054e+000 0.00000000e+000 0.00000000e+000 1.00000000e+000 0.00000000e+000
 1.00000000e+000 2.80081682e+001 1.59942088e+001 1.60051386e+001 1.00035131e+001 9.39956773e+001 3.20005016e+001 1.01499805e+003 1.00998508e+003 1.00358925e+000 7.60519473e-004 9.98729497e+000 0.00000000e+000 0.00000000e+000 1.00000000e+000 0.00000000e+000
 1.00000000e+000 2.69995959e+001 1.50020318e+001 1.49976358e+001 9.99592395e+000 9.40002762e+001 3.39976424e+001 1.01298638e+003 1.00998823e+003 2.99800861e+000 9.29233574e-004 1.30005828e+001 0.00000000e+000 0.00000000e+000 1.00000000e+000 0.00000000e+000
 1.00000000e+000 2.99892837e+001 1.30110744e+001 1.29936067e+001 7.99527692e+000 9.39993060e+001 2.49944720e+001 1.01397649e+003 1.00998363e+003 3.99152792e+000 1.00310445e+000 1.30023654e+001 0.00000000e+000 0.00000000e+000 1.00000000e+000 0.00000000e+000
 1.00000000e+000 3.00029637e+001 1.60126242e+001 1.19983148e+001 8.00568394e+000 7.69985939e+001 2.70005079e+001 1.01597757e+003 1.01199343e+003 3.99834756e+000 1.00297942e+000 1.09913384e+001 0.00000000e+000 0.00000000e+000 1.00000000e+000 0.00000000e+000
 1.00000000e+000 2.20024644e+001 1.60006942e+001 1.40003720e+001 1.09984602e+001 8.19996923e+001 5.29972594e+001 1.01399179e+003 1.01199014e+003 1.99840568e+000 1.00007001e+000 9.99665600e+000 0.00000000e+000 0.00000000e+000 0.00000000e+000 1.00000000e+000
 1.00000000e+000 2.79950477e+001 1.60077329e+001 1.59907303e+001 1.19953169e+001 8.80040859e+001 3.69974335e+001 1.01597590e+003 1.01298415e+003 1.99950776e+000 1.00367011e+000 1.00039066e+001 0.00000000e+000 0.00000000e+000 0.00000000e+000 1.00000000e+000
 1.00000000e+000 2.69892373e+001 1.50059120e+001 1.49965351e+001 8.99421015e+000 9.39980710e+001 3.20002488e+001 1.01899390e+003 1.01498628e+003 2.98963806e+000 -1.48820759e-003 1.30001428e+001 0.00000000e+000 0.00000000e+000 1.00000000e+000 0.00000000e+000
 1.00000000e+000 2.59993367e+001 1.30023566e+001 1.29996381e+001 9.99894292e+000 8.20000881e+001 3.89973332e+001 1.01598772e+003 1.01198715e+003 1.99978220e+000 1.00055854e+000 1.39993530e+001 0.00000000e+000 0.00000000e+000 1.00000000e+000 0.00000000e+000
 1.00000000e+000 2.70027479e+001 1.39985798e+001 1.30006533e+001 9.99667521e+000 8.79994452e+001 3.69975993e+001 1.01699211e+003 1.01298832e+003 2.00033964e+000 3.29404877e-004 9.99750193e+000 0.00000000e+000 0.00000000e+000 1.00000000e+000 0.00000000e+000
 1.00000000e+000 2.60000269e+001 1.30022021e+001 1.30032043e+001 1.00021637e+001 8.79942707e+001 3.60046982e+001 1.01899038e+003 1.01498645e+003 9.95628221e-001 -1.16207423e-003 8.00147231e+000 0.00000000e+000 0.00000000e+000 1.00000000e+000 0.00000000e+000
 1.00000000e+000 2.59997428e+001 1.30019763e+001 1.29982076e+001 9.99641506e+000 8.80002672e+001 3.59974439e+001 1.01798723e+003 1.01398772e+003 1.99861096e+000 8.85519065e-004 1.09994752e+001 0.00000000e+000 0.00000000e+000 1.00000000e+000 0.00000000e+000
 1.00000000e+000 2.70037869e+001 1.19986821e+001 1.70021194e+001 7.99724311e+000 8.19978272e+001 2.99987180e+001 1.01599329e+003 1.01298990e+003 3.00085846e+000 1.00016824e+000 1.09965501e+001 0.00000000e+000 0.00000000e+000 1.00000000e+000 0.00000000e+000
 1.00000000e+000 2.70014734e+001 1.30014205e+001 1.19984804e+001 4.99651526e+000 8.19996614e+001 2.40010830e+001 1.01598858e+003 1.01298710e+003 2.99598948e+000 9.98414690e-001 1.89999430e+001 0.00000000e+000 0.00000000e+000 1.00000000e+000 0.00000000e+000
 1.00000000e+000 2.60003621e+001 1.20017496e+001 8.99915163e+000 3.99816704e+000 7.70010107e+001 2.39987253e+001 1.01798834e+003 1.01398828e+003 4.99896106e+000 2.00074456e+000 1.39989729e+001 0.00000000e+000 0.00000000e+000 1.00000000e+000 0.00000000e+000
 1.00000000e+000 2.49995025e+001 1.10024962e+001 8.99833360e+000 3.99705929e+000 7.10019267e+001 2.59980399e+001 1.01798663e+003 1.01398767e+003 4.99826758e+000 1.00093215e+000 1.30002046e+001 0.00000000e+000 0.00000000e+000 0.00000000e+000 1.00000000e+000
 1.00000000e+000 2.40012920e+001 1.10009281e+001 8.00137509e+000 1.99810593e+000 7.19994991e+001 2.39992035e+001 1.01599053e+003 1.00498944e+003 3.99921518e+000 1.00018148e+000 1.39985900e+001 0.00000000e+000 0.00000000e+000 0.00000000e+000 1.00000000e+000
 1.00000000e+000 2.50032625e+001 1.09995384e+001 8.00031458e+000 2.99732563e+000 8.19990425e+001 2.39981371e+001 1.01599349e+003 1.01198961e+003 3.00051706e+000 1.00097344e+000 1.09973933e+001 0.00000000e+000 0.00000000e+000 0.00000000e+000 1.00000000e+000
 1.00000000e+000 2.60035400e+001 1.20012054e+001 1.00005986e+001 4.99665853e+000 7.19993829e+001 2.59969138e+001 1.01599008e+003 1.01199041e+003 3.00130921e+000 1.00141439e+000 1.29980713e+001 0.00000000e+000 0.00000000e+000 1.00000000e+000 0.00000000e+000
 1.00000000e+000 2.50008611e+001 1.10020855e+001 9.99824042e+000 3.99833765e+000 9.39994862e+001 2.59998618e+001 1.01598766e+003 1.01298746e+003 3.00052062e+000 7.01221487e-004 1.59995621e+001 0.00000000e+000 0.00000000e+000 0.00000000e+000 1.00000000e+000
 1.00000000e+000 2.40024568e+001 1.10004593e+001 8.99875248e+000 2.99628155e+000 8.20012457e+001 2.49988664e+001 1.01798911e+003 1.01398805e+003 3.99871798e+000 1.00075994e+000 1.59973956e+001 0.00000000e+000 0.00000000e+000 1.00000000e+000 0.00000000e+000
 1.00000000e+000 2.40013934e+001 9.00028036e+000 6.99909913e+000 2.99715910e+000 8.20014995e+001 2.49988725e+001 1.01698851e+003 1.01198861e+003 4.99877982e+000 1.00062878e+000 1.89990467e+001 0.00000000e+000 0.00000000e+000 0.00000000e+000 1.00000000e+000
 1.00000000e+000 2.40006056e+001 9.99941024e+000 7.00175258e+000 3.99823215e+000 7.09970588e+001 2.69975061e+001 1.01598630e+003 1.01198488e+003 5.00464907e+000 1.00035442e+000 1.40036789e+001 0.00000000e+000 0.00000000e+000 0.00000000e+000 1.00000000e+000
 1.00000000e+000 2.70086275e+001 1.29994574e+001 1.30067257e+001 4.99103353e+000 8.19970118e+001 2.40049100e+001 1.01299227e+003 1.00998393e+003 4.00351352e+000 9.97052029e-001 1.89920850e+001 0.00000000e+000 0.00000000e+000 0.00000000e+000 1.00000000e+000
 1.00000000e+000 2.10045634e+001 1.09986951e+001 1.30018080e+001 9.99770219e+000 9.39971820e+001 4.89968668e+001 1.01699284e+003 1.01299104e+003 2.00006835e+000 9.99632315e-001 1.59969950e+001 1.00000000e+000 0.00000000e+000 0.00000000e+000 0.00000000e+000
 1.00000000e+000 2.19955109e+001 9.00661739e+000 9.99390786e+000 3.99320349e+000 8.80030234e+001 3.29957397e+001 1.01797950e+003 1.01398924e+003 3.99536615e+000 1.00151357e+000 1.40061514e+001 0.00000000e+000 0.00000000e+000 0.00000000e+000 1.00000000e+000
 1.00000000e+000 2.30033365e+001 7.99908673e+000 7.00340483e+000 1.99873344e+000 8.19963855e+001 2.49971051e+001 1.01899648e+003 1.01499236e+003 4.00082106e+000 1.00083321e+000 9.99607541e+000 0.00000000e+000 0.00000000e+000 0.00000000e+000 1.00000000e+000
 1.00000000e+000 2.30023206e+001 9.00118544e+000 6.99842878e+000 2.99696160e+000 7.60034853e+001 2.69972632e+001 1.01998559e+003 1.01598811e+003 3.99926834e+000 1.00134323e+000 1.59981064e+001 0.00000000e+000 0.00000000e+000 0.00000000e+000 1.00000000e+000
 1.00000000e+000 2.30014220e+001 7.00021495e+000 6.99745497e+000 3.99854671e+000 8.69965348e+001 3.09971399e+001 1.01798928e+003 1.01399046e+003 3.00026216e+000 1.00062107e+000 2.09981483e+001 0.00000000e+000 0.00000000e+000 1.00000000e+000 0.00000000e+000
 1.00000000e+000 2.30080227e+001 6.99869748e+000 6.00283901e+000 2.99933568e+000 8.10074024e+001 2.69990042e+001 1.01699461e+003 1.01399345e+003 4.00239333e+000 1.00254870e+000 2.09940843e+001 0.00000000e+000 0.00000000e+000 0.00000000e+000 1.00000000e+000
 1.00000000e+000 2.50047320e+001 7.99814202e+000 6.00657203e+000 2.98987460e+000 8.09923628e+001 2.39958775e+001 1.01799744e+003 1.01399183e+003 3.00025680e+000 9.99844809e-001 1.89947149e+001 0.00000000e+000 0.00000000e+000 0.00000000e+000 1.00000000e+000
 1.00000000e+000 2.49913992e+001 9.00735045e+000 6.00502465e+000 2.99750793e+000 6.59994613e+001 2.49927723e+001 1.01598274e+003 1.01198583e+003 3.00042404e+000 1.99968231e+000 1.90046256e+001 0.00000000e+000 0.00000000e+000 0.00000000e+000 1.00000000e+000
 1.00000000e+000 2.60008424e+001 9.99980107e+000 8.00008580e+000 1.99794620e+000 6.59983687e+001 2.30001937e+001 1.01599196e+003 1.01099000e+003 3.99820363e+000 1.00157565e+000 1.40012444e+001 0.00000000e+000 0.00000000e+000 0.00000000e+000 1.00000000e+000
 1.00000000e+000 2.60022806e+001 9.99983813e+000 1.00006354e+001 4.99727397e+000 8.19993956e+001 2.79984834e+001 1.01499101e+003 1.00998971e+003 3.99980092e+000 1.00046395e+000 1.09981065e+001 0.00000000e+000 0.00000000e+000 0.00000000e+000 1.00000000e+000
 1.00000000e+000 2.60034610e+001 1.30026895e+001 1.09999348e+001 5.99900580e+000 8.80013301e+001 2.79984930e+001 1.01399303e+003 1.00999481e+003 1.99706162e+000 1.46941129e-003 1.29927692e+001 0.00000000e+000 0.00000000e+000 0.00000000e+000 1.00000000e+000
 1.00000000e+000 1.89987494e+001 1.20025980e+001 1.39931456e+001 6.99937894e+000 8.80054774e+001 4.89957847e+001 1.01398208e+003 1.01098848e+003 2.99685194e+000 9.99987834e-001 2.10035498e+001 0.00000000e+000 0.00000000e+000 1.00000000e+000 0.00000000e+000
 1.00000000e+000 2.20009885e+001 1.00023147e+001 1.19956455e+001 7.99714967e+000 1.00001519e+002 4.29976735e+001 1.01598493e+003 1.01298817e+003 2.99769990e+000 2.07313672e-003 1.00014252e+001 1.00000000e+000 0.00000000e+000 0.00000000e+000 0.00000000e+000
 1.00000000e+000 2.30035697e+001 1.39983379e+001 1.09988958e+001 6.99619565e+000 8.20013172e+001 3.59996522e+001 1.01598760e+003 1.01098983e+003 3.99859519e+000 9.99918087e-001 1.60001444e+001 0.00000000e+000 0.00000000e+000 1.00000000e+000 0.00000000e+000
 1.00000000e+000 2.09985966e+001 1.40039034e+001 1.29957254e+001 9.99582966e+000 8.80016657e+001 4.89930973e+001 1.01898793e+003 1.01299219e+003 3.99999114e+000 2.00193048e+000 2.60019398e+001 0.00000000e+000 0.00000000e+000 0.00000000e+000 1.00000000e+000
 1.00000000e+000 2.30102070e+001 1.39911428e+001 1.40036114e+001 9.99658228e+000 7.69999275e+001 4.99987742e+001 1.02100464e+003 1.01699212e+003 3.00069945e+000 9.99513584e-001 1.29897136e+001 0.00000000e+000 0.00000000e+000 0.00000000e+000 1.00000000e+000
 1.00000000e+000 2.19952649e+001 1.50073138e+001 1.49950411e+001 1.09987132e+001 9.40029296e+001 5.99992543e+001 1.02198835e+003 1.01799166e+003 1.99539876e+000 1.00024252e+000 1.60004349e+001 0.00000000e+000 0.00000000e+000 0.00000000e+000 1.00000000e+000
 1.00000000e+000 2.20005801e+001 1.00000836e+001 1.19991188e+001 4.99761947e+000 9.39995423e+001 3.49983116e+001 1.02098823e+003 1.01698807e+003 4.99826190e+000 9.99681727e-001 2.29992672e+001 0.00000000e+000 0.00000000e+000 1.00000000e+000 0.00000000e+000
 1.00000000e+000 2.30060906e+001 8.99670988e+000 8.00529025e+000 4.99857879e+000 8.69987896e+001 3.09964987e+001 1.01999391e+003 1.01599217e+003 5.00118656e+000 2.00108618e+000 2.39934862e+001 0.00000000e+000 0.00000000e+000 0.00000000e+000 1.00000000e+000
 1.00000000e+000 2.19956297e+001 8.99841179e+000 7.99574159e+000 2.01383369e+000 8.70010881e+001 2.69951694e+001 1.01798708e+003 1.01399081e+003 5.01162322e+000 3.00329314e+000 2.36994917e+002 0.00000000e+000 0.00000000e+000 0.00000000e+000 1.00000000e+000
 1.00000000e+000 2.10095304e+001 7.00990027e+000 7.98921522e+000 3.97504363e+000 8.10135332e+001 3.49831861e+001 1.01596336e+003 1.01297716e+003 5.98423072e+000 2.00640694e+000 2.60041219e+001 0.00000000e+000 0.00000000e+000 0.00000000e+000 1.00000000e+000
 1.00000000e+000 2.10012821e+001 6.99947245e+000 7.00238107e+000 2.99911543e+000 8.69980908e+001 3.10003551e+001 1.01799338e+003 1.01398717e+003 4.00108404e+000 9.98854931e-001 1.59967140e+001 0.00000000e+000 0.00000000e+000 0.00000000e+000 1.00000000e+000
 1.00000000e+000 2.09987356e+001 8.00524035e+000 9.00358052e+000 3.99228998e+000 8.09936339e+001 3.79936076e+001 1.01898913e+003 1.01498175e+003 3.99765371e+000 9.99743798e-001 1.39945132e+001 0.00000000e+000 0.00000000e+000 0.00000000e+000 1.00000000e+000
 1.00000000e+000 1.90043338e+001 6.99887978e+000 1.09993498e+001 6.99875216e+000 1.00000987e+002 5.19987548e+001 1.01998942e+003 1.01599002e+003 1.00085968e+000 2.55387056e-004 1.29992753e+001 0.00000000e+000 0.00000000e+000 1.00000000e+000 0.00000000e+000
 1.00000000e+000 1.59998304e+001 8.00038897e+000 1.09967007e+001 7.98975874e+000 9.99977712e+001 6.69907432e+001 1.01898694e+003 1.01398279e+003 1.00177949e+000 2.36950623e-003 1.10031126e+001 0.00000000e+000 0.00000000e+000 1.00000000e+000 0.00000000e+000
 1.00000000e+000 1.50024585e+001 6.00159665e+000 1.20003696e+001 5.99658650e+000 9.99973449e+001 7.19930701e+001 1.01798319e+003 1.01398403e+003 1.01026929e+000 3.96594776e-003 9.99979669e+000 0.00000000e+000 0.00000000e+000 1.00000000e+000 0.00000000e+000
 1.00000000e+000 1.60088335e+001 7.98082694e+000 1.10113392e+001 7.99868270e+000 9.99817778e+001 5.89910019e+001 1.01801464e+003 1.01399102e+003 1.99992421e+000 5.86049600e-003 1.29803530e+001 0.00000000e+000 0.00000000e+000 1.00000000e+000 0.00000000e+000
 1.00000000e+000 1.70004430e+001 8.00266016e+000 1.09976417e+001 7.99621611e+000 1.00000215e+002 5.89962043e+001 1.01798510e+003 1.01298718e+003 9.98035877e-001 6.93257772e-004 1.59998985e+001 0.00000000e+000 0.00000000e+000 1.00000000e+000 0.00000000e+000
 1.00000000e+000 1.70039507e+001 5.99864760e+000 1.10012760e+001 5.99743038e+000 9.99977168e+001 4.79977526e+001 1.01399175e+003 1.00998873e+003 2.00177828e+000 -5.36664315e-005 1.89982602e+001 0.00000000e+000 0.00000000e+000 1.00000000e+000 0.00000000e+000
 1.00000000e+000 2.09991925e+001 9.00313058e+000 1.29972378e+001 3.99680820e+000 1.00000161e+002 3.29967989e+001 1.01598747e+003 1.01198840e+003 3.99819791e+000 6.92685707e-004 1.30005140e+001 0.00000000e+000 0.00000000e+000 1.00000000e+000 0.00000000e+000
 1.00000000e+000 1.59985587e+001 7.00404136e+000 1.09993813e+001 6.99824768e+000 1.00000265e+002 5.49973442e+001 1.01698722e+003 1.01398871e+003 3.00140514e+000 -2.87060332e-003 1.40076683e+001 0.00000000e+000 0.00000000e+000 1.00000000e+000 0.00000000e+000
 1.00000000e+000 1.30006697e+001 6.00247580e+000 9.99311354e+000 5.99613479e+000 1.00005026e+002 8.19953738e+001 1.01698084e+003 1.01198629e+003 1.99506401e+000 2.71623928e-003 1.39995899e+001 0.00000000e+000 0.00000000e+000 1.00000000e+000 0.00000000e+000
