 1.00000000e+000 1.08276319e+001 1.04217744e+001 9.49850258e+001 1.01386815e+003 4.82085086e-001
 1.00000000e+000 1.08424839e+001 1.04013100e+001 9.48680382e+001 1.01391705e+003 5.57073235e-001
 1.00000000e+000 1.05131179e+001 1.01038970e+001 9.66488938e+001 1.01410202e+003 5.47586918e-002
 1.00000000e+000 1.00362667e+001 9.81494759e+000 9.78564379e+001 1.01430459e+003 -4.38972714e-003
 1.00000000e+000 1.00214147e+001 9.83541197e+000 9.79734254e+001 1.01425569e+003 -7.93778761e-002
 1.00000000e+000 9.36066091e+000 9.66230699e+000 9.88699843e+001 1.01389517e+003 3.38865202e-002
 1.00000000e+000 9.36066091e+000 9.66230699e+000 9.88699843e+001 1.01389517e+003 3.38865202e-002
 1.00000000e+000 9.37551285e+000 9.64184260e+000 9.87529968e+001 1.01394407e+003 1.08874669e-001
 1.00000000e+000 1.00424420e+001 9.82317438e+000 9.79464386e+001 1.01528552e+003 1.03832362e-003
 1.00000000e+000 1.11841162e+001 1.03082226e+001 9.57980175e+001 1.01522648e+003 -7.59720849e-002
 1.00000000e+000 1.21696286e+001 1.08304256e+001 9.32832732e+001 1.01611707e+003 2.20623533e-001
 1.00000000e+000 1.32923817e+001 1.13129444e+001 9.12961578e+001 1.01622613e+003 9.15194065e-002
 1.00000000e+000 1.32416506e+001 1.13661108e+001 9.15571197e+001 1.01509850e+003 -1.38873091e-001
 1.00000000e+000 1.35548662e+001 1.20253251e+001 8.89291860e+001 1.01474631e+003 6.38885449e-001
 1.00000000e+000 1.35338389e+001 1.20375627e+001 8.89561728e+001 1.01371648e+003 5.58469249e-001
 1.00000000e+000 1.40368630e+001 1.21879107e+001 8.74406197e+001 1.01333067e+003 9.05837357e-001
 1.00000000e+000 1.35356756e+001 1.16215470e+001 8.98018864e+001 1.01333676e+003 3.23386064e-001
 1.00000000e+000 1.37215413e+001 1.15434634e+001 8.99342346e+001 1.01248493e+003 9.97563357e-002
 1.00000000e+000 1.23282917e+001 1.07563529e+001 9.33526075e+001 1.01325448e+003 -8.88504460e-002
 1.00000000e+000 1.18514405e+001 1.04674035e+001 9.45601515e+001 1.01345705e+003 -1.47998865e-001
 1.00000000e+000 1.16931726e+001 1.05193253e+001 9.40595094e+001 1.01320875e+003 1.97284679e-001
 1.00000000e+000 1.12224967e+001 1.02386027e+001 9.53570542e+001 1.01439225e+003 1.43564311e-001
 1.00000000e+000 1.12163214e+001 1.02303759e+001 9.52670534e+001 1.01341131e+003 1.38136260e-001
 1.00000000e+000 1.40368630e+001 1.21879107e+001 8.74406197e+001 1.01333067e+003 9.05837357e-001
