 1.00000000e+000 8.83478094e+000 -8.47033823e-001 4.19657058e+001 5.20505583e+001 1.00211816e+002 3.63232626e+001 1.06490361e+003 1.02109856e+003 -1.09930031e+001 -1.55446333e+001 3.71744725e+001 0.00000000e+000 0.00000000e+000 1.00000000e+000 0.00000000e+000
 1.00000000e+000 8.83798200e+000 -8.23580298e-001 4.20006162e+001 5.20154457e+001 1.00171255e+002 3.63081252e+001 1.06492386e+003 1.02110307e+003 -1.09461731e+001 -1.55667842e+001 3.71394828e+001 0.00000000e+000 0.00000000e+000 1.00000000e+000 0.00000000e+000
 1.00000000e+000 8.82151631e+000 -7.96201023e-001 4.20601085e+001 5.19562750e+001 1.00118393e+002 3.62758980e+001 1.06497834e+003 1.02112109e+003 -1.09034530e+001 -1.56127899e+001 3.71006021e+001 0.00000000e+000 0.00000000e+000 1.00000000e+000 0.00000000e+000
 1.00000000e+000 8.82876581e+000 -7.75052156e-001 4.20910478e+001 5.19279239e+001 1.00099048e+002 3.62371931e+001 1.06497714e+003 1.02111198e+003 -1.08860980e+001 -1.55886460e+001 3.70801037e+001 0.00000000e+000 0.00000000e+000 1.00000000e+000 0.00000000e+000
 1.00000000e+000 8.83759850e+000 -7.50359945e-001 4.21171611e+001 5.18685504e+001 1.00070864e+002 3.62105172e+001 1.06494779e+003 1.02109710e+003 -1.08616592e+001 -1.55628142e+001 3.70650908e+001 0.00000000e+000 0.00000000e+000 1.00000000e+000 0.00000000e+000
 1.00000000e+000 8.77172260e+000 -6.46201268e-001 4.21214230e+001 5.17500875e+001 1.00010986e+002 3.62553203e+001 1.06498509e+003 1.02119870e+003 -1.07879711e+001 -1.56449122e+001 3.70247267e+001 0.00000000e+000 0.00000000e+000 1.00000000e+000 0.00000000e+000
 1.00000000e+000 8.74292743e+000 -6.12638936e-001 4.20717228e+001 5.17151026e+001 1.00034788e+002 3.62931749e+001 1.06494527e+003 1.02123719e+003 -1.07774866e+001 -1.56145029e+001 3.70393331e+001 0.00000000e+000 0.00000000e+000 1.00000000e+000 0.00000000e+000
 1.00000000e+000 8.72803500e+000 -6.41803537e-001 4.19672273e+001 5.18001592e+001 1.00095937e+002 3.64075614e+001 1.06491438e+003 1.02127566e+003 -1.08315590e+001 -1.56272386e+001 3.71009401e+001 0.00000000e+000 0.00000000e+000 1.00000000e+000 0.00000000e+000
 1.00000000e+000 8.72201781e+000 -6.41634417e-001 4.19611173e+001 5.17940453e+001 1.00076883e+002 3.64415296e+001 1.06491725e+003 1.02127693e+003 -1.08187121e+001 -1.56649381e+001 3.70894369e+001 0.00000000e+000 0.00000000e+000 1.00000000e+000 0.00000000e+000
 1.00000000e+000 8.72578872e+000 -6.22085414e-001 4.20022534e+001 5.17749036e+001 1.00026222e+002 3.64351507e+001 1.06496682e+003 1.02128906e+003 -1.07742147e+001 -1.57250056e+001 3.70441539e+001 0.00000000e+000 0.00000000e+000 1.00000000e+000 0.00000000e+000
 1.00000000e+000 8.70691114e+000 -6.38925620e-001 4.19879158e+001 5.17673365e+001 9.99988566e+001 3.65000801e+001 1.06503457e+003 1.02129449e+003 -1.07208338e+001 -1.58625333e+001 3.69787539e+001 0.00000000e+000 0.00000000e+000 1.00000000e+000 0.00000000e+000
 1.00000000e+000 8.73072953e+000 -7.32237117e-001 4.19638091e+001 5.18741944e+001 1.00033492e+002 3.65281225e+001 1.06512147e+003 1.02125349e+003 -1.07014830e+001 -1.59589661e+001 3.69160617e+001 0.00000000e+000 0.00000000e+000 1.00000000e+000 0.00000000e+000
 1.00000000e+000 8.78450638e+000 -8.10373670e-001 4.20007810e+001 5.19633992e+001 1.00023511e+002 3.64997467e+001 1.06524922e+003 1.02119135e+003 -1.06359519e+001 -1.60900436e+001 3.67802975e+001 0.00000000e+000 1.00000000e+000 0.00000000e+000 0.00000000e+000
 1.00000000e+000 8.82314234e+000 -8.69274979e-001 4.20298870e+001 5.20328408e+001 1.00018673e+002 3.64709084e+001 1.06533572e+003 1.02113374e+003 -1.05941759e+001 -1.61764654e+001 3.66769062e+001 0.00000000e+000 1.00000000e+000 0.00000000e+000 0.00000000e+000
 1.00000000e+000 8.85392731e+000 -9.76751055e-001 4.19414595e+001 5.21842190e+001 1.00061550e+002 3.65977724e+001 1.06533202e+003 1.02110051e+003 -1.06738614e+001 -1.62579577e+001 3.67227963e+001 0.00000000e+000 0.00000000e+000 1.00000000e+000 0.00000000e+000
 1.00000000e+000 8.85033521e+000 -9.94289791e-001 4.18585619e+001 5.22241874e+001 1.00105344e+002 3.66695525e+001 1.06529426e+003 1.02108977e+003 -1.06842677e+001 -1.62788677e+001 3.67198571e+001 0.00000000e+000 0.00000000e+000 1.00000000e+000 0.00000000e+000
 1.00000000e+000 8.89509090e+000 -1.05420093e+000 4.17918785e+001 5.23008681e+001 1.00192620e+002 3.66600947e+001 1.06526138e+003 1.02102030e+003 -1.06788612e+001 -1.62533661e+001 3.66592424e+001 0.00000000e+000 0.00000000e+000 1.00000000e+000 0.00000000e+000
 1.00000000e+000 9.00132250e+000 -1.12424055e+000 4.17216376e+001 5.23886134e+001 1.00181406e+002 3.67583410e+001 1.06530656e+003 1.02092575e+003 -1.06013842e+001 -1.64236079e+001 3.64507478e+001 0.00000000e+000 0.00000000e+000 1.00000000e+000 0.00000000e+000
 1.00000000e+000 9.06595821e+000 -1.26358494e+000 4.16798740e+001 5.25761375e+001 1.00289766e+002 3.67325522e+001 1.06531841e+003 1.02083931e+003 -1.06685759e+001 -1.63681185e+001 3.64703795e+001 0.00000000e+000 0.00000000e+000 0.00000000e+000 1.00000000e+000
 1.00000000e+000 9.11152201e+000 -1.42156763e+000 4.15978288e+001 5.27655223e+001 1.00385938e+002 3.67997079e+001 1.06528309e+003 1.02076376e+003 -1.08034390e+001 -1.63063788e+001 3.65955033e+001 0.00000000e+000 0.00000000e+000 0.00000000e+000 1.00000000e+000
 1.00000000e+000 9.15040506e+000 -1.53750732e+000 4.15432241e+001 5.29400084e+001 1.00472871e+002 3.68227038e+001 1.06525611e+003 1.02070237e+003 -1.09116600e+001 -1.62550861e+001 3.66837329e+001 0.00000000e+000 0.00000000e+000 0.00000000e+000 1.00000000e+000
 1.00000000e+000 9.20852797e+000 -1.62518659e+000 4.15722597e+001 5.30300125e+001 1.00501958e+002 3.67612130e+001 1.06522708e+003 1.02061173e+003 -1.09855823e+001 -1.61574180e+001 3.67480281e+001 0.00000000e+000 0.00000000e+000 0.00000000e+000 1.00000000e+000
 1.00000000e+000 9.23103580e+000 -1.62727410e+000 4.15846640e+001 5.30173399e+001 1.00499789e+002 3.67304118e+001 1.06523322e+003 1.02058260e+003 -1.09621096e+001 -1.61668398e+001 3.66970086e+001 0.00000000e+000 1.00000000e+000 0.00000000e+000 0.00000000e+000
 1.00000000e+000 9.20753526e+000 -1.57818621e+000 4.15347734e+001 5.29722390e+001 1.00500828e+002 3.67835830e+001 1.06523222e+003 1.02062128e+003 -1.09025423e+001 -1.62285855e+001 3.66266470e+001 0.00000000e+000 0.00000000e+000 1.00000000e+000 0.00000000e+000
 1.00000000e+000 9.19990993e+000 -1.59975361e+000 4.14361868e+001 5.30604929e+001 1.00555849e+002 3.68878370e+001 1.06522236e+003 1.02065920e+003 -1.09364555e+001 -1.62639277e+001 3.66492956e+001 0.00000000e+000 0.00000000e+000 1.00000000e+000 0.00000000e+000
 1.00000000e+000 9.21417271e+000 -1.62868032e+000 4.13615701e+001 5.30790688e+001 1.00567379e+002 3.69740244e+001 1.06529229e+003 1.02062596e+003 -1.08226154e+001 -1.64491792e+001 3.64518281e+001 1.00000000e+000 0.00000000e+000 0.00000000e+000 0.00000000e+000
 1.00000000e+000 9.25659952e+000 -1.70762002e+000 4.13393813e+001 5.32024178e+001 1.00599697e+002 3.69927135e+001 1.06542867e+003 1.02060182e+003 -1.07767436e+001 -1.65866163e+001 3.63242144e+001 0.00000000e+000 1.00000000e+000 0.00000000e+000 0.00000000e+000
 1.00000000e+000 9.28768375e+000 -1.68597195e+000 4.14223525e+001 5.31347593e+001 1.00563878e+002 3.68780926e+001 1.06549989e+003 1.02056532e+003 -1.06661094e+001 -1.66276836e+001 3.61562115e+001 0.00000000e+000 0.00000000e+000 1.00000000e+000 0.00000000e+000
 1.00000000e+000 9.30068056e+000 -1.70864585e+000 4.13842900e+001 5.32079767e+001 1.00603974e+002 3.69002947e+001 1.06554404e+003 1.02058385e+003 -1.06583661e+001 -1.66611524e+001 3.61165147e+001 0.00000000e+000 0.00000000e+000 1.00000000e+000 0.00000000e+000
 1.00000000e+000 9.34207997e+000 -1.82379527e+000 4.13572821e+001 5.33419349e+001 1.00670013e+002 3.69025193e+001 1.06555004e+003 1.02052157e+003 -1.07136177e+001 -1.66321473e+001 3.61511307e+001 0.00000000e+000 0.00000000e+000 0.00000000e+000 1.00000000e+000
 1.00000000e+000 9.39226721e+000 -1.92147050e+000 4.13529051e+001 5.34684425e+001 1.00712405e+002 3.68944027e+001 1.06555162e+003 1.02047525e+003 -1.07984043e+001 -1.65739169e+001 3.62276043e+001 0.00000000e+000 0.00000000e+000 0.00000000e+000 1.00000000e+000
 1.00000000e+000 9.50286997e+000 -2.12179241e+000 4.13983724e+001 5.36466243e+001 1.00789037e+002 3.67737521e+001 1.06562315e+003 1.02029443e+003 -1.08330727e+001 -1.65400038e+001 3.61666699e+001 0.00000000e+000 0.00000000e+000 0.00000000e+000 1.00000000e+000
 1.00000000e+000 9.55138307e+000 -2.18219100e+000 4.14763361e+001 5.36978850e+001 1.00782314e+002 3.66699144e+001 1.06569421e+003 1.02021096e+003 -1.08072389e+001 -1.65546098e+001 3.60961662e+001 0.00000000e+000 0.00000000e+000 1.00000000e+000 0.00000000e+000
 1.00000000e+000 9.56356162e+000 -2.15464309e+000 4.15755663e+001 5.36299952e+001 1.00694204e+002 3.66043489e+001 1.06577495e+003 1.02018478e+003 -1.07219144e+001 -1.66432210e+001 3.59786819e+001 0.00000000e+000 0.00000000e+000 1.00000000e+000 0.00000000e+000
 1.00000000e+000 9.51700156e+000 -2.05505213e+000 4.15776064e+001 5.35848316e+001 1.00616171e+002 3.66838769e+001 1.06584316e+003 1.02029819e+003 -1.06922838e+001 -1.67883381e+001 3.59555334e+001 0.00000000e+000 0.00000000e+000 1.00000000e+000 0.00000000e+000
 1.00000000e+000 9.50956216e+000 -2.06605882e+000 4.16038893e+001 5.35674869e+001 1.00558328e+002 3.67143329e+001 1.06596222e+003 1.02028549e+003 -1.05921721e+001 -1.69762961e+001 3.58136323e+001 1.00000000e+000 0.00000000e+000 0.00000000e+000 0.00000000e+000
 1.00000000e+000 9.56175938e+000 -2.09179905e+000 4.16841054e+001 5.35751143e+001 1.00514146e+002 3.66258861e+001 1.06606833e+003 1.02020220e+003 -1.04962028e+001 -1.70925833e+001 3.56296590e+001 1.00000000e+000 0.00000000e+000 0.00000000e+000 0.00000000e+000
 1.00000000e+000 9.53463804e+000 -2.06307559e+000 4.16480355e+001 5.35262223e+001 1.00478427e+002 3.66979053e+001 1.06612265e+003 1.02020182e+003 -1.04193740e+001 -1.72524456e+001 3.55093562e+001 0.00000000e+000 0.00000000e+000 0.00000000e+000 1.00000000e+000
 1.00000000e+000 9.54685121e+000 -2.06301100e+000 4.16597704e+001 5.35493797e+001 1.00490161e+002 3.66611664e+001 1.06613327e+003 1.02018935e+003 -1.04255118e+001 -1.72492756e+001 3.54899924e+001 0.00000000e+000 0.00000000e+000 1.00000000e+000 0.00000000e+000
 1.00000000e+000 9.57271290e+000 -2.07415136e+000 4.16765404e+001 5.35612988e+001 1.00491774e+002 3.66256350e+001 1.06612579e+003 1.02015321e+003 -1.03956542e+001 -1.72308171e+001 3.54562288e+001 0.00000000e+000 0.00000000e+000 1.00000000e+000 0.00000000e+000
 1.00000000e+000 9.57041485e+000 -2.05803959e+000 4.16573975e+001 5.35461989e+001 1.00501734e+002 3.66299946e+001 1.06608019e+003 1.02014642e+003 -1.04047502e+001 -1.71999512e+001 3.54691756e+001 0.00000000e+000 0.00000000e+000 1.00000000e+000 0.00000000e+000
 1.00000000e+000 9.62414740e+000 -2.11243903e+000 4.16662321e+001 5.35787741e+001 1.00530690e+002 3.65725332e+001 1.06603914e+003 1.02005247e+003 -1.04199142e+001 -1.71572358e+001 3.54398809e+001 0.00000000e+000 1.00000000e+000 0.00000000e+000 0.00000000e+000
 1.00000000e+000 9.66682305e+000 -2.09351672e+000 4.17174382e+001 5.35172075e+001 1.00520562e+002 3.64600592e+001 1.06597576e+003 1.01996525e+003 -1.03962333e+001 -1.70834861e+001 3.53874455e+001 0.00000000e+000 1.00000000e+000 0.00000000e+000 0.00000000e+000
 1.00000000e+000 9.72112963e+000 -2.11175811e+000 4.16657309e+001 5.35342692e+001 1.00579688e+002 3.64321070e+001 1.06584376e+003 1.01987208e+003 -1.04356032e+001 -1.69771699e+001 3.53826956e+001 0.00000000e+000 0.00000000e+000 1.00000000e+000 0.00000000e+000
 1.00000000e+000 9.74756848e+000 -2.05387283e+000 4.16629434e+001 5.34819785e+001 1.00603504e+002 3.63530082e+001 1.06574262e+003 1.01982822e+003 -1.04146810e+001 -1.68592569e+001 3.53432843e+001 0.00000000e+000 0.00000000e+000 1.00000000e+000 0.00000000e+000
 1.00000000e+000 9.75575666e+000 -2.07452278e+000 4.16038320e+001 5.34497950e+001 1.00646825e+002 3.63587448e+001 1.06566068e+003 1.01974294e+003 -1.04110051e+001 -1.68096766e+001 3.53128742e+001 0.00000000e+000 0.00000000e+000 1.00000000e+000 0.00000000e+000
 1.00000000e+000 9.80604039e+000 -2.10209166e+000 4.16101036e+001 5.34775079e+001 1.00671128e+002 3.63057866e+001 1.06562924e+003 1.01968014e+003 -1.04134524e+001 -1.67601325e+001 3.52852203e+001 0.00000000e+000 0.00000000e+000 1.00000000e+000 0.00000000e+000
 1.00000000e+000 9.82164273e+000 -2.10412735e+000 4.15955232e+001 5.34818406e+001 1.00681845e+002 3.63032427e+001 1.06558032e+003 1.01964986e+003 -1.04316167e+001 -1.67335634e+001 3.52963046e+001 0.00000000e+000 0.00000000e+000 1.00000000e+000 0.00000000e+000
 1.00000000e+000 9.85410561e+000 -2.15127529e+000 4.15759786e+001 5.35036621e+001 1.00713916e+002 3.62925000e+001 1.06547265e+003 1.01957580e+003 -1.04999538e+001 -1.66427808e+001 3.53692524e+001 0.00000000e+000 0.00000000e+000 1.00000000e+000 0.00000000e+000
 1.00000000e+000 9.92623371e+000 -2.23404574e+000 4.15619808e+001 5.35564437e+001 1.00781739e+002 3.62249875e+001 1.06533032e+003 1.01944075e+003 -1.05791207e+001 -1.64713655e+001 3.54255573e+001 0.00000000e+000 0.00000000e+000 1.00000000e+000 0.00000000e+000
 1.00000000e+000 9.95804529e+000 -2.28776374e+000 4.15569925e+001 5.35780304e+001 1.00838518e+002 3.61633650e+001 1.06523051e+003 1.01935304e+003 -1.06356287e+001 -1.63314190e+001 3.54885460e+001 0.00000000e+000 0.00000000e+000 0.00000000e+000 1.00000000e+000
 1.00000000e+000 9.97215877e+000 -2.31601822e+000 4.15197542e+001 5.36018092e+001 1.00861467e+002 3.61955954e+001 1.06513618e+003 1.01932201e+003 -1.06941689e+001 -1.62675029e+001 3.55691627e+001 0.00000000e+000 0.00000000e+000 0.00000000e+000 1.00000000e+000
 1.00000000e+000 9.94589984e+000 -2.28090031e+000 4.15250835e+001 5.35566191e+001 1.00834714e+002 3.62139388e+001 1.06511130e+003 1.01934832e+003 -1.07101964e+001 -1.62549994e+001 3.56152473e+001 0.00000000e+000 0.00000000e+000 0.00000000e+000 1.00000000e+000
 1.00000000e+000 9.98996011e+000 -2.34598381e+000 4.15341022e+001 5.36098213e+001 1.00874668e+002 3.61627582e+001 1.06505813e+003 1.01928056e+003 -1.07768945e+001 -1.61453831e+001 3.56862976e+001 0.00000000e+000 0.00000000e+000 0.00000000e+000 1.00000000e+000
 1.00000000e+000 1.00705136e+001 -2.46958919e+000 4.15878925e+001 5.37379605e+001 1.00907785e+002 3.60716951e+001 1.06504219e+003 1.01916484e+003 -1.08599205e+001 -1.60415720e+001 3.57541889e+001 0.00000000e+000 0.00000000e+000 0.00000000e+000 1.00000000e+000
 1.00000000e+000 1.00865788e+001 -2.52514767e+000 4.16134076e+001 5.37858052e+001 1.00898153e+002 3.60702122e+001 1.06502241e+003 1.01912603e+003 -1.09307470e+001 -1.60028845e+001 3.58413497e+001 0.00000000e+000 1.00000000e+000 0.00000000e+000 0.00000000e+000
 1.00000000e+000 1.01436475e+001 -2.61681946e+000 4.16660519e+001 5.38636252e+001 1.00914213e+002 3.59882797e+001 1.06501180e+003 1.01902089e+003 -1.09757526e+001 -1.59365242e+001 3.58675424e+001 1.00000000e+000 0.00000000e+000 0.00000000e+000 0.00000000e+000
 1.00000000e+000 1.01088701e+001 -2.60611962e+000 4.16537403e+001 5.38316153e+001 1.00869732e+002 3.60741335e+001 1.06499626e+003 1.01905988e+003 -1.09952228e+001 -1.59943210e+001 3.59296817e+001 0.00000000e+000 0.00000000e+000 1.00000000e+000 0.00000000e+000
 1.00000000e+000 1.00637116e+001 -2.59282578e+000 4.16667499e+001 5.38250759e+001 1.00839279e+002 3.61166740e+001 1.06499914e+003 1.01911469e+003 -1.10331029e+001 -1.59896057e+001 3.60350334e+001 0.00000000e+000 0.00000000e+000 0.00000000e+000 1.00000000e+000
 1.00000000e+000 1.01141470e+001 -2.71925122e+000 4.17277980e+001 5.39136297e+001 1.00860219e+002 3.60453126e+001 1.06499815e+003 1.01903205e+003 -1.11333315e+001 -1.58922752e+001 3.61513846e+001 0.00000000e+000 0.00000000e+000 0.00000000e+000 1.00000000e+000
 1.00000000e+000 1.01780396e+001 -2.85524331e+000 4.18059075e+001 5.40103707e+001 1.00900432e+002 3.59211773e+001 1.06499195e+003 1.01891999e+003 -1.12242599e+001 -1.57500105e+001 3.62459345e+001 0.00000000e+000 0.00000000e+000 0.00000000e+000 1.00000000e+000
 1.00000000e+000 1.01544598e+001 -2.85906893e+000 4.17765678e+001 5.39906472e+001 1.00914150e+002 3.59568930e+001 1.06493481e+003 1.01893550e+003 -1.12643346e+001 -1.56901939e+001 3.63199606e+001 0.00000000e+000 0.00000000e+000 0.00000000e+000 1.00000000e+000
 1.00000000e+000 1.02149908e+001 -2.97176503e+000 4.17852296e+001 5.40577163e+001 1.00990105e+002 3.58711273e+001 1.06482721e+003 1.01881725e+003 -1.13547854e+001 -1.54874518e+001 3.64273937e+001 0.00000000e+000 0.00000000e+000 0.00000000e+000 1.00000000e+000
 1.00000000e+000 1.02495501e+001 -3.02802370e+000 4.17670858e+001 5.41070920e+001 1.01057940e+002 3.58265727e+001 1.06471258e+003 1.01876342e+003 -1.14634880e+001 -1.52968184e+001 3.65612934e+001 0.00000000e+000 0.00000000e+000 0.00000000e+000 1.00000000e+000
 1.00000000e+000 1.03582956e+001 -3.16830222e+000 4.17809025e+001 5.42340041e+001 1.01180194e+002 3.56701444e+001 1.06458934e+003 1.01859799e+003 -1.15809468e+001 -1.50184736e+001 3.66604378e+001 0.00000000e+000 0.00000000e+000 0.00000000e+000 1.00000000e+000
 1.00000000e+000 1.04052065e+001 -3.25139877e+000 4.18085453e+001 5.43069257e+001 1.01270052e+002 3.55354410e+001 1.06452027e+003 1.01850044e+003 -1.16502681e+001 -1.47833817e+001 3.67462756e+001 0.00000000e+000 0.00000000e+000 0.00000000e+000 1.00000000e+000
 1.00000000e+000 1.04809732e+001 -3.37451855e+000 4.18353080e+001 5.44065086e+001 1.01356749e+002 3.54135208e+001 1.06440667e+003 1.01838009e+003 -1.17952579e+001 -1.45190714e+001 3.69082970e+001 0.00000000e+000 0.00000000e+000 0.00000000e+000 1.00000000e+000
 1.00000000e+000 1.05073984e+001 -3.45216175e+000 4.18385014e+001 5.44587352e+001 1.01437784e+002 3.53342900e+001 1.06432800e+003 1.01832006e+003 -1.18856565e+001 -1.43380647e+001 3.70223797e+001 0.00000000e+000 0.00000000e+000 0.00000000e+000 1.00000000e+000
 1.00000000e+000 1.05317638e+001 -3.52230821e+000 4.18507511e+001 5.45215473e+001 1.01505046e+002 3.52581811e+001 1.06428540e+003 1.01827050e+003 -1.19488155e+001 -1.41703721e+001 3.71175697e+001 0.00000000e+000 0.00000000e+000 0.00000000e+000 1.00000000e+000
 1.00000000e+000 1.05487878e+001 -3.56419011e+000 4.18601150e+001 5.45759321e+001 1.01530435e+002 3.52399044e+001 1.06427219e+003 1.01827196e+003 -1.19872240e+001 -1.40968508e+001 3.71859464e+001 0.00000000e+000 0.00000000e+000 0.00000000e+000 1.00000000e+000
 1.00000000e+000 1.05240063e+001 -3.55096993e+000 4.18485141e+001 5.45653191e+001 1.01520353e+002 3.52804983e+001 1.06427808e+003 1.01831806e+003 -1.19846744e+001 -1.40985961e+001 3.72207796e+001 0.00000000e+000 0.00000000e+000 0.00000000e+000 1.00000000e+000
 1.00000000e+000 1.05178149e+001 -3.58903568e+000 4.18808124e+001 5.45776002e+001 1.01498808e+002 3.52855932e+001 1.06430663e+003 1.01832002e+003 -1.19934531e+001 -1.40791748e+001 3.72829039e+001 0.00000000e+000 0.00000000e+000 0.00000000e+000 1.00000000e+000
 1.00000000e+000 1.05153129e+001 -3.65956001e+000 4.19309033e+001 5.46087388e+001 1.01452892e+002 3.53117036e+001 1.06437858e+003 1.01832193e+003 -1.20118322e+001 -1.41499833e+001 3.73365894e+001 0.00000000e+000 0.00000000e+000 0.00000000e+000 1.00000000e+000
 1.00000000e+000 1.05108459e+001 -3.73065576e+000 4.19908168e+001 5.46236750e+001 1.01418110e+002 3.53051379e+001 1.06441656e+003 1.01829818e+003 -1.20763466e+001 -1.41558049e+001 3.74274231e+001 0.00000000e+000 0.00000000e+000 0.00000000e+000 1.00000000e+000
 1.00000000e+000 1.05158518e+001 -3.78562611e+000 4.20509988e+001 5.46368022e+001 1.01391511e+002 3.52812023e+001 1.06443921e+003 1.01828759e+003 -1.21401034e+001 -1.41292079e+001 3.75218489e+001 0.00000000e+000 0.00000000e+000 0.00000000e+000 1.00000000e+000
 1.00000000e+000 1.06242394e+001 -3.93963364e+000 4.21211736e+001 5.47513786e+001 1.01457925e+002 3.51168772e+001 1.06442978e+003 1.01811950e+003 -1.22007193e+001 -1.39813300e+001 3.75247538e+001 0.00000000e+000 0.00000000e+000 0.00000000e+000 1.00000000e+000
 1.00000000e+000 1.06621258e+001 -3.97906188e+000 4.21412063e+001 5.48039253e+001 1.01494843e+002 3.50519284e+001 1.06439558e+003 1.01808004e+003 -1.22223915e+001 -1.38943346e+001 3.75524148e+001 0.00000000e+000 0.00000000e+000 0.00000000e+000 1.00000000e+000
 1.00000000e+000 1.06394760e+001 -4.00821091e+000 4.21715915e+001 5.48258889e+001 1.01521590e+002 3.49999647e+001 1.06443267e+003 1.01808090e+003 -1.22326802e+001 -1.38224019e+001 3.76005663e+001 0.00000000e+000 0.00000000e+000 0.00000000e+000 1.00000000e+000
 1.00000000e+000 1.06403937e+001 -4.06649219e+000 4.22251893e+001 5.48691047e+001 1.01523562e+002 3.49513698e+001 1.06446830e+003 1.01806119e+003 -1.22741915e+001 -1.37674013e+001 3.76688730e+001 0.00000000e+000 0.00000000e+000 0.00000000e+000 1.00000000e+000
 1.00000000e+000 1.06709886e+001 -4.17293666e+000 4.23056574e+001 5.49301064e+001 1.01512438e+002 3.48842026e+001 1.06453629e+003 1.01798737e+003 -1.22973201e+001 -1.37641617e+001 3.76875591e+001 0.00000000e+000 0.00000000e+000 0.00000000e+000 1.00000000e+000
 1.00000000e+000 1.06860157e+001 -4.28869123e+000 4.23455996e+001 5.50070755e+001 1.01519521e+002 3.48698899e+001 1.06452610e+003 1.01793103e+003 -1.24042912e+001 -1.36922423e+001 3.78360808e+001 0.00000000e+000 0.00000000e+000 0.00000000e+000 1.00000000e+000
 1.00000000e+000 1.07036723e+001 -4.32183816e+000 4.23893959e+001 5.49941386e+001 1.01442538e+002 3.49064742e+001 1.06456790e+003 1.01790004e+003 -1.23919525e+001 -1.37895840e+001 3.78080039e+001 0.00000000e+000 0.00000000e+000 0.00000000e+000 1.00000000e+000
 1.00000000e+000 1.06766521e+001 -4.29443059e+000 4.23487053e+001 5.49791871e+001 1.01388728e+002 3.50356990e+001 1.06466974e+003 1.01797062e+003 -1.23023016e+001 -1.40304908e+001 3.76844227e+001 0.00000000e+000 0.00000000e+000 0.00000000e+000 1.00000000e+000
 1.00000000e+000 1.06926907e+001 -4.25612566e+000 4.23256604e+001 5.49210485e+001 1.01388622e+002 3.50208705e+001 1.06473463e+003 1.01794361e+003 -1.21517539e+001 -1.41326971e+001 3.74505273e+001 0.00000000e+000 0.00000000e+000 0.00000000e+000 1.00000000e+000
 1.00000000e+000 1.06962014e+001 -4.23605274e+000 4.22747967e+001 5.48916003e+001 1.01382043e+002 3.50790037e+001 1.06478903e+003 1.01794537e+003 -1.20261712e+001 -1.42832506e+001 3.72681036e+001 0.00000000e+000 0.00000000e+000 1.00000000e+000 0.00000000e+000
 1.00000000e+000 1.07388770e+001 -4.28990962e+000 4.22743394e+001 5.49260457e+001 1.01383504e+002 3.50786413e+001 1.06479809e+003 1.01788574e+003 -1.20051473e+001 -1.43240896e+001 3.72122473e+001 0.00000000e+000 0.00000000e+000 0.00000000e+000 1.00000000e+000
 1.00000000e+000 1.11324528e+001 -4.79558687e+000 4.23978612e+001 5.54061094e+001 1.01664871e+002 3.45770437e+001 1.06500687e+003 1.01729467e+003 -1.18819538e+001 -1.42552571e+001 3.66787997e+001 0.00000000e+000 0.00000000e+000 0.00000000e+000 1.00000000e+000
 1.00000000e+000 1.11711448e+001 -4.83412032e+000 4.24600360e+001 5.54187771e+001 1.01611930e+002 3.45486388e+001 1.06506537e+003 1.01723589e+003 -1.18474638e+001 -1.43329349e+001 3.65955133e+001 1.00000000e+000 0.00000000e+000 0.00000000e+000 0.00000000e+000
 1.00000000e+000 1.12087502e+001 -4.89279066e+000 4.24961987e+001 5.54423357e+001 1.01603986e+002 3.45108560e+001 1.06506428e+003 1.01715982e+003 -1.18645171e+001 -1.43395398e+001 3.65845989e+001 0.00000000e+000 0.00000000e+000 0.00000000e+000 1.00000000e+000
 1.00000000e+000 1.12709077e+001 -4.86756373e+000 4.24416615e+001 5.53975535e+001 1.01601193e+002 3.45296769e+001 1.06509479e+003 1.01710347e+003 -1.16999933e+001 -1.45158259e+001 3.62967818e+001 1.00000000e+000 0.00000000e+000 0.00000000e+000 0.00000000e+000
 1.00000000e+000 1.12426415e+001 -4.76561318e+000 4.23915101e+001 5.52820652e+001 1.01556652e+002 3.46063322e+001 1.06518376e+003 1.01716265e+003 -1.15405757e+001 -1.47317623e+001 3.60577538e+001 0.00000000e+000 0.00000000e+000 0.00000000e+000 1.00000000e+000
 1.00000000e+000 1.12424106e+001 -4.67878670e+000 4.23255888e+001 5.52281991e+001 1.01527872e+002 3.46866481e+001 1.06533198e+003 1.01722203e+003 -1.13254034e+001 -1.50210805e+001 3.57214958e+001 0.00000000e+000 0.00000000e+000 1.00000000e+000 0.00000000e+000
 1.00000000e+000 1.16162279e+001 -5.09468647e+000 4.23517874e+001 5.56311727e+001 1.01840848e+002 3.42382225e+001 1.06558793e+003 1.01667371e+003 -1.10243199e+001 -1.51040800e+001 3.49367774e+001 0.00000000e+000 0.00000000e+000 1.00000000e+000 0.00000000e+000
 1.00000000e+000 1.15391292e+001 -4.95365223e+000 4.22663375e+001 5.55029174e+001 1.01758182e+002 3.44277476e+001 1.06567096e+003 1.01681531e+003 -1.08620562e+001 -1.53956742e+001 3.47564544e+001 0.00000000e+000 0.00000000e+000 0.00000000e+000 1.00000000e+000
 1.00000000e+000 1.14914980e+001 -4.87403801e+000 4.22683484e+001 5.54208179e+001 1.01648256e+002 3.45437067e+001 1.06582333e+003 1.01690935e+003 -1.07292133e+001 -1.56789671e+001 3.45849267e+001 0.00000000e+000 0.00000000e+000 0.00000000e+000 1.00000000e+000
 1.00000000e+000 1.15160351e+001 -4.92235729e+000 4.22487061e+001 5.54068419e+001 1.01605007e+002 3.46223194e+001 1.06592729e+003 1.01687179e+003 -1.06173631e+001 -1.59242591e+001 3.43901685e+001 1.00000000e+000 0.00000000e+000 0.00000000e+000 0.00000000e+000
 1.00000000e+000 1.15538729e+001 -4.91692626e+000 4.22103449e+001 5.54239584e+001 1.01577346e+002 3.46867830e+001 1.06609293e+003 1.01687468e+003 -1.04297361e+001 -1.62049304e+001 3.40832747e+001 0.00000000e+000 0.00000000e+000 0.00000000e+000 0.00000000e+000
 1.00000000e+000 1.15042601e+001 -4.82096294e+000 4.21314792e+001 5.53128775e+001 1.01511381e+002 3.48495178e+001 1.06620011e+003 1.01697298e+003 -1.02598038e+001 -1.64887945e+001 3.38594853e+001 0.00000000e+000 0.00000000e+000 0.00000000e+000 1.00000000e+000
 1.00000000e+000 1.15143774e+001 -4.81744561e+000 4.20694352e+001 5.53027195e+001 1.01511847e+002 3.49196173e+001 1.06629094e+003 1.01697136e+003 -1.01200356e+001 -1.66851366e+001 3.36408641e+001 0.00000000e+000 0.00000000e+000 0.00000000e+000 1.00000000e+000
 1.00000000e+000 1.15233965e+001 -4.82810367e+000 4.20568619e+001 5.53110594e+001 1.01503103e+002 3.49435373e+001 1.06633393e+003 1.01695316e+003 -1.00623110e+001 -1.67685744e+001 3.35520965e+001 0.00000000e+000 0.00000000e+000 0.00000000e+000 1.00000000e+000
 1.00000000e+000 1.15387667e+001 -4.80802410e+000 4.20690067e+001 5.52951835e+001 1.01444761e+002 3.49850114e+001 1.06639610e+003 1.01696731e+003 -1.00109534e+001 -1.69007985e+001 3.34573709e+001 0.00000000e+000 0.00000000e+000 0.00000000e+000 1.00000000e+000
 1.00000000e+000 1.15240019e+001 -4.80371288e+000 4.20371470e+001 5.52576337e+001 1.01435099e+002 3.50330708e+001 1.06648912e+003 1.01696994e+003 -9.90407374e+000 -1.70560958e+001 3.32881070e+001 0.00000000e+000 0.00000000e+000 0.00000000e+000 1.00000000e+000
 1.00000000e+000 1.15603388e+001 -4.82352065e+000 4.20315021e+001 5.52331908e+001 1.01431397e+002 3.50203199e+001 1.06654553e+003 1.01691057e+003 -9.78887693e+000 -1.71666633e+001 3.30914343e+001 1.00000000e+000 0.00000000e+000 0.00000000e+000 0.00000000e+000
 1.00000000e+000 1.15373967e+001 -4.74675100e+000 4.19761374e+001 5.51456388e+001 1.01374080e+002 3.51310536e+001 1.06668735e+003 1.01696322e+003 -9.58357855e+000 -1.74800380e+001 3.27843615e+001 0.00000000e+000 0.00000000e+000 0.00000000e+000 1.00000000e+000
 1.00000000e+000 1.14846224e+001 -4.63922121e+000 4.19444806e+001 5.50037002e+001 1.01242286e+002 3.52933330e+001 1.06688526e+003 1.01705005e+003 -9.36686531e+000 -1.78856685e+001 3.24845619e+001 0.00000000e+000 1.00000000e+000 0.00000000e+000 0.00000000e+000
 1.00000000e+000 1.13777104e+001 -4.41671734e+000 4.18796850e+001 5.47972752e+001 1.01064642e+002 3.55450730e+001 1.06712508e+003 1.01727040e+003 -9.08893765e+000 -1.84233775e+001 3.21224940e+001 1.00000000e+000 0.00000000e+000 0.00000000e+000 0.00000000e+000
 1.00000000e+000 1.14182785e+001 -4.42049677e+000 4.18576515e+001 5.47750529e+001 1.01021255e+002 3.55895826e+001 1.06732453e+003 1.01722212e+003 -8.84946470e+000 -1.87661168e+001 3.17067724e+001 1.00000000e+000 0.00000000e+000 0.00000000e+000 0.00000000e+000
 1.00000000e+000 1.13797856e+001 -4.25747493e+000 4.18039490e+001 5.45904797e+001 1.00906608e+002 3.57277814e+001 1.06746692e+003 1.01731490e+003 -8.57185418e+000 -1.91626072e+001 3.13126229e+001 1.00000000e+000 0.00000000e+000 0.00000000e+000 0.00000000e+000
 1.00000000e+000 1.13647926e+001 -4.04574791e+000 4.16365154e+001 5.43977746e+001 1.00869904e+002 3.58815897e+001 1.06756894e+003 1.01736897e+003 -8.16174363e+000 -1.95642585e+001 3.07039165e+001 0.00000000e+000 0.00000000e+000 0.00000000e+000 1.00000000e+000
 1.00000000e+000 1.13610119e+001 -3.92994126e+000 4.15526469e+001 5.42698918e+001 1.00817890e+002 3.59868434e+001 1.06769805e+003 1.01740684e+003 -7.86561990e+000 -1.98970613e+001 3.02753447e+001 0.00000000e+000 1.00000000e+000 0.00000000e+000 0.00000000e+000
 1.00000000e+000 1.13536535e+001 -3.80013074e+000 4.14770253e+001 5.41518345e+001 1.00755883e+002 3.60990282e+001 1.06778548e+003 1.01746175e+003 -7.65175624e+000 -2.01932647e+001 2.99394717e+001 0.00000000e+000 0.00000000e+000 0.00000000e+000 1.00000000e+000
 1.00000000e+000 1.13246267e+001 -3.68179285e+000 4.13941328e+001 5.40606019e+001 1.00716618e+002 3.62123659e+001 1.06783494e+003 1.01752525e+003 -7.50150913e+000 -2.04114740e+001 2.97169455e+001 0.00000000e+000 0.00000000e+000 0.00000000e+000 1.00000000e+000
 1.00000000e+000 1.13260307e+001 -3.63544698e+000 4.13406966e+001 5.40238738e+001 1.00698806e+002 3.62785379e+001 1.06791457e+003 1.01753855e+003 -7.34505370e+000 -2.06206161e+001 2.94743193e+001 0.00000000e+000 0.00000000e+000 0.00000000e+000 1.00000000e+000
 1.00000000e+000 1.13205392e+001 -3.59265716e+000 4.13209041e+001 5.39843005e+001 1.00657392e+002 3.63403581e+001 1.06798031e+003 1.01757417e+003 -7.25590415e+000 -2.07654297e+001 2.93451723e+001 0.00000000e+000 0.00000000e+000 0.00000000e+000 1.00000000e+000
 1.00000000e+000 1.13135488e+001 -3.55663038e+000 4.12927626e+001 5.39370525e+001 1.00612357e+002 3.64192462e+001 1.06805567e+003 1.01760990e+003 -7.15618179e+000 -2.09349393e+001 2.91970642e+001 0.00000000e+000 0.00000000e+000 0.00000000e+000 1.00000000e+000
 1.00000000e+000 1.12681449e+001 -3.46769369e+000 4.12434668e+001 5.38537999e+001 1.00545753e+002 3.65473647e+001 1.06817024e+003 1.01769743e+003 -7.00417150e+000 -2.11898966e+001 2.90004951e+001 0.00000000e+000 0.00000000e+000 0.00000000e+000 1.00000000e+000
 1.00000000e+000 1.12902364e+001 -3.45590680e+000 4.12252327e+001 5.38587716e+001 1.00514268e+002 3.65938501e+001 1.06828759e+003 1.01769733e+003 -6.87864887e+000 -2.13877556e+001 2.87883851e+001 0.00000000e+000 0.00000000e+000 0.00000000e+000 1.00000000e+000
 1.00000000e+000 1.13779628e+001 -3.54616053e+000 4.12618404e+001 5.39552400e+001 1.00527840e+002 3.65233386e+001 1.06842131e+003 1.01759337e+003 -6.80074714e+000 -2.15052242e+001 2.85827498e+001 0.00000000e+000 0.00000000e+000 0.00000000e+000 1.00000000e+000
 1.00000000e+000 1.14056308e+001 -3.56956597e+000 4.12792972e+001 5.39601292e+001 1.00504741e+002 3.65158912e+001 1.06848958e+003 1.01754325e+003 -6.72079283e+000 -2.16183719e+001 2.84359192e+001 0.00000000e+000 0.00000000e+000 0.00000000e+000 1.00000000e+000
 1.00000000e+000 1.18382475e+001 -4.14461004e+000 4.14470247e+001 5.44484934e+001 1.00799875e+002 3.59415962e+001 1.06868362e+003 1.01686535e+003 -6.62440169e+000 -2.14755223e+001 2.79244925e+001 0.00000000e+000 0.00000000e+000 0.00000000e+000 1.00000000e+000
 1.00000000e+000 1.17888678e+001 -4.06022016e+000 4.14391373e+001 5.43566414e+001 1.00703940e+002 3.60566266e+001 1.06877469e+003 1.01695601e+003 -6.53422997e+000 -2.16850011e+001 2.78193257e+001 0.00000000e+000 0.00000000e+000 0.00000000e+000 1.00000000e+000
 1.00000000e+000 1.18383023e+001 -4.06100754e+000 4.14074799e+001 5.43496779e+001 1.00723685e+002 3.60376138e+001 1.06885154e+003 1.01689909e+003 -6.36921609e+000 -2.18073804e+001 2.75396593e+001 1.00000000e+000 0.00000000e+000 0.00000000e+000 0.00000000e+000
 1.00000000e+000 1.17869599e+001 -3.94440037e+000 4.13487056e+001 5.42240347e+001 1.00665255e+002 3.61473527e+001 1.06891213e+003 1.01696800e+003 -6.21036227e+000 -2.20093952e+001 2.73325590e+001 0.00000000e+000 0.00000000e+000 0.00000000e+000 1.00000000e+000
 1.00000000e+000 1.18219525e+001 -3.90820765e+000 4.13531837e+001 5.41552799e+001 1.00616359e+002 3.61540289e+001 1.06892188e+003 1.01692407e+003 -6.10754079e+000 -2.21124172e+001 2.71607284e+001 1.00000000e+000 0.00000000e+000 0.00000000e+000 0.00000000e+000
 1.00000000e+000 1.18059144e+001 -3.83463524e+000 4.13205664e+001 5.41043775e+001 1.00589523e+002 3.62000668e+001 1.06900567e+003 1.01696108e+003 -5.96984101e+000 -2.22839127e+001 2.69535102e+001 0.00000000e+000 0.00000000e+000 0.00000000e+000 1.00000000e+000
 1.00000000e+000 1.17499751e+001 -3.64635970e+000 4.12299942e+001 5.39402344e+001 1.00509985e+002 3.63495408e+001 1.06910135e+003 1.01707505e+003 -5.74048335e+000 -2.25925599e+001 2.66280984e+001 1.00000000e+000 0.00000000e+000 0.00000000e+000 0.00000000e+000
 1.00000000e+000 1.17234439e+001 -3.48619547e+000 4.11726297e+001 5.38028078e+001 1.00442397e+002 3.64428657e+001 1.06916050e+003 1.01715951e+003 -5.56585906e+000 -2.28085536e+001 2.63763555e+001 0.00000000e+000 0.00000000e+000 0.00000000e+000 1.00000000e+000
 1.00000000e+000 1.17435031e+001 -3.37340994e+000 4.11232290e+001 5.36760692e+001 1.00415925e+002 3.64575831e+001 1.06922750e+003 1.01715414e+003 -5.33876739e+000 -2.30050194e+001 2.60055773e+001 1.00000000e+000 0.00000000e+000 0.00000000e+000 0.00000000e+000
 1.00000000e+000 1.16363477e+001 -3.12472546e+000 4.10580120e+001 5.35032315e+001 1.00304790e+002 3.66318129e+001 1.06927232e+003 1.01737154e+003 -5.18828173e+000 -2.32582458e+001 2.58614997e+001 0.00000000e+000 0.00000000e+000 0.00000000e+000 1.00000000e+000
 1.00000000e+000 1.16472475e+001 -3.10298990e+000 4.10320815e+001 5.34926577e+001 1.00313659e+002 3.66356968e+001 1.06932692e+003 1.01736603e+003 -5.09947629e+000 -2.33613661e+001 2.57037436e+001 0.00000000e+000 0.00000000e+000 0.00000000e+000 1.00000000e+000
 1.00000000e+000 1.15587701e+001 -2.97728662e+000 4.09970458e+001 5.33913538e+001 1.00227569e+002 3.67815655e+001 1.06936828e+003 1.01751823e+003 -5.05888197e+000 -2.35052037e+001 2.57201120e+001 0.00000000e+000 0.00000000e+000 0.00000000e+000 1.00000000e+000
 1.00000000e+000 1.15110357e+001 -2.92274818e+000 4.09897516e+001 5.33630246e+001 1.00183467e+002 3.68487008e+001 1.06941260e+003 1.01759225e+003 -5.03161370e+000 -2.35988450e+001 2.57098130e+001 0.00000000e+000 0.00000000e+000 0.00000000e+000 1.00000000e+000
 1.00000000e+000 1.12609481e+001 -2.58384766e+000 4.09143105e+001 5.30692661e+001 9.99585975e+001 3.72158152e+001 1.06936054e+003 1.01799092e+003 -5.05282302e+000 -2.37901330e+001 2.59548820e+001 1.00000000e+000 0.00000000e+000 0.00000000e+000 0.00000000e+000
 1.00000000e+000 1.13196017e+001 -2.60494046e+000 4.09848054e+001 5.30676921e+001 9.99584512e+001 3.70900073e+001 1.06937011e+003 1.01791241e+003 -5.02421981e+000 -2.37465532e+001 2.58759568e+001 0.00000000e+000 1.00000000e+000 0.00000000e+000 0.00000000e+000
 1.00000000e+000 1.12769946e+001 -2.50286062e+000 4.09660485e+001 5.29840180e+001 9.99061902e+001 3.71465451e+001 1.06946447e+003 1.01798999e+003 -4.88533701e+000 -2.39291844e+001 2.56933593e+001 0.00000000e+000 0.00000000e+000 0.00000000e+000 1.00000000e+000
 1.00000000e+000 1.12631063e+001 -2.52007541e+000 4.09664918e+001 5.29812126e+001 9.98793601e+001 3.71904672e+001 1.06953117e+003 1.01799368e+003 -4.84296385e+000 -2.40543009e+001 2.56252074e+001 0.00000000e+000 0.00000000e+000 0.00000000e+000 1.00000000e+000
 1.00000000e+000 1.13143902e+001 -2.59687816e+000 4.10033631e+001 5.30479359e+001 9.99152822e+001 3.71027287e+001 1.06952289e+003 1.01790408e+003 -4.87136413e+000 -2.39876420e+001 2.56254820e+001 0.00000000e+000 0.00000000e+000 0.00000000e+000 1.00000000e+000
 1.00000000e+000 1.13545329e+001 -2.62376586e+000 4.10208767e+001 5.31021240e+001 9.99589629e+001 3.70142717e+001 1.06953227e+003 1.01783813e+003 -4.86267228e+000 -2.39450662e+001 2.55625438e+001 0.00000000e+000 0.00000000e+000 0.00000000e+000 1.00000000e+000
 1.00000000e+000 1.13572922e+001 -2.61935637e+000 4.10476202e+001 5.31182019e+001 9.99723052e+001 3.69538046e+001 1.06953269e+003 1.01781422e+003 -4.87214559e+000 -2.38959388e+001 2.55635551e+001 0.00000000e+000 0.00000000e+000 0.00000000e+000 1.00000000e+000
 1.00000000e+000 1.13346879e+001 -2.60015072e+000 4.10579688e+001 5.31076884e+001 9.99700351e+001 3.69428276e+001 1.06950970e+003 1.01782554e+003 -4.90063381e+000 -2.38579903e+001 2.56170653e+001 0.00000000e+000 0.00000000e+000 0.00000000e+000 1.00000000e+000
 1.00000000e+000 1.13664223e+001 -2.66866620e+000 4.10704734e+001 5.31546915e+001 9.99956251e+001 3.69077654e+001 1.06947706e+003 1.01775838e+003 -4.93938026e+000 -2.38150462e+001 2.56446469e+001 0.00000000e+000 0.00000000e+000 0.00000000e+000 1.00000000e+000
 1.00000000e+000 1.13955773e+001 -2.73293302e+000 4.10817177e+001 5.32201726e+001 1.00026042e+002 3.68704650e+001 1.06950036e+003 1.01770070e+003 -4.93496190e+000 -2.38062781e+001 2.56237932e+001 0.00000000e+000 0.00000000e+000 0.00000000e+000 1.00000000e+000
 1.00000000e+000 1.13724166e+001 -2.68587921e+000 4.10660208e+001 5.31971726e+001 1.00010317e+002 3.69042530e+001 1.06953153e+003 1.01774833e+003 -4.89044012e+000 -2.38725551e+001 2.55807374e+001 0.00000000e+000 0.00000000e+000 0.00000000e+000 1.00000000e+000
 1.00000000e+000 1.13649276e+001 -2.68844103e+000 4.10282247e+001 5.31811867e+001 1.00011259e+002 3.69576374e+001 1.06951437e+003 1.01775128e+003 -4.86679514e+000 -2.39033002e+001 2.55616411e+001 0.00000000e+000 0.00000000e+000 0.00000000e+000 1.00000000e+000
 1.00000000e+000 1.13501203e+001 -2.71377600e+000 4.10180417e+001 5.31833146e+001 9.99990029e+001 3.70047747e+001 1.06953120e+003 1.01775701e+003 -4.86796472e+000 -2.39508161e+001 2.55782899e+001 0.00000000e+000 0.00000000e+000 0.00000000e+000 1.00000000e+000
 1.00000000e+000 1.13412832e+001 -2.73253318e+000 4.10566927e+001 5.31598384e+001 9.99685765e+001 3.69948105e+001 1.06955245e+003 1.01774086e+003 -4.86128250e+000 -2.39676058e+001 2.55864148e+001 0.00000000e+000 0.00000000e+000 0.00000000e+000 1.00000000e+000
 1.00000000e+000 1.13602239e+001 -2.75270595e+000 4.10888487e+001 5.31762062e+001 9.99691563e+001 3.69418789e+001 1.06956796e+003 1.01768881e+003 -4.86647307e+000 -2.39582421e+001 2.55509070e+001 0.00000000e+000 0.00000000e+000 0.00000000e+000 1.00000000e+000
 1.00000000e+000 1.13462880e+001 -2.74045790e+000 4.11280131e+001 5.31395924e+001 9.99167240e+001 3.69423018e+001 1.06964933e+003 1.01768048e+003 -4.81004491e+000 -2.40796023e+001 2.54502876e+001 0.00000000e+000 0.00000000e+000 0.00000000e+000 1.00000000e+000
 1.00000000e+000 1.13762356e+001 -2.78702487e+000 4.11833152e+001 5.31466691e+001 9.98781236e+001 3.69155773e+001 1.06972805e+003 1.01763134e+003 -4.78296132e+000 -2.41755563e+001 2.53705282e+001 0.00000000e+000 0.00000000e+000 0.00000000e+000 1.00000000e+000
 1.00000000e+000 1.13546927e+001 -2.74423096e+000 4.11938747e+001 5.31005313e+001 9.98516929e+001 3.69191560e+001 1.06978036e+003 1.01766644e+003 -4.71576028e+000 -2.42357558e+001 2.52962776e+001 0.00000000e+000 0.00000000e+000 0.00000000e+000 1.00000000e+000
 1.00000000e+000 1.13503634e+001 -2.71962179e+000 4.11946161e+001 5.30780584e+001 9.98257928e+001 3.69395227e+001 1.06981903e+003 1.01768685e+003 -4.67731705e+000 -2.43006678e+001 2.52354391e+001 0.00000000e+000 0.00000000e+000 0.00000000e+000 1.00000000e+000
 1.00000000e+000 1.13997000e+001 -2.73304099e+000 4.11997790e+001 5.30982972e+001 9.98385134e+001 3.68886080e+001 1.06989129e+003 1.01762358e+003 -4.57893457e+000 -2.43774302e+001 2.50360398e+001 0.00000000e+000 0.00000000e+000 0.00000000e+000 1.00000000e+000
 1.00000000e+000 1.13541537e+001 -2.56297121e+000 4.12596622e+001 5.29441948e+001 9.97290129e+001 3.68734731e+001 1.06993772e+003 1.01771095e+003 -4.46690780e+000 -2.44829525e+001 2.49251099e+001 0.00000000e+000 0.00000000e+000 0.00000000e+000 1.00000000e+000
 1.00000000e+000 1.10644733e+001 -2.18204597e+000 4.12255385e+001 5.26047520e+001 9.94389702e+001 3.72732278e+001 1.06989797e+003 1.01818728e+003 -4.54036601e+000 -2.46891888e+001 2.52822386e+001 0.00000000e+000 0.00000000e+000 0.00000000e+000 1.00000000e+000
 1.00000000e+000 1.11119511e+001 -2.24525111e+000 4.12602458e+001 5.26666452e+001 9.94276896e+001 3.72483534e+001 1.06998025e+003 1.01813978e+003 -4.51880426e+000 -2.47723376e+001 2.52106165e+001 0.00000000e+000 0.00000000e+000 0.00000000e+000 1.00000000e+000
 1.00000000e+000 1.11716708e+001 -2.27807922e+000 4.12116640e+001 5.26361650e+001 9.94502884e+001 3.72515049e+001 1.06991105e+003 1.01803188e+003 -4.44102172e+000 -2.48050462e+001 2.50606936e+001 1.00000000e+000 0.00000000e+000 0.00000000e+000 0.00000000e+000
 1.00000000e+000 1.11831943e+001 -2.27384413e+000 4.12101359e+001 5.25789158e+001 9.94319054e+001 3.72555943e+001 1.06985453e+003 1.01798761e+003 -4.42553409e+000 -2.48055163e+001 2.50348677e+001 1.00000000e+000 0.00000000e+000 0.00000000e+000 0.00000000e+000
 1.00000000e+000 1.11681123e+001 -2.19402195e+000 4.11696704e+001 5.24946316e+001 9.93982709e+001 3.73137794e+001 1.06985208e+003 1.01801429e+003 -4.32259910e+000 -2.49200014e+001 2.49026490e+001 0.00000000e+000 0.00000000e+000 0.00000000e+000 1.00000000e+000
 1.00000000e+000 1.12089282e+001 -2.12272586e+000 4.11294741e+001 5.24130804e+001 9.94011745e+001 3.72953572e+001 1.06980890e+003 1.01797285e+003 -4.20544549e+000 -2.49804186e+001 2.46961292e+001 1.00000000e+000 0.00000000e+000 0.00000000e+000 0.00000000e+000
 1.00000000e+000 1.11284395e+001 -1.94990702e+000 4.10280976e+001 5.22424420e+001 9.93480996e+001 3.74446689e+001 1.06983476e+003 1.01809493e+003 -4.03728921e+000 -2.51945417e+001 2.45007477e+001 0.00000000e+000 0.00000000e+000 0.00000000e+000 1.00000000e+000
 1.00000000e+000 1.11238950e+001 -1.86677949e+000 4.09871294e+001 5.21653854e+001 9.93312002e+001 3.74805750e+001 1.06980547e+003 1.01812003e+003 -3.97037210e+000 -2.52595472e+001 2.44015322e+001 1.00000000e+000 0.00000000e+000 0.00000000e+000 0.00000000e+000
 1.00000000e+000 1.09565099e+001 -1.48399309e+000 4.09677246e+001 5.18368958e+001 9.91246034e+001 3.76700326e+001 1.06982105e+003 1.01844638e+003 -3.84249551e+000 -2.54760489e+001 2.43704983e+001 0.00000000e+000 0.00000000e+000 0.00000000e+000 1.00000000e+000
 1.00000000e+000 1.08793006e+001 -1.35791307e+000 4.08922968e+001 5.17281050e+001 9.90839340e+001 3.78014913e+001 1.06983173e+003 1.01856378e+003 -3.75124155e+000 -2.56225993e+001 2.42842576e+001 0.00000000e+000 0.00000000e+000 0.00000000e+000 1.00000000e+000
 1.00000000e+000 1.08725408e+001 -1.39544004e+000 4.08906252e+001 5.17612491e+001 9.90989836e+001 3.78100150e+001 1.06985336e+003 1.01856197e+003 -3.75480250e+000 -2.56426431e+001 2.42979079e+001 0.00000000e+000 0.00000000e+000 0.00000000e+000 1.00000000e+000
 1.00000000e+000 1.08791686e+001 -1.39550160e+000 4.09554066e+001 5.17147460e+001 9.90565366e+001 3.77546239e+001 1.06990042e+003 1.01852887e+003 -3.69491043e+000 -2.56682165e+001 2.42359136e+001 0.00000000e+000 0.00000000e+000 0.00000000e+000 1.00000000e+000
 1.00000000e+000 1.09005131e+001 -1.43917239e+000 4.10013655e+001 5.17291761e+001 9.90629765e+001 3.76829597e+001 1.06990933e+003 1.01846207e+003 -3.68353780e+000 -2.56241417e+001 2.42200194e+001 0.00000000e+000 1.00000000e+000 0.00000000e+000 0.00000000e+000
 1.00000000e+000 1.08921645e+001 -1.42793028e+000 4.10332864e+001 5.16794133e+001 9.90433305e+001 3.76465352e+001 1.06993694e+003 1.01844095e+003 -3.61975719e+000 -2.56511748e+001 2.41462872e+001 0.00000000e+000 0.00000000e+000 0.00000000e+000 1.00000000e+000
 1.00000000e+000 1.08811596e+001 -1.34027177e+000 4.10234226e+001 5.15854047e+001 9.90088093e+001 3.76552281e+001 1.06994550e+003 1.01846317e+003 -3.50921488e+000 -2.57235281e+001 2.40113881e+001 0.00000000e+000 0.00000000e+000 0.00000000e+000 1.00000000e+000
 1.00000000e+000 1.08550814e+001 -1.33831762e+000 4.09769279e+001 5.15755152e+001 9.89992289e+001 3.77397092e+001 1.06998410e+003 1.01848398e+003 -3.45757867e+000 -2.58355131e+001 2.39475608e+001 0.00000000e+000 0.00000000e+000 0.00000000e+000 1.00000000e+000
 1.00000000e+000 1.09069584e+001 -1.42282032e+000 4.10082762e+001 5.16280203e+001 9.90231937e+001 3.76736427e+001 1.06998357e+003 1.01838651e+003 -3.45868673e+000 -2.58073790e+001 2.39084301e+001 0.00000000e+000 0.00000000e+000 0.00000000e+000 1.00000000e+000
 1.00000000e+000 1.08742101e+001 -1.37776785e+000 4.10083445e+001 5.15275496e+001 9.89765098e+001 3.77127105e+001 1.06999323e+003 1.01841166e+003 -3.37667823e+000 -2.58874768e+001 2.38444809e+001 0.00000000e+000 0.00000000e+000 0.00000000e+000 1.00000000e+000
 1.00000000e+000 1.08750472e+001 -1.34388181e+000 4.10002146e+001 5.14838006e+001 9.89648998e+001 3.77168359e+001 1.06997821e+003 1.01841459e+003 -3.33618758e+000 -2.59057588e+001 2.37950194e+001 0.00000000e+000 0.00000000e+000 0.00000000e+000 1.00000000e+000
 1.00000000e+000 1.07417484e+001 -1.19963898e+000 4.09249890e+001 5.13541584e+001 9.88694793e+001 3.79521952e+001 1.06994626e+003 1.01862997e+003 -3.36993036e+000 -2.60174896e+001 2.39532570e+001 0.00000000e+000 0.00000000e+000 0.00000000e+000 1.00000000e+000
 1.00000000e+000 1.07975857e+001 -1.26858842e+000 4.09679268e+001 5.13997090e+001 9.88974466e+001 3.78620397e+001 1.06991003e+003 1.01854799e+003 -3.41092885e+000 -2.59081987e+001 2.39872583e+001 1.00000000e+000 0.00000000e+000 0.00000000e+000 0.00000000e+000
 1.00000000e+000 1.07538482e+001 -1.14781382e+000 4.09536000e+001 5.12624213e+001 9.88394766e+001 3.79114003e+001 1.06987081e+003 1.01862700e+003 -3.36959957e+000 -2.59414989e+001 2.39654696e+001 1.00000000e+000 0.00000000e+000 0.00000000e+000 0.00000000e+000
 1.00000000e+000 1.07345946e+001 -1.08796120e+000 4.09449768e+001 5.12159665e+001 9.88298992e+001 3.79173201e+001 1.06985247e+003 1.01866935e+003 -3.34709682e+000 -2.59408098e+001 2.39504388e+001 0.00000000e+000 0.00000000e+000 0.00000000e+000 1.00000000e+000
 1.00000000e+000 1.07583374e+001 -1.10050695e+000 4.09262189e+001 5.12347084e+001 9.88608723e+001 3.78962225e+001 1.06985275e+003 1.01863382e+003 -3.31368922e+000 -2.59500437e+001 2.38766792e+001 0.00000000e+000 0.00000000e+000 0.00000000e+000 1.00000000e+000
 1.00000000e+000 1.07436250e+001 -1.06647357e+000 4.09087812e+001 5.11761702e+001 9.88349026e+001 3.79401204e+001 1.06982269e+003 1.01865370e+003 -3.30197633e+000 -2.59861770e+001 2.38642869e+001 0.00000000e+000 0.00000000e+000 0.00000000e+000 1.00000000e+000
 1.00000000e+000 1.07254757e+001 -1.03483508e+000 4.08661614e+001 5.11323060e+001 9.88270805e+001 3.79996198e+001 1.06980280e+003 1.01867777e+003 -3.26601028e+000 -2.60347526e+001 2.38268614e+001 0.00000000e+000 0.00000000e+000 0.00000000e+000 1.00000000e+000
 1.00000000e+000 1.06504167e+001 -9.92853457e-001 4.08337248e+001 5.11028315e+001 9.87797721e+001 3.81342361e+001 1.06979737e+003 1.01878996e+003 -3.32303899e+000 -2.60786700e+001 2.39703603e+001 0.00000000e+000 0.00000000e+000 0.00000000e+000 1.00000000e+000
 1.00000000e+000 1.06671406e+001 -1.03901101e+000 4.08470151e+001 5.11261587e+001 9.88099623e+001 3.80880870e+001 1.06975885e+003 1.01874029e+003 -3.35206799e+000 -2.59963736e+001 2.40092566e+001 0.00000000e+000 1.00000000e+000 0.00000000e+000 0.00000000e+000
 1.00000000e+000 1.06552699e+001 -9.45523605e-001 4.08666199e+001 5.10258384e+001 9.87793336e+001 3.80482485e+001 1.06970850e+003 1.01875626e+003 -3.30957835e+000 -2.59528844e+001 2.39632050e+001 1.00000000e+000 0.00000000e+000 0.00000000e+000 0.00000000e+000
 1.00000000e+000 1.06597084e+001 -9.01262777e-001 4.08591078e+001 5.09682017e+001 9.87857090e+001 3.80157551e+001 1.06966543e+003 1.01874354e+003 -3.25413412e+000 -2.59080391e+001 2.38963188e+001 1.00000000e+000 0.00000000e+000 0.00000000e+000 0.00000000e+000
 1.00000000e+000 1.06486387e+001 -8.44412053e-001 4.08047463e+001 5.08641433e+001 9.87655425e+001 3.80773429e+001 1.06966481e+003 1.01876140e+003 -3.14904119e+000 -2.59979172e+001 2.37551998e+001 0.00000000e+000 1.00000000e+000 0.00000000e+000 0.00000000e+000
 1.00000000e+000 1.06074402e+001 -7.63147841e-001 4.07654300e+001 5.07765443e+001 9.87392474e+001 3.81422656e+001 1.06963679e+003 1.01882458e+003 -3.10581897e+000 -2.60266979e+001 2.37355461e+001 0.00000000e+000 0.00000000e+000 0.00000000e+000 1.00000000e+000
 1.00000000e+000 1.05658859e+001 -6.73238591e-001 4.07412833e+001 5.06838496e+001 9.87012036e+001 3.81929514e+001 1.06962351e+003 1.01888258e+003 -3.05402990e+000 -2.60867129e+001 2.36855529e+001 0.00000000e+000 0.00000000e+000 0.00000000e+000 1.00000000e+000
 1.00000000e+000 1.04408213e+001 -5.28771419e-001 4.07234442e+001 5.05794699e+001 9.86096809e+001 3.83395861e+001 1.06959688e+003 1.01907322e+003 -3.12443981e+000 -2.61104188e+001 2.38871770e+001 0.00000000e+000 0.00000000e+000 0.00000000e+000 1.00000000e+000
 1.00000000e+000 1.04387016e+001 -5.64928148e-001 4.07522093e+001 5.06041749e+001 9.85925728e+001 3.83416672e+001 1.06960426e+003 1.01906460e+003 -3.17745244e+000 -2.60944224e+001 2.39723218e+001 0.00000000e+000 0.00000000e+000 0.00000000e+000 1.00000000e+000
 1.00000000e+000 1.04855190e+001 -6.25562113e-001 4.08479409e+001 5.06930066e+001 9.86275971e+001 3.81687197e+001 1.06965689e+003 1.01897371e+003 -3.20993687e+000 -2.59826853e+001 2.39735105e+001 0.00000000e+000 0.00000000e+000 0.00000000e+000 1.00000000e+000
 1.00000000e+000 1.05662517e+001 -6.95371918e-001 4.08762181e+001 5.07516798e+001 9.86860786e+001 3.80442434e+001 1.06955488e+003 1.01884315e+003 -3.27262846e+000 -2.58004803e+001 2.40164151e+001 0.00000000e+000 1.00000000e+000 0.00000000e+000 0.00000000e+000
 1.00000000e+000 1.06160876e+001 -7.20942700e-001 4.09190165e+001 5.07569338e+001 9.86954056e+001 3.79534381e+001 1.06949841e+003 1.01876388e+003 -3.29337099e+000 -2.57027325e+001 2.40273261e+001 0.00000000e+000 0.00000000e+000 0.00000000e+000 1.00000000e+000
 1.00000000e+000 1.06272298e+001 -7.01148382e-001 4.09371083e+001 5.07261681e+001 9.86879046e+001 3.79175108e+001 1.06943824e+003 1.01874444e+003 -3.31979103e+000 -2.56160611e+001 2.40749701e+001 0.00000000e+000 0.00000000e+000 0.00000000e+000 1.00000000e+000
 1.00000000e+000 1.05832919e+001 -5.90075363e-001 4.09174737e+001 5.06004543e+001 9.86543658e+001 3.79447107e+001 1.06939386e+003 1.01880645e+003 -3.26525890e+000 -2.56281105e+001 2.40413942e+001 1.00000000e+000 0.00000000e+000 0.00000000e+000 0.00000000e+000
 1.00000000e+000 1.06179306e+001 -5.98475347e-001 4.09432863e+001 5.05862050e+001 9.86679440e+001 3.78702509e+001 1.06933889e+003 1.01874900e+003 -3.27801790e+000 -2.55416112e+001 2.40413147e+001 0.00000000e+000 1.00000000e+000 0.00000000e+000 0.00000000e+000
 1.00000000e+000 1.06933211e+001 -6.40641637e-001 4.09643764e+001 5.06370830e+001 9.87269443e+001 3.77414696e+001 1.06931561e+003 1.01863981e+003 -3.24894969e+000 -2.54551120e+001 2.39383962e+001 0.00000000e+000 1.00000000e+000 0.00000000e+000 0.00000000e+000
 1.00000000e+000 1.07141859e+001 -6.25809035e-001 4.09718917e+001 5.06039663e+001 9.87310565e+001 3.77019899e+001 1.06925277e+003 1.01860876e+003 -3.24946409e+000 -2.53814408e+001 2.39469732e+001 0.00000000e+000 1.00000000e+000 0.00000000e+000 0.00000000e+000
 1.00000000e+000 1.07163695e+001 -5.96916865e-001 4.09182804e+001 5.05597928e+001 9.87451987e+001 3.77371552e+001 1.06917855e+003 1.01859806e+003 -3.22099477e+000 -2.53844750e+001 2.39059482e+001 0.00000000e+000 1.00000000e+000 0.00000000e+000 0.00000000e+000
 1.00000000e+000 1.06939281e+001 -5.59858712e-001 4.08824797e+001 5.04852231e+001 9.87406370e+001 3.77712886e+001 1.06915271e+003 1.01859921e+003 -3.14804777e+000 -2.54294057e+001 2.38243916e+001 1.00000000e+000 0.00000000e+000 0.00000000e+000 0.00000000e+000
 1.00000000e+000 1.06203926e+001 -4.48995041e-001 4.08224678e+001 5.03356775e+001 9.86788024e+001 3.78991241e+001 1.06915508e+003 1.01868256e+003 -3.02638933e+000 -2.55945899e+001 2.37126472e+001 1.00000000e+000 0.00000000e+000 0.00000000e+000 0.00000000e+000
 1.00000000e+000 1.05882195e+001 -4.32930623e-001 4.07810197e+001 5.03175916e+001 9.86581222e+001 3.79936092e+001 1.06916778e+003 1.01872721e+003 -2.99104229e+000 -2.56963677e+001 2.36962628e+001 0.00000000e+000 1.00000000e+000 0.00000000e+000 0.00000000e+000
 1.00000000e+000 1.05965862e+001 -4.56256407e-001 4.07492126e+001 5.03548617e+001 9.86653504e+001 3.80458328e+001 1.06915331e+003 1.01872852e+003 -3.02505667e+000 -2.57170902e+001 2.37281341e+001 0.00000000e+000 1.00000000e+000 0.00000000e+000 0.00000000e+000
 1.00000000e+000 1.05951328e+001 -4.42795652e-001 4.07218185e+001 5.03458310e+001 9.86405735e+001 3.81113547e+001 1.06919997e+003 1.01875411e+003 -2.97526400e+000 -2.58343295e+001 2.36553344e+001 0.00000000e+000 1.00000000e+000 0.00000000e+000 0.00000000e+000
 1.00000000e+000 1.06247315e+001 -4.80884988e-001 4.06651589e+001 5.03655925e+001 9.86703821e+001 3.81534452e+001 1.06921284e+003 1.01871560e+003 -2.92555429e+000 -2.59224749e+001 2.35530056e+001 0.00000000e+000 1.00000000e+000 0.00000000e+000 0.00000000e+000
 1.00000000e+000 1.06690862e+001 -4.79802649e-001 4.06613913e+001 5.03418190e+001 9.86945700e+001 3.80906826e+001 1.06924477e+003 1.01865875e+003 -2.82036022e+000 -2.59724159e+001 2.33650171e+001 0.00000000e+000 1.00000000e+000 0.00000000e+000 0.00000000e+000
 1.00000000e+000 1.06589886e+001 -3.80430399e-001 4.06912333e+001 5.02191923e+001 9.86157049e+001 3.80949381e+001 1.06930462e+003 1.01871292e+003 -2.69414134e+000 -2.60992881e+001 2.32242253e+001 0.00000000e+000 1.00000000e+000 0.00000000e+000 0.00000000e+000
 1.00000000e+000 1.06397719e+001 -3.32623719e-001 4.06320823e+001 5.02129401e+001 9.86084188e+001 3.81803713e+001 1.06939733e+003 1.01878510e+003 -2.58328210e+000 -2.62699549e+001 2.30803580e+001 1.00000000e+000 0.00000000e+000 0.00000000e+000 0.00000000e+000
 1.00000000e+000 1.06384217e+001 -2.57702679e-001 4.05999514e+001 5.01519860e+001 9.85798558e+001 3.82190220e+001 1.06950185e+003 1.01882678e+003 -2.41479027e+000 -2.64650427e+001 2.28329667e+001 1.00000000e+000 0.00000000e+000 0.00000000e+000 0.00000000e+000
 1.00000000e+000 1.05969716e+001 -1.26960043e-001 4.05916893e+001 5.00197099e+001 9.85106712e+001 3.82631609e+001 1.06961891e+003 1.01891904e+003 -2.22450187e+000 -2.66884872e+001 2.25931354e+001 0.00000000e+000 0.00000000e+000 0.00000000e+000 1.00000000e+000
 1.00000000e+000 1.05448371e+001 3.72997444e-002 4.05989977e+001 4.98466907e+001 9.84320065e+001 3.82811015e+001 1.06968739e+003 1.01901844e+003 -2.05230447e+000 -2.68334856e+001 2.24024922e+001 0.00000000e+000 0.00000000e+000 0.00000000e+000 1.00000000e+000
 1.00000000e+000 1.04527426e+001 2.13413986e-001 4.05724999e+001 4.96910219e+001 9.83212820e+001 3.84121834e+001 1.06983344e+003 1.01919300e+003 -1.84732649e+000 -2.71208775e+001 2.21941504e+001 0.00000000e+000 0.00000000e+000 0.00000000e+000 1.00000000e+000
 1.00000000e+000 1.03609950e+001 3.81888301e-001 4.05552486e+001 4.95439487e+001 9.82185260e+001 3.85261184e+001 1.06997960e+003 1.01936395e+003 -1.67232922e+000 -2.73824344e+001 2.20145305e+001 0.00000000e+000 0.00000000e+000 0.00000000e+000 1.00000000e+000
 1.00000000e+000 1.02664561e+001 5.48117551e-001 4.04878326e+001 4.94038132e+001 9.80970076e+001 3.87438171e+001 1.07013394e+003 1.01956520e+003 -1.48762749e+000 -2.77373147e+001 2.18307801e+001 1.00000000e+000 0.00000000e+000 0.00000000e+000 0.00000000e+000
 1.00000000e+000 1.01452918e+001 7.86041019e-001 4.04412107e+001 4.91852472e+001 9.79520238e+001 3.89294898e+001 1.07027346e+003 1.01979088e+003 -1.25545185e+000 -2.80932993e+001 2.16036851e+001 0.00000000e+000 1.00000000e+000 0.00000000e+000 0.00000000e+000
 1.00000000e+000 1.00930789e+001 8.97267348e-001 4.04363308e+001 4.90838818e+001 9.78764208e+001 3.89979308e+001 1.07039092e+003 1.01989069e+003 -1.09805157e+000 -2.83155506e+001 2.14281387e+001 0.00000000e+000 0.00000000e+000 0.00000000e+000 1.00000000e+000
 1.00000000e+000 1.00912851e+001 9.34588602e-001 4.04498893e+001 4.90570761e+001 9.78534299e+001 3.89856234e+001 1.07047956e+003 1.01990828e+003 -9.92150990e-001 -2.84254922e+001 2.12798739e+001 0.00000000e+000 0.00000000e+000 0.00000000e+000 1.00000000e+000
 1.00000000e+000 1.00640948e+001 9.88565273e-001 4.04362929e+001 4.90062123e+001 9.78142451e+001 3.90401843e+001 1.07053909e+003 1.01996553e+003 -9.15800747e-001 -2.85532193e+001 2.11894839e+001 0.00000000e+000 0.00000000e+000 0.00000000e+000 1.00000000e+000
 1.00000000e+000 1.00713293e+001 1.03095353e+000 4.04324192e+001 4.89710512e+001 9.77841975e+001 3.90550057e+001 1.07063604e+003 1.01998911e+003 -7.89470712e-001 -2.87027114e+001 2.10085666e+001 0.00000000e+000 0.00000000e+000 0.00000000e+000 1.00000000e+000
 1.00000000e+000 1.00613243e+001 1.08121874e+000 4.03877568e+001 4.89381190e+001 9.77604337e+001 3.91261309e+001 1.07073733e+003 1.02003499e+003 -6.56943117e-001 -2.89055842e+001 2.08083123e+001 0.00000000e+000 0.00000000e+000 0.00000000e+000 1.00000000e+000
 1.00000000e+000 1.00742227e+001 1.09215548e+000 4.03783994e+001 4.89444878e+001 9.77473661e+001 3.91434242e+001 1.07085857e+003 1.02005096e+003 -5.46831528e-001 -2.90657282e+001 2.06311774e+001 0.00000000e+000 0.00000000e+000 0.00000000e+000 1.00000000e+000
 1.00000000e+000 1.00516648e+001 1.15575220e+000 4.03626652e+001 4.88981336e+001 9.76920929e+001 3.92183609e+001 1.07094873e+003 1.02012766e+003 -4.56076570e-001 -2.92351930e+001 2.05150563e+001 0.00000000e+000 0.00000000e+000 0.00000000e+000 1.00000000e+000
 1.00000000e+000 1.00349423e+001 1.22139822e+000 4.03168616e+001 4.88640177e+001 9.76647385e+001 3.92934611e+001 1.07105324e+003 1.02018838e+003 -3.30278212e-001 -2.94326140e+001 2.03242977e+001 0.00000000e+000 0.00000000e+000 0.00000000e+000 1.00000000e+000
 1.00000000e+000 9.97705051e+000 1.31733589e+000 4.02679869e+001 4.87898987e+001 9.75857858e+001 3.94441838e+001 1.07120446e+003 1.02031578e+003 -1.70034725e-001 -2.97421175e+001 2.01338109e+001 0.00000000e+000 0.00000000e+000 0.00000000e+000 1.00000000e+000
 1.00000000e+000 9.94493475e+000 1.48415387e+000 4.02586832e+001 4.86265128e+001 9.74809010e+001 3.95082355e+001 1.07132344e+003 1.02040800e+003 6.50948885e-002 -3.00237398e+001 1.98344835e+001 0.00000000e+000 1.00000000e+000 0.00000000e+000 0.00000000e+000
 1.00000000e+000 9.91777513e+000 1.61174038e+000 4.02446799e+001 4.85254822e+001 9.74123715e+001 3.95594857e+001 1.07145260e+003 1.02049514e+003 2.63300814e-001 -3.02688683e+001 1.95754950e+001 0.00000000e+000 0.00000000e+000 0.00000000e+000 1.00000000e+000
 1.00000000e+000 9.83525759e+000 1.85507273e+000 4.02885932e+001 4.83002890e+001 9.72636999e+001 3.95978949e+001 1.07158521e+003 1.02067589e+003 4.75421340e-001 -3.05094579e+001 1.93597531e+001 0.00000000e+000 0.00000000e+000 0.00000000e+000 1.00000000e+000
 1.00000000e+000 9.79059585e+000 2.02117742e+000 4.02417319e+001 4.81494039e+001 9.71866049e+001 3.96896063e+001 1.07167300e+003 1.02078433e+003 6.88781463e-001 -3.07503461e+001 1.90910079e+001 1.00000000e+000 0.00000000e+000 0.00000000e+000 0.00000000e+000
 1.00000000e+000 9.68098067e+000 2.28153749e+000 4.02013357e+001 4.78969552e+001 9.70556141e+001 3.98252073e+001 1.07173201e+003 1.02097622e+003 8.85543524e-001 -3.09966501e+001 1.88884276e+001 1.00000000e+000 0.00000000e+000 0.00000000e+000 0.00000000e+000
 1.00000000e+000 9.56095172e+000 2.52733608e+000 4.01256449e+001 4.76839427e+001 9.69273708e+001 4.00253311e+001 1.07183780e+003 1.02119025e+003 1.09664408e+000 -3.13341711e+001 1.86614739e+001 0.00000000e+000 0.00000000e+000 0.00000000e+000 1.00000000e+000
 1.00000000e+000 9.47184873e+000 2.75466045e+000 4.00901356e+001 4.74682910e+001 9.68027338e+001 4.01460149e+001 1.07194518e+003 1.02134238e+003 1.33049177e+000 -3.16480963e+001 1.83777225e+001 0.00000000e+000 1.00000000e+000 0.00000000e+000 0.00000000e+000
 1.00000000e+000 9.41424134e+000 2.89170179e+000 4.00623976e+001 4.73582921e+001 9.67162156e+001 4.02492658e+001 1.07206717e+003 1.02145329e+003 1.51158749e+000 -3.19269810e+001 1.81598312e+001 0.00000000e+000 0.00000000e+000 0.00000000e+000 1.00000000e+000
 1.00000000e+000 9.41284497e+000 2.95367599e+000 4.00467883e+001 4.73081083e+001 9.66780574e+001 4.02783821e+001 1.07216851e+003 1.02146816e+003 1.67534262e+000 -3.21351392e+001 1.79209550e+001 0.00000000e+000 0.00000000e+000 0.00000000e+000 1.00000000e+000
 1.00000000e+000 9.39322190e+000 3.06090298e+000 4.00497612e+001 4.72120961e+001 9.65986272e+001 4.03221471e+001 1.07224996e+003 1.02151878e+003 1.82858648e+000 -3.23268603e+001 1.77218720e+001 0.00000000e+000 0.00000000e+000 0.00000000e+000 1.00000000e+000
 1.00000000e+000 9.38043870e+000 3.14651589e+000 4.00171772e+001 4.71626469e+001 9.65602326e+001 4.03799746e+001 1.07232907e+003 1.02157424e+003 1.96299380e+000 -3.25094545e+001 1.75302535e+001 0.00000000e+000 0.00000000e+000 0.00000000e+000 1.00000000e+000
 1.00000000e+000 9.33921130e+000 3.26179633e+000 3.99741569e+001 4.70751225e+001 9.65029106e+001 4.04751890e+001 1.07240837e+003 1.02166825e+003 2.09356301e+000 -3.27067981e+001 1.73614315e+001 0.00000000e+000 0.00000000e+000 0.00000000e+000 1.00000000e+000
 1.00000000e+000 9.20617972e+000 3.63317354e+000 3.99960825e+001 4.67220263e+001 9.62979307e+001 4.05694289e+001 1.07250748e+003 1.02192037e+003 2.36613417e+000 -3.30018783e+001 1.71036614e+001 0.00000000e+000 0.00000000e+000 0.00000000e+000 1.00000000e+000
 1.00000000e+000 9.11273459e+000 3.82999849e+000 3.99478702e+001 4.65563388e+001 9.61801356e+001 4.07321080e+001 1.07258892e+003 1.02208644e+003 2.53090726e+000 -3.32743017e+001 1.69358945e+001 0.00000000e+000 0.00000000e+000 0.00000000e+000 1.00000000e+000
 1.00000000e+000 9.03089661e+000 4.01928263e+000 3.99114349e+001 4.64000519e+001 9.60694693e+001 4.08698132e+001 1.07265699e+003 1.02224594e+003 2.66825671e+000 -3.35033602e+001 1.67970752e+001 0.00000000e+000 0.00000000e+000 0.00000000e+000 1.00000000e+000
 1.00000000e+000 8.97213922e+000 4.09779843e+000 3.99178769e+001 4.63080353e+001 9.60139752e+001 4.09149514e+001 1.07274480e+003 1.02232684e+003 2.76629522e+000 -3.36442627e+001 1.67001297e+001 0.00000000e+000 0.00000000e+000 0.00000000e+000 1.00000000e+000
 1.00000000e+000 8.95835340e+000 4.12304554e+000 3.99007438e+001 4.62698081e+001 9.60070648e+001 4.09353783e+001 1.07275035e+003 1.02233799e+003 2.81062990e+000 -3.36858817e+001 1.66504831e+001 0.00000000e+000 0.00000000e+000 0.00000000e+000 1.00000000e+000
 1.00000000e+000 8.93609358e+000 4.15787743e+000 3.99907792e+001 4.62269811e+001 9.59001767e+001 4.09419402e+001 1.07281732e+003 1.02238691e+003 2.79805082e+000 -3.37738668e+001 1.66926361e+001 0.00000000e+000 0.00000000e+000 0.00000000e+000 1.00000000e+000
 1.00000000e+000 8.95293116e+000 4.12477042e+000 3.99954024e+001 4.62690463e+001 9.59350449e+001 4.08994582e+001 1.07278899e+003 1.02234451e+003 2.78023208e+000 -3.37104689e+001 1.67141136e+001 0.00000000e+000 0.00000000e+000 0.00000000e+000 1.00000000e+000
 1.00000000e+000 8.96888036e+000 4.10420143e+000 4.00144490e+001 4.63027332e+001 9.59543874e+001 4.08523604e+001 1.07275259e+003 1.02229859e+003 2.77656340e+000 -3.36639591e+001 1.67232221e+001 0.00000000e+000 0.00000000e+000 0.00000000e+000 1.00000000e+000
 1.00000000e+000 8.95779271e+000 4.16271827e+000 4.00013260e+001 4.62558420e+001 9.59297029e+001 4.08751728e+001 1.07274333e+003 1.02231844e+003 2.83084826e+000 -3.37147807e+001 1.66612791e+001 0.00000000e+000 0.00000000e+000 0.00000000e+000 1.00000000e+000
 1.00000000e+000 8.95989929e+000 4.17259750e+000 3.99862959e+001 4.62566701e+001 9.59386547e+001 4.08778095e+001 1.07275788e+003 1.02231605e+003 2.87257162e+000 -3.37484914e+001 1.66057857e+001 0.00000000e+000 0.00000000e+000 0.00000000e+000 1.00000000e+000
 1.00000000e+000 8.91698536e+000 4.28345217e+000 3.99567018e+001 4.61785879e+001 9.58968815e+001 4.09366733e+001 1.07279475e+003 1.02239883e+003 2.96982378e+000 -3.38758807e+001 1.64980830e+001 0.00000000e+000 0.00000000e+000 0.00000000e+000 1.00000000e+000
 1.00000000e+000 8.95078405e+000 4.28462440e+000 3.99313985e+001 4.61707176e+001 9.58982851e+001 4.09469780e+001 1.07277501e+003 1.02236029e+003 3.01841418e+000 -3.39359425e+001 1.63998320e+001 0.00000000e+000 0.00000000e+000 0.00000000e+000 1.00000000e+000
 1.00000000e+000 8.95869312e+000 4.34115481e+000 3.99190166e+001 4.61078630e+001 9.58799073e+001 4.09410930e+001 1.07281464e+003 1.02235449e+003 3.15499169e+000 -3.40591078e+001 1.61933807e+001 1.00000000e+000 0.00000000e+000 0.00000000e+000 0.00000000e+000
 1.00000000e+000 8.97675896e+000 4.40901939e+000 3.99368874e+001 4.60384440e+001 9.58319391e+001 4.09247592e+001 1.07282460e+003 1.02235632e+003 3.25013931e+000 -3.41289744e+001 1.60616189e+001 0.00000000e+000 0.00000000e+000 0.00000000e+000 1.00000000e+000
 1.00000000e+000 8.96018067e+000 4.39278076e+000 3.99234321e+001 4.60526454e+001 9.58241404e+001 4.09742009e+001 1.07286735e+003 1.02238393e+003 3.25314176e+000 -3.42052306e+001 1.60736743e+001 0.00000000e+000 0.00000000e+000 0.00000000e+000 1.00000000e+000
 1.00000000e+000 8.97771661e+000 4.35962818e+000 3.99214164e+001 4.60827401e+001 9.58194327e+001 4.09859177e+001 1.07296122e+003 1.02236525e+003 3.33516170e+000 -3.43301356e+001 1.59502940e+001 0.00000000e+000 0.00000000e+000 0.00000000e+000 1.00000000e+000
 1.00000000e+000 8.99234006e+000 4.33224665e+000 3.98785340e+001 4.61321322e+001 9.58355736e+001 4.10338439e+001 1.07302208e+003 1.02235539e+003 3.39368727e+000 -3.44443894e+001 1.58428591e+001 0.00000000e+000 0.00000000e+000 0.00000000e+000 1.00000000e+000
 1.00000000e+000 8.95870622e+000 4.36364283e+000 3.98362352e+001 4.61220792e+001 9.58106163e+001 4.11325146e+001 1.07307995e+003 1.02242314e+003 3.43059589e+000 -3.45760234e+001 1.58082208e+001 0.00000000e+000 0.00000000e+000 0.00000000e+000 1.00000000e+000
 1.00000000e+000 8.96193871e+000 4.39189404e+000 3.98133656e+001 4.61216429e+001 9.57984575e+001 4.11695455e+001 1.07312078e+003 1.02245158e+003 3.48891404e+000 -3.46599656e+001 1.57346279e+001 0.00000000e+000 0.00000000e+000 0.00000000e+000 1.00000000e+000
 1.00000000e+000 9.00565830e+000 4.33222939e+000 3.98120663e+001 4.61949702e+001 9.58215499e+001 4.11535648e+001 1.07316377e+003 1.02240025e+003 3.50578927e+000 -3.46929213e+001 1.56788901e+001 0.00000000e+000 0.00000000e+000 0.00000000e+000 1.00000000e+000
 1.00000000e+000 9.02090067e+000 4.30951864e+000 3.97811234e+001 4.62352424e+001 9.58515631e+001 4.11636289e+001 1.07320862e+003 1.02238512e+003 3.56198561e+000 -3.47741461e+001 1.55758617e+001 0.00000000e+000 0.00000000e+000 0.00000000e+000 1.00000000e+000
 1.00000000e+000 9.06008863e+000 4.24150161e+000 3.97675296e+001 4.63108663e+001 9.58919594e+001 4.11497579e+001 1.07323771e+003 1.02233661e+003 3.56095324e+000 -3.47901847e+001 1.55367759e+001 0.00000000e+000 0.00000000e+000 0.00000000e+000 1.00000000e+000
 1.00000000e+000 9.11268489e+000 4.16301685e+000 3.97644156e+001 4.63912102e+001 9.59424317e+001 4.11066629e+001 1.07323918e+003 1.02226892e+003 3.54147880e+000 -3.47558323e+001 1.55167859e+001 0.00000000e+000 0.00000000e+000 0.00000000e+000 1.00000000e+000
 1.00000000e+000 9.11008432e+000 4.15786530e+000 3.97595940e+001 4.63654208e+001 9.59365320e+001 4.11141137e+001 1.07329599e+003 1.02226046e+003 3.62208326e+000 -3.48349788e+001 1.54121772e+001 0.00000000e+000 0.00000000e+000 0.00000000e+000 1.00000000e+000
 1.00000000e+000 9.06943057e+000 4.21942287e+000 3.97637126e+001 4.62943040e+001 9.58698678e+001 4.11813413e+001 1.07336255e+003 1.02233650e+003 3.69088414e+000 -3.49735720e+001 1.53513908e+001 0.00000000e+000 0.00000000e+000 0.00000000e+000 1.00000000e+000
 1.00000000e+000 9.01677133e+000 4.29444550e+000 3.97029985e+001 4.62249927e+001 9.58379299e+001 4.12956200e+001 1.07342873e+003 1.02242831e+003 3.80047519e+000 -3.51641846e+001 1.52216622e+001 0.00000000e+000 0.00000000e+000 0.00000000e+000 1.00000000e+000
 1.00000000e+000 9.01653003e+000 4.31615867e+000 3.96362257e+001 4.62256242e+001 9.58548679e+001 4.13615307e+001 1.07345508e+003 1.02245814e+003 3.86252632e+000 -3.52692040e+001 1.51171895e+001 0.00000000e+000 0.00000000e+000 0.00000000e+000 1.00000000e+000
 1.00000000e+000 9.02506486e+000 4.30040115e+000 3.96105540e+001 4.62318576e+001 9.58828158e+001 4.13613623e+001 1.07345461e+003 1.02243580e+003 3.89325670e+000 -3.52719914e+001 1.50702469e+001 0.00000000e+000 0.00000000e+000 0.00000000e+000 1.00000000e+000
 1.00000000e+000 9.05740856e+000 4.24436445e+000 3.95562994e+001 4.63052225e+001 9.59234665e+001 4.14065036e+001 1.07342932e+003 1.02240305e+003 3.85945060e+000 -3.52840964e+001 1.50783981e+001 0.00000000e+000 0.00000000e+000 0.00000000e+000 1.00000000e+000
 1.00000000e+000 9.07249588e+000 4.28124221e+000 3.95859309e+001 4.62569081e+001 9.59118088e+001 4.13454450e+001 1.07344286e+003 1.02239043e+003 3.92547023e+000 -3.52835097e+001 1.49941474e+001 0.00000000e+000 0.00000000e+000 0.00000000e+000 1.00000000e+000
 1.00000000e+000 9.04728004e+000 4.39027937e+000 3.95957815e+001 4.61532307e+001 9.58578706e+001 4.13536809e+001 1.07350109e+003 1.02246099e+003 4.04417857e+000 -3.53905134e+001 1.48614904e+001 0.00000000e+000 0.00000000e+000 0.00000000e+000 1.00000000e+000
 1.00000000e+000 8.67317563e+000 4.93869962e+000 3.94595779e+001 4.56392185e+001 9.55361103e+001 4.18829934e+001 1.07344182e+003 1.02306195e+003 4.10911297e+000 -3.57067895e+001 1.50933670e+001 0.00000000e+000 0.00000000e+000 0.00000000e+000 1.00000000e+000
 1.00000000e+000 8.61633973e+000 4.99750891e+000 3.93655783e+001 4.56008616e+001 9.55430928e+001 4.20068731e+001 1.07345773e+003 1.02314377e+003 4.15641365e+000 -3.58260620e+001 1.50415824e+001 0.00000000e+000 0.00000000e+000 0.00000000e+000 1.00000000e+000
 1.00000000e+000 8.63452147e+000 4.95173287e+000 3.93533149e+001 4.56407208e+001 9.55565935e+001 4.20236309e+001 1.07345427e+003 1.02311724e+003 4.13679159e+000 -3.58315309e+001 1.50575029e+001 0.00000000e+000 0.00000000e+000 0.00000000e+000 1.00000000e+000
 1.00000000e+000 8.65643037e+000 4.92616330e+000 3.93252772e+001 4.56600497e+001 9.55783377e+001 4.20354812e+001 1.07345006e+003 1.02309088e+003 4.15941899e+000 -3.58578513e+001 1.50039912e+001 0.00000000e+000 0.00000000e+000 0.00000000e+000 1.00000000e+000
 1.00000000e+000 8.70463383e+000 4.89941340e+000 3.93391758e+001 4.56356432e+001 9.56211965e+001 4.19293588e+001 1.07342495e+003 1.02298839e+003 4.20977351e+000 -3.57955495e+001 1.48889360e+001 0.00000000e+000 1.00000000e+000 0.00000000e+000 0.00000000e+000
 1.00000000e+000 8.70083546e+000 4.89284451e+000 3.92913675e+001 4.56735643e+001 9.56629556e+001 4.19601532e+001 1.07334576e+003 1.02299322e+003 4.16302521e+000 -3.57280917e+001 1.49677296e+001 1.00000000e+000 0.00000000e+000 0.00000000e+000 0.00000000e+000
 1.00000000e+000 8.71321826e+000 4.86257787e+000 3.92799094e+001 4.56950836e+001 9.56851574e+001 4.19565247e+001 1.07330809e+003 1.02296198e+003 4.15053297e+000 -3.56920934e+001 1.49848393e+001 0.00000000e+000 0.00000000e+000 0.00000000e+000 1.00000000e+000
 1.00000000e+000 8.72789420e+000 4.81543101e+000 3.92171106e+001 4.57172750e+001 9.57364015e+001 4.19923903e+001 1.07325070e+003 1.02291812e+003 4.16399782e+000 -3.56828462e+001 1.49643785e+001 0.00000000e+000 0.00000000e+000 0.00000000e+000 1.00000000e+000
 1.00000000e+000 8.67245546e+000 4.85120966e+000 3.91832854e+001 4.56800588e+001 9.57214925e+001 4.20718370e+001 1.07319123e+003 1.02297474e+003 4.12632050e+000 -3.56693293e+001 1.50617410e+001 0.00000000e+000 0.00000000e+000 0.00000000e+000 1.00000000e+000
 1.00000000e+000 8.66663745e+000 4.84541981e+000 3.91667336e+001 4.57424572e+001 9.57552525e+001 4.20696208e+001 1.07321929e+003 1.02298828e+003 4.11542570e+000 -3.56605757e+001 1.50643780e+001 0.00000000e+000 0.00000000e+000 0.00000000e+000 1.00000000e+000
 1.00000000e+000 8.64092289e+000 4.83484794e+000 3.91129007e+001 4.57853926e+001 9.57889467e+001 4.21331952e+001 1.07318343e+003 1.02301584e+003 4.08824605e+000 -3.56782489e+001 1.51073975e+001 0.00000000e+000 0.00000000e+000 0.00000000e+000 1.00000000e+000
 1.00000000e+000 8.62251189e+000 4.77611035e+000 3.90490224e+001 4.58395833e+001 9.58227209e+001 4.22251011e+001 1.07318120e+003 1.02302399e+003 4.05540704e+000 -3.57233617e+001 1.51541872e+001 0.00000000e+000 0.00000000e+000 0.00000000e+000 1.00000000e+000
 1.00000000e+000 8.64063685e+000 4.70251718e+000 3.90323663e+001 4.59097250e+001 9.58581839e+001 4.22339885e+001 1.07317254e+003 1.02297989e+003 4.03093471e+000 -3.57032791e+001 1.51786968e+001 0.00000000e+000 0.00000000e+000 0.00000000e+000 1.00000000e+000
 1.00000000e+000 8.62378435e+000 4.70613649e+000 3.90153722e+001 4.59291026e+001 9.58592582e+001 4.22782948e+001 1.07317606e+003 1.02302694e+003 4.02277458e+000 -3.57271369e+001 1.52094059e+001 0.00000000e+000 0.00000000e+000 0.00000000e+000 1.00000000e+000
 1.00000000e+000 8.54921005e+000 4.81403407e+000 3.90069905e+001 4.58457530e+001 9.58093922e+001 4.23344176e+001 1.07326006e+003 1.02313961e+003 4.12314428e+000 -3.58547545e+001 1.51257882e+001 0.00000000e+000 0.00000000e+000 0.00000000e+000 1.00000000e+000
 1.00000000e+000 8.55314841e+000 4.79147329e+000 3.89825001e+001 4.58787999e+001 9.58150633e+001 4.23774063e+001 1.07327973e+003 1.02314820e+003 4.12264125e+000 -3.59061546e+001 1.51162528e+001 0.00000000e+000 0.00000000e+000 0.00000000e+000 1.00000000e+000
 1.00000000e+000 8.54845541e+000 4.79287785e+000 3.89627357e+001 4.58668335e+001 9.58075844e+001 4.24140033e+001 1.07329818e+003 1.02315520e+003 4.15916074e+000 -3.59686174e+001 1.50699159e+001 0.00000000e+000 0.00000000e+000 0.00000000e+000 1.00000000e+000
 1.00000000e+000 8.56119836e+000 4.75785915e+000 3.89306801e+001 4.58934927e+001 9.58129164e+001 4.24597389e+001 1.07335184e+003 1.02313581e+003 4.21997746e+000 -3.60863932e+001 1.49672465e+001 0.00000000e+000 0.00000000e+000 0.00000000e+000 1.00000000e+000
 1.00000000e+000 8.51251083e+000 4.85650314e+000 3.89259053e+001 4.58066985e+001 9.57412845e+001 4.25300138e+001 1.07342813e+003 1.02322204e+003 4.32510464e+000 -3.62583676e+001 1.48521854e+001 0.00000000e+000 0.00000000e+000 0.00000000e+000 1.00000000e+000
 1.00000000e+000 8.48420182e+000 4.93075016e+000 3.89237584e+001 4.57353132e+001 9.56925430e+001 4.25664853e+001 1.07347915e+003 1.02326960e+003 4.41001534e+000 -3.63800214e+001 1.47398576e+001 0.00000000e+000 0.00000000e+000 0.00000000e+000 1.00000000e+000
 1.00000000e+000 8.47394190e+000 4.96529143e+000 3.88724463e+001 4.56939415e+001 9.56909281e+001 4.26188086e+001 1.07353622e+003 1.02328554e+003 4.53358671e+000 -3.65193994e+001 1.45684241e+001 0.00000000e+000 0.00000000e+000 0.00000000e+000 1.00000000e+000
 1.00000000e+000 8.53703460e+000 4.87073049e+000 3.88695728e+001 4.57650969e+001 9.57441703e+001 4.25619338e+001 1.07352803e+003 1.02317140e+003 4.55113736e+000 -3.64947343e+001 1.45016058e+001 0.00000000e+000 0.00000000e+000 0.00000000e+000 1.00000000e+000
 1.00000000e+000 8.59979679e+000 4.78815821e+000 3.88747581e+001 4.58413853e+001 9.57892805e+001 4.25046920e+001 1.07350914e+003 1.02307147e+003 4.54305286e+000 -3.64571932e+001 1.44711937e+001 0.00000000e+000 0.00000000e+000 0.00000000e+000 1.00000000e+000
 1.00000000e+000 8.68391037e+000 4.68252692e+000 3.88910636e+001 4.59418781e+001 9.58422324e+001 4.24252615e+001 1.07349373e+003 1.02295113e+003 4.52712330e+000 -3.63899163e+001 1.44437122e+001 0.00000000e+000 0.00000000e+000 0.00000000e+000 1.00000000e+000
 1.00000000e+000 8.72541109e+000 4.63498182e+000 3.88974958e+001 4.59737380e+001 9.58605413e+001 4.23920695e+001 1.07350107e+003 1.02289035e+003 4.55598496e+000 -3.63915059e+001 1.43835699e+001 0.00000000e+000 0.00000000e+000 0.00000000e+000 1.00000000e+000
 1.00000000e+000 8.69434843e+000 4.69623342e+000 3.88577139e+001 4.59349318e+001 9.58360457e+001 4.24674497e+001 1.07355900e+003 1.02296468e+003 4.63351246e+000 -3.65281770e+001 1.42891550e+001 0.00000000e+000 0.00000000e+000 0.00000000e+000 1.00000000e+000
 1.00000000e+000 8.67291826e+000 4.66872178e+000 3.88103144e+001 4.59802356e+001 9.58333645e+001 4.25697783e+001 1.07364192e+003 1.02300732e+003 4.68259311e+000 -3.66541745e+001 1.42474382e+001 0.00000000e+000 0.00000000e+000 0.00000000e+000 1.00000000e+000
 1.00000000e+000 8.65768323e+000 4.68494026e+000 3.87637434e+001 4.59552459e+001 9.58275983e+001 4.26371358e+001 1.07368932e+003 1.02302897e+003 4.78179520e+000 -3.67770542e+001 1.41301916e+001 0.00000000e+000 0.00000000e+000 0.00000000e+000 1.00000000e+000
 1.00000000e+000 8.65638554e+000 4.69841564e+000 3.87304387e+001 4.59545153e+001 9.57993749e+001 4.27189977e+001 1.07371647e+003 1.02305736e+003 4.82333033e+000 -3.68964621e+001 1.40716320e+001 0.00000000e+000 0.00000000e+000 0.00000000e+000 1.00000000e+000
 1.00000000e+000 8.63488071e+000 4.72983169e+000 3.86914778e+001 4.59202843e+001 9.57725938e+001 4.27979229e+001 1.07376780e+003 1.02309185e+003 4.91068627e+000 -3.70574696e+001 1.39580094e+001 0.00000000e+000 0.00000000e+000 0.00000000e+000 1.00000000e+000
 1.00000000e+000 8.64150977e+000 4.71677717e+000 3.86718680e+001 4.59242645e+001 9.57601824e+001 4.28393895e+001 1.07377781e+003 1.02306962e+003 4.95567305e+000 -3.71306735e+001 1.38984423e+001 0.00000000e+000 0.00000000e+000 0.00000000e+000 1.00000000e+000
 1.00000000e+000 8.61934758e+000 4.74596019e+000 3.86356390e+001 4.58947536e+001 9.57153647e+001 4.29410025e+001 1.07381092e+003 1.02310250e+003 5.02205603e+000 -3.72969716e+001 1.38177368e+001 0.00000000e+000 0.00000000e+000 1.00000000e+000 0.00000000e+000
 1.00000000e+000 8.61627463e+000 4.75021616e+000 3.85903026e+001 4.58880286e+001 9.57012619e+001 4.30212474e+001 1.07383676e+003 1.02311879e+003 5.08150387e+000 -3.74302522e+001 1.37340315e+001 0.00000000e+000 0.00000000e+000 0.00000000e+000 1.00000000e+000
 1.00000000e+000 8.61544234e+000 4.73787693e+000 3.85528524e+001 4.59279429e+001 9.57231993e+001 4.30583951e+001 1.07386128e+003 1.02312529e+003 5.09621076e+000 -3.74843006e+001 1.36964442e+001 0.00000000e+000 0.00000000e+000 0.00000000e+000 1.00000000e+000
 1.00000000e+000 8.63100168e+000 4.71874244e+000 3.85296864e+001 4.59349293e+001 9.57303430e+001 4.30808424e+001 1.07387291e+003 1.02310685e+003 5.13221853e+000 -3.75389792e+001 1.36340522e+001 0.00000000e+000 0.00000000e+000 0.00000000e+000 1.00000000e+000
 1.00000000e+000 8.63248200e+000 4.71112972e+000 3.85242409e+001 4.59270683e+001 9.57191287e+001 4.31050637e+001 1.07387830e+003 1.02311064e+003 5.15663727e+000 -3.75667920e+001 1.36162776e+001 0.00000000e+000 0.00000000e+000 0.00000000e+000 1.00000000e+000
 1.00000000e+000 8.56927950e+000 4.79467872e+000 3.84703234e+001 4.58471564e+001 9.56739922e+001 4.32287390e+001 1.07392526e+003 1.02321669e+003 5.22476181e+000 -3.77202828e+001 1.35561815e+001 0.00000000e+000 0.00000000e+000 0.00000000e+000 1.00000000e+000
 1.00000000e+000 8.53456728e+000 4.83533056e+000 3.84446596e+001 4.57880972e+001 9.56286569e+001 4.33193838e+001 1.07396006e+003 1.02328169e+003 5.27235142e+000 -3.78353105e+001 1.35198764e+001 0.00000000e+000 0.00000000e+000 0.00000000e+000 1.00000000e+000
 1.00000000e+000 8.55867219e+000 4.80290086e+000 3.84020369e+001 4.57818777e+001 9.56266677e+001 4.33783088e+001 1.07402161e+003 1.02326155e+003 5.36100911e+000 -3.79914367e+001 1.33651034e+001 0.00000000e+000 0.00000000e+000 0.00000000e+000 1.00000000e+000
 1.00000000e+000 8.54087143e+000 4.84760634e+000 3.83599221e+001 4.57274205e+001 9.55985274e+001 4.34581562e+001 1.07404377e+003 1.02330590e+003 5.43179945e+000 -3.81137487e+001 1.32772246e+001 0.00000000e+000 0.00000000e+000 0.00000000e+000 1.00000000e+000
 1.00000000e+000 8.52344154e+000 4.88018321e+000 3.83345885e+001 4.56888408e+001 9.55708735e+001 4.35183342e+001 1.07409476e+003 1.02334275e+003 5.50917793e+000 -3.82391739e+001 1.31806851e+001 0.00000000e+000 0.00000000e+000 0.00000000e+000 1.00000000e+000
 1.00000000e+000 8.49822424e+000 4.96363580e+000 3.83161029e+001 4.56203257e+001 9.55285220e+001 4.35653344e+001 1.07417324e+003 1.02340550e+003 5.62361654e+000 -3.83974118e+001 1.30251800e+001 0.00000000e+000 0.00000000e+000 0.00000000e+000 1.00000000e+000
 1.00000000e+000 8.48164259e+000 5.00138060e+000 3.82820945e+001 4.55708923e+001 9.55016530e+001 4.36336709e+001 1.07424150e+003 1.02344964e+003 5.72299083e+000 -3.85593139e+001 1.28878598e+001 0.00000000e+000 0.00000000e+000 1.00000000e+000 0.00000000e+000
 1.00000000e+000 8.45192159e+000 5.08261711e+000 3.82267064e+001 4.54857378e+001 9.54589303e+001 4.37365198e+001 1.07430034e+003 1.02352302e+003 5.84466389e+000 -3.87481455e+001 1.27293578e+001 0.00000000e+000 0.00000000e+000 1.00000000e+000 0.00000000e+000
 1.00000000e+000 8.47052329e+000 5.08331082e+000 3.81809680e+001 4.54767239e+001 9.54673295e+001 4.37736846e+001 1.07433314e+003 1.02350389e+003 5.93135641e+000 -3.88611356e+001 1.25798171e+001 0.00000000e+000 0.00000000e+000 0.00000000e+000 1.00000000e+000
 1.00000000e+000 8.46831930e+000 5.09848128e+000 3.81084100e+001 4.54458334e+001 9.54794745e+001 4.38448781e+001 1.07434162e+003 1.02350129e+003 6.03371779e+000 -3.89826718e+001 1.24381828e+001 0.00000000e+000 0.00000000e+000 0.00000000e+000 1.00000000e+000
 1.00000000e+000 8.44228583e+000 5.11888780e+000 3.80683756e+001 4.54351597e+001 9.54805012e+001 4.39033593e+001 1.07436279e+003 1.02354120e+003 6.07524680e+000 -3.90448124e+001 1.24123706e+001 0.00000000e+000 0.00000000e+000 0.00000000e+000 1.00000000e+000
 1.00000000e+000 8.42202781e+000 5.13715951e+000 3.80830518e+001 4.54222150e+001 9.54252985e+001 4.39548047e+001 1.07446791e+003 1.02359003e+003 6.14204328e+000 -3.91917479e+001 1.23430295e+001 0.00000000e+000 0.00000000e+000 0.00000000e+000 1.00000000e+000
 1.00000000e+000 8.39769849e+000 5.17611378e+000 3.81147754e+001 4.54275415e+001 9.53625835e+001 4.40045510e+001 1.07456765e+003 1.02369109e+003 6.17635141e+000 -3.93189644e+001 1.23277588e+001 0.00000000e+000 0.00000000e+000 0.00000000e+000 1.00000000e+000
 1.00000000e+000 8.45336882e+000 5.13349308e+000 3.81243365e+001 4.54358341e+001 9.53312520e+001 4.40113272e+001 1.07463792e+003 1.02361611e+003 6.26406882e+000 -3.94536111e+001 1.21535973e+001 0.00000000e+000 0.00000000e+000 0.00000000e+000 1.00000000e+000
 1.00000000e+000 8.48200153e+000 5.10958382e+000 3.81160743e+001 4.54643413e+001 9.53537597e+001 4.39889909e+001 1.07467152e+003 1.02357688e+003 6.30638574e+000 -3.94945880e+001 1.20568433e+001 0.00000000e+000 0.00000000e+000 0.00000000e+000 1.00000000e+000
 1.00000000e+000 8.48478409e+000 5.13015366e+000 3.80978830e+001 4.54256232e+001 9.53251922e+001 4.40301628e+001 1.07469192e+003 1.02357020e+003 6.37612902e+000 -3.95997448e+001 1.19530193e+001 0.00000000e+000 0.00000000e+000 0.00000000e+000 1.00000000e+000
 1.00000000e+000 8.39382581e+000 5.25211816e+000 3.80604497e+001 4.53019474e+001 9.52216124e+001 4.41949832e+001 1.07476177e+003 1.02370540e+003 6.47048358e+000 -3.98363016e+001 1.18784255e+001 0.00000000e+000 0.00000000e+000 0.00000000e+000 1.00000000e+000
 1.00000000e+000 8.35145652e+000 5.30977287e+000 3.80096969e+001 4.52432936e+001 9.51704981e+001 4.43233582e+001 1.07479624e+003 1.02377702e+003 6.54148853e+000 -4.00204113e+001 1.17962907e+001 0.00000000e+000 0.00000000e+000 0.00000000e+000 1.00000000e+000
 1.00000000e+000 8.34165090e+000 5.35508301e+000 3.79772525e+001 4.51933125e+001 9.51410226e+001 4.43839495e+001 1.07480585e+003 1.02380081e+003 6.60904237e+000 -4.01239077e+001 1.17077958e+001 0.00000000e+000 0.00000000e+000 0.00000000e+000 0.00000000e+000
 1.00000000e+000 8.28025185e+000 5.43328105e+000 3.79122254e+001 4.51216280e+001 9.51165652e+001 4.44947152e+001 1.07482233e+003 1.02388515e+003 6.68068808e+000 -4.02490952e+001 1.16503457e+001 0.00000000e+000 0.00000000e+000 0.00000000e+000 1.00000000e+000
 1.00000000e+000 8.23801152e+000 5.48675579e+000 3.79249788e+001 4.50581628e+001 9.50580192e+001 4.45395962e+001 1.07486624e+003 1.02393606e+003 6.73332932e+000 -4.03509134e+001 1.16135806e+001 0.00000000e+000 0.00000000e+000 0.00000000e+000 1.00000000e+000
 1.00000000e+000 8.20198922e+000 5.54341411e+000 3.79179515e+001 4.50087287e+001 9.49880051e+001 4.46265333e+001 1.07491861e+003 1.02399186e+003 6.79661042e+000 -4.05097436e+001 1.15479642e+001 0.00000000e+000 0.00000000e+000 0.00000000e+000 1.00000000e+000
 1.00000000e+000 8.15975344e+000 5.66443318e+000 3.79146235e+001 4.48764110e+001 9.48902130e+001 4.47031001e+001 1.07501053e+003 1.02406757e+003 6.98009338e+000 -4.07508210e+001 1.13361365e+001 0.00000000e+000 0.00000000e+000 1.00000000e+000 0.00000000e+000
 1.00000000e+000 8.16301467e+000 5.68840596e+000 3.78730091e+001 4.48514083e+001 9.48703275e+001 4.47654490e+001 1.07508040e+003 1.02406927e+003 7.10892881e+000 -4.09456081e+001 1.11376274e+001 0.00000000e+000 1.00000000e+000 0.00000000e+000 1.00000000e+000
 1.00000000e+000 8.13375295e+000 5.75886974e+000 3.78426555e+001 4.47721424e+001 9.48107413e+001 4.48560168e+001 1.07513502e+003 1.02412071e+003 7.22894687e+000 -4.11331696e+001 1.09936885e+001 0.00000000e+000 0.00000000e+000 0.00000000e+000 1.00000000e+000
 1.00000000e+000 8.10208649e+000 5.87864196e+000 3.78670619e+001 4.46492856e+001 9.46846540e+001 4.49271624e+001 1.07525863e+003 1.02419776e+003 7.38387333e+000 -4.13969826e+001 1.07873573e+001 0.00000000e+000 0.00000000e+000 1.00000000e+000 0.00000000e+000
 1.00000000e+000 8.00890123e+000 6.05306942e+000 3.78535568e+001 4.44789998e+001 9.45442586e+001 4.50765552e+001 1.07540227e+003 1.02436394e+003 7.55896868e+000 -4.17216779e+001 1.05963760e+001 0.00000000e+000 0.00000000e+000 1.00000000e+000 0.00000000e+000
 1.00000000e+000 7.93672575e+000 6.19688624e+000 3.78404225e+001 4.43193932e+001 9.44215342e+001 4.52038210e+001 1.07553168e+003 1.02449746e+003 7.74998604e+000 -4.20280233e+001 1.03848641e+001 0.00000000e+000 0.00000000e+000 1.00000000e+000 0.00000000e+000
 1.00000000e+000 7.96399822e+000 6.20155093e+000 3.78025168e+001 4.43232660e+001 9.44335086e+001 4.52229509e+001 1.07558564e+003 1.02448231e+003 7.85120305e+000 -4.21541220e+001 1.02113596e+001 0.00000000e+000 0.00000000e+000 0.00000000e+000 1.00000000e+000
 1.00000000e+000 7.98338209e+000 6.21071537e+000 3.78023625e+001 4.43092394e+001 9.44325660e+001 4.52055497e+001 1.07557807e+003 1.02446267e+003 7.88105727e+000 -4.21532955e+001 1.01626117e+001 0.00000000e+000 0.00000000e+000 0.00000000e+000 1.00000000e+000
 1.00000000e+000 7.90951080e+000 6.36250196e+000 3.77828344e+001 4.41575853e+001 9.43176402e+001 4.53360834e+001 1.07564277e+003 1.02459945e+003 7.99035642e+000 -4.23769795e+001 1.00546847e+001 0.00000000e+000 0.00000000e+000 0.00000000e+000 0.00000000e+000
 1.00000000e+000 7.84871085e+000 6.47560599e+000 3.77353504e+001 4.40499481e+001 9.42630410e+001 4.54416430e+001 1.07566692e+003 1.02469615e+003 8.07561987e+000 -4.25253540e+001 9.95918327e+000 0.00000000e+000 0.00000000e+000 1.00000000e+000 0.00000000e+000
 1.00000000e+000 7.81988816e+000 6.52686671e+000 3.76291841e+001 4.40038939e+001 9.42830241e+001 4.55482885e+001 1.07567951e+003 1.02473811e+003 8.17702652e+000 -4.26795996e+001 9.81204542e+000 0.00000000e+000 0.00000000e+000 0.00000000e+000 1.00000000e+000
 1.00000000e+000 7.88887933e+000 6.42557094e+000 3.76070336e+001 4.41040409e+001 9.43608392e+001 4.54974230e+001 1.07565951e+003 1.02464171e+003 8.18443273e+000 -4.26075296e+001 9.77824552e+000 0.00000000e+000 0.00000000e+000 0.00000000e+000 1.00000000e+000
 1.00000000e+000 7.98554654e+000 6.30525107e+000 3.75892302e+001 4.42187684e+001 9.44793477e+001 4.53817836e+001 1.07556781e+003 1.02448871e+003 8.12621720e+000 -4.24264260e+001 9.79626372e+000 0.00000000e+000 0.00000000e+000 0.00000000e+000 1.00000000e+000
 1.00000000e+000 8.05220057e+000 6.20554949e+000 3.75907855e+001 4.43170081e+001 9.45892741e+001 4.52561278e+001 1.07545459e+003 1.02436452e+003 8.03169052e+000 -4.21778289e+001 9.89910711e+000 0.00000000e+000 0.00000000e+000 0.00000000e+000 1.00000000e+000
 1.00000000e+000 8.10883437e+000 6.12290924e+000 3.75903363e+001 4.43888212e+001 9.46528264e+001 4.51915457e+001 1.07533868e+003 1.02427104e+003 7.92609410e+000 -4.19808929e+001 1.00226109e+001 0.00000000e+000 0.00000000e+000 0.00000000e+000 1.00000000e+000
 1.00000000e+000 8.18548498e+000 5.99409633e+000 3.76147500e+001 4.44987869e+001 9.47515593e+001 4.50524341e+001 1.07526224e+003 1.02411977e+003 7.85521172e+000 -4.17691491e+001 1.00844575e+001 0.00000000e+000 0.00000000e+000 0.00000000e+000 1.00000000e+000
 1.00000000e+000 8.25387419e+000 5.90304843e+000 3.76409397e+001 4.45745936e+001 9.47956175e+001 4.49710927e+001 1.07516852e+003 1.02400721e+003 7.76902466e+000 -4.15964167e+001 1.01791121e+001 0.00000000e+000 0.00000000e+000 0.00000000e+000 1.00000000e+000
 1.00000000e+000 8.26407644e+000 5.86996420e+000 3.76324751e+001 4.46083773e+001 9.48296027e+001 4.49520006e+001 1.07513862e+003 1.02397811e+003 7.74109321e+000 -4.15347871e+001 1.02161551e+001 0.00000000e+000 0.00000000e+000 0.00000000e+000 1.00000000e+000
 1.00000000e+000 8.26777734e+000 5.80400138e+000 3.75821745e+001 4.46741652e+001 9.48768640e+001 4.50003660e+001 1.07505936e+003 1.02395324e+003 7.64481725e+000 -4.14417626e+001 1.03538539e+001 0.00000000e+000 0.00000000e+000 0.00000000e+000 1.00000000e+000
 1.00000000e+000 8.29175032e+000 5.68415635e+000 3.75754992e+001 4.47990479e+001 9.49260110e+001 4.50059279e+001 1.07504395e+003 1.02390285e+003 7.55088096e+000 -4.13712181e+001 1.04758264e+001 0.00000000e+000 0.00000000e+000 0.00000000e+000 1.00000000e+000
 1.00000000e+000 8.33123906e+000 5.60027114e+000 3.75678747e+001 4.48830975e+001 9.49676436e+001 4.49895332e+001 1.07501225e+003 1.02383350e+003 7.50146938e+000 -4.13238044e+001 1.05198145e+001 0.00000000e+000 0.00000000e+000 0.00000000e+000 1.00000000e+000
 1.00000000e+000 8.36746977e+000 5.55380573e+000 3.75906026e+001 4.49344376e+001 9.49903953e+001 4.49359151e+001 1.07495398e+003 1.02377350e+003 7.42701004e+000 -4.11945697e+001 1.06123839e+001 0.00000000e+000 0.00000000e+000 0.00000000e+000 1.00000000e+000
 1.00000000e+000 8.39728243e+000 5.50935672e+000 3.75888344e+001 4.49771703e+001 9.50194071e+001 4.49090425e+001 1.07492241e+003 1.02372340e+003 7.39484593e+000 -4.11453288e+001 1.06321318e+001 0.00000000e+000 0.00000000e+000 0.00000000e+000 1.00000000e+000
 1.00000000e+000 8.44702587e+000 5.43624393e+000 3.76024171e+001 4.50472835e+001 9.50683565e+001 4.48412383e+001 1.07485350e+003 1.02363893e+003 7.32421835e+000 -4.10131368e+001 1.07026685e+001 0.00000000e+000 0.00000000e+000 0.00000000e+000 1.00000000e+000
 1.00000000e+000 8.47141671e+000 5.42510948e+000 3.76054043e+001 4.50662368e+001 9.50718643e+001 4.48280149e+001 1.07482904e+003 1.02361510e+003 7.30565218e+000 -4.09845117e+001 1.07123445e+001 0.00000000e+000 0.00000000e+000 0.00000000e+000 1.00000000e+000
 1.00000000e+000 8.50630576e+000 5.41044596e+000 3.76352014e+001 4.50891972e+001 9.50608608e+001 4.47898501e+001 1.07486064e+003 1.02358236e+003 7.33284049e+000 -4.10059963e+001 1.06524241e+001 0.00000000e+000 0.00000000e+000 0.00000000e+000 1.00000000e+000
 1.00000000e+000 8.42689127e+000 5.49701240e+000 3.76290478e+001 4.50084424e+001 9.49972865e+001 4.48791646e+001 1.07490021e+003 1.02370116e+003 7.35681555e+000 -4.11018188e+001 1.06805407e+001 0.00000000e+000 0.00000000e+000 1.00000000e+000 0.00000000e+000
 1.00000000e+000 8.35971076e+000 5.55970654e+000 3.75827370e+001 4.49607151e+001 9.49472510e+001 4.50133596e+001 1.07501109e+003 1.02381481e+003 7.44776509e+000 -4.13271196e+001 1.05844373e+001 0.00000000e+000 0.00000000e+000 1.00000000e+000 0.00000000e+000
 1.00000000e+000 8.35735357e+000 5.54537395e+000 3.76090894e+001 4.49713922e+001 9.49139396e+001 4.50291987e+001 1.07507509e+003 1.02383139e+003 7.46040192e+000 -4.14004258e+001 1.05688472e+001 0.00000000e+000 0.00000000e+000 0.00000000e+000 1.00000000e+000
 1.00000000e+000 8.37828133e+000 5.55266181e+000 3.76555334e+001 4.49528655e+001 9.48650638e+001 4.50076528e+001 1.07514142e+003 1.02382351e+003 7.51781823e+000 -4.14820242e+001 1.04850395e+001 0.00000000e+000 0.00000000e+000 0.00000000e+000 1.00000000e+000
 1.00000000e+000 8.43041963e+000 5.48061570e+000 3.76563042e+001 4.50143236e+001 9.49112072e+001 4.49548690e+001 1.07512545e+003 1.02373929e+003 7.49800842e+000 -4.14394221e+001 1.04656742e+001 0.00000000e+000 0.00000000e+000 0.00000000e+000 1.00000000e+000
 1.00000000e+000 8.46919372e+000 5.43489933e+000 3.76521108e+001 4.50618272e+001 9.49528202e+001 4.49121247e+001 1.07507585e+003 1.02368127e+003 7.46812745e+000 -4.13524277e+001 1.04963159e+001 0.00000000e+000 0.00000000e+000 0.00000000e+000 1.00000000e+000
 1.00000000e+000 8.52882175e+000 5.34330799e+000 3.76630514e+001 4.51541773e+001 9.50046731e+001 4.48509388e+001 1.07504732e+003 1.02359624e+003 7.40903489e+000 -4.12527356e+001 1.05460658e+001 0.00000000e+000 0.00000000e+000 0.00000000e+000 1.00000000e+000
 1.00000000e+000 8.56131039e+000 5.30312108e+000 3.76634591e+001 4.51946486e+001 9.50312367e+001 4.48189730e+001 1.07502388e+003 1.02354598e+003 7.39605450e+000 -4.12062510e+001 1.05487086e+001 0.00000000e+000 0.00000000e+000 0.00000000e+000 1.00000000e+000
 1.00000000e+000 8.57799135e+000 5.26799978e+000 3.76311938e+001 4.52393387e+001 9.50664430e+001 4.48300624e+001 1.07499263e+003 1.02351052e+003 7.38375976e+000 -4.11838782e+001 1.05539073e+001 0.00000000e+000 0.00000000e+000 1.00000000e+000 0.00000000e+000
 1.00000000e+000 8.59255938e+000 5.27683845e+000 3.76036064e+001 4.52213446e+001 9.50734101e+001 4.48415660e+001 1.07495787e+003 1.02348700e+003 7.43122020e+000 -4.11939630e+001 1.04997006e+001 0.00000000e+000 0.00000000e+000 1.00000000e+000 0.00000000e+000
 1.00000000e+000 8.61027745e+000 5.26205345e+000 3.75896945e+001 4.52465956e+001 9.50728787e+001 4.48613965e+001 1.07497568e+003 1.02347269e+003 7.45080810e+000 -4.12500173e+001 1.04511227e+001 0.00000000e+000 0.00000000e+000 1.00000000e+000 0.00000000e+000
 1.00000000e+000 8.62853512e+000 5.25775663e+000 3.75938207e+001 4.52358839e+001 9.50695875e+001 4.48482612e+001 1.07496126e+003 1.02344852e+003 7.46756712e+000 -4.12360551e+001 1.04290699e+001 0.00000000e+000 0.00000000e+000 1.00000000e+000 0.00000000e+000
 1.00000000e+000 8.62571135e+000 5.25882439e+000 3.75301407e+001 4.52695412e+001 9.50918935e+001 4.49198335e+001 1.07493476e+003 1.02345704e+003 7.43524757e+000 -4.12728534e+001 1.04319590e+001 0.00000000e+000 0.00000000e+000 1.00000000e+000 0.00000000e+000
 1.00000000e+000 8.62700794e+000 5.19519969e+000 3.75452854e+001 4.53709509e+001 9.51258348e+001 4.48983511e+001 1.07496535e+003 1.02344471e+003 7.37112434e+000 -4.12295469e+001 1.05108157e+001 0.00000000e+000 0.00000000e+000 1.00000000e+000 0.00000000e+000
 1.00000000e+000 8.62766066e+000 5.13234458e+000 3.75212508e+001 4.54586144e+001 9.51733369e+001 4.49123773e+001 1.07497122e+003 1.02343402e+003 7.30914239e+000 -4.12121157e+001 1.05735210e+001 0.00000000e+000 0.00000000e+000 1.00000000e+000 0.00000000e+000
 1.00000000e+000 8.64153698e+000 5.12780490e+000 3.75785400e+001 4.54496013e+001 9.51377408e+001 4.48709123e+001 1.07500239e+003 1.02342481e+003 7.31783623e+000 -4.12135285e+001 1.05685034e+001 0.00000000e+000 1.00000000e+000 0.00000000e+000 0.00000000e+000
