 1.00000000e+000 1.72832359e+001 5.81853801e+000 1.12917960e+001 2.74434906e+000 9.37777739e+001 4.32747264e+001 1.01562866e+003 1.01435023e+003 3.18108645e+000 1.18433763e-001 1.44409319e+001 0.00000000e+000 0.00000000e+000 1.00000000e+000 0.00000000e+000
 1.00000000e+000 1.69054345e+001 6.32387615e+000 1.21669598e+001 2.67114549e+000 9.65751850e+001 5.30741965e+001 1.01784102e+003 1.01715124e+003 3.72318494e+000 1.63441737e+000 1.73803288e+001 0.00000000e+000 0.00000000e+000 1.00000000e+000 0.00000000e+000
 1.00000000e+000 1.61614108e+001 5.18746915e+000 1.13352415e+001 2.53679351e+000 9.64897873e+001 4.98163168e+001 1.01929571e+003 1.01814626e+003 3.64691601e+000 1.23481522e+000 1.58722291e+001 0.00000000e+000 0.00000000e+000 1.00000000e+000 0.00000000e+000
 1.00000000e+000 1.65168114e+001 4.56633549e+000 9.47261898e+000 2.64497510e+000 9.65943397e+001 4.40201870e+001 1.01834542e+003 1.01580148e+003 3.27762039e+000 -1.26042228e-001 1.45486350e+001 0.00000000e+000 0.00000000e+000 1.00000000e+000 0.00000000e+000
 1.00000000e+000 1.57726301e+001 4.18240943e+000 1.02861495e+001 1.70437871e+000 9.66925266e+001 4.67858637e+001 1.01650021e+003 1.01475428e+003 3.59907220e+000 4.03337909e-001 1.49504793e+001 0.00000000e+000 0.00000000e+000 1.00000000e+000 0.00000000e+000
 1.00000000e+000 1.60761836e+001 4.90053585e+000 1.05209573e+001 2.72185090e+000 9.73105760e+001 4.91197270e+001 1.01949188e+003 1.01778816e+003 3.50580643e+000 8.70795388e-001 1.55976972e+001 0.00000000e+000 0.00000000e+000 1.00000000e+000 0.00000000e+000
 1.00000000e+000 1.47391871e+001 2.69534887e+000 8.91393772e+000 1.13024578e+000 9.65087105e+001 4.39590875e+001 1.01969867e+003 1.01825728e+003 3.02967030e+000 -1.71149241e-002 1.40968520e+001 0.00000000e+000 0.00000000e+000 1.00000000e+000 0.00000000e+000
 1.00000000e+000 1.73386258e+001 4.44646776e+000 7.67920591e+000 3.64533017e+000 9.80601590e+001 4.15946006e+001 1.01901305e+003 1.01422269e+003 3.60154590e+000 -3.80538314e-001 1.51369963e+001 0.00000000e+000 0.00000000e+000 1.00000000e+000 0.00000000e+000
 1.00000000e+000 1.97760866e+001 5.20322091e+000 8.73235058e+000 2.35572401e+000 9.20014281e+001 3.43003301e+001 1.01790562e+003 1.01364305e+003 4.01305771e+000 3.08588148e-001 1.63345967e+001 0.00000000e+000 0.00000000e+000 1.00000000e+000 0.00000000e+000
 1.00000000e+000 2.14614338e+001 7.28386612e+000 9.51154426e+000 3.80488822e+000 9.45539096e+001 3.75524876e+001 1.01775452e+003 1.01334797e+003 3.14688934e+000 -1.24595207e+000 1.71262263e+001 0.00000000e+000 0.00000000e+000 1.00000000e+000 0.00000000e+000
 1.00000000e+000 2.16294126e+001 7.76285384e+000 1.04777449e+001 4.64380152e+000 9.29853101e+001 3.75774487e+001 1.01784263e+003 1.01376397e+003 3.26692682e+000 -6.00349868e-001 1.69678323e+001 0.00000000e+000 0.00000000e+000 1.00000000e+000 0.00000000e+000
 1.00000000e+000 2.26425842e+001 9.54915387e+000 1.20919506e+001 5.68124512e+000 9.11360940e+001 3.61233867e+001 1.01729561e+003 1.01395553e+003 2.79857690e+000 -1.10800121e+000 1.54736870e+001 0.00000000e+000 0.00000000e+000 1.00000000e+000 0.00000000e+000
 1.00000000e+000 2.27358959e+001 1.25518129e+001 1.49165331e+001 8.27322990e+000 9.24147174e+001 4.52721414e+001 1.01465704e+003 1.01119770e+003 4.29896167e+000 6.99385894e-001 1.71560045e+001 0.00000000e+000 0.00000000e+000 1.00000000e+000 0.00000000e+000
 1.00000000e+000 2.13086947e+001 1.13539216e+001 1.65216447e+001 5.79942903e+000 9.00282248e+001 4.71452653e+001 1.01559433e+003 1.01485312e+003 4.30041976e+000 1.82683791e+000 1.70061564e+001 0.00000000e+000 0.00000000e+000 1.00000000e+000 0.00000000e+000
 1.00000000e+000 2.05803093e+001 8.97879417e+000 1.22054539e+001 6.33450675e+000 9.28834443e+001 3.95923875e+001 1.01598568e+003 1.01189742e+003 4.03088828e+000 -3.61788423e-002 1.47800609e+001 0.00000000e+000 0.00000000e+000 1.00000000e+000 0.00000000e+000
 1.00000000e+000 2.29773965e+001 1.23220018e+001 1.40115772e+001 9.06551088e+000 9.20906141e+001 4.13423301e+001 1.01809847e+003 1.01386253e+003 4.04458675e+000 3.56951908e-001 1.59723923e+001 0.00000000e+000 0.00000000e+000 1.00000000e+000 0.00000000e+000
 1.00000000e+000 2.41270642e+001 1.52224168e+001 1.83567538e+001 1.07937894e+001 9.20716335e+001 5.16727606e+001 1.01768879e+003 1.01575062e+003 4.17621584e+000 2.24780454e+000 1.88653496e+001 0.00000000e+000 0.00000000e+000 1.00000000e+000 0.00000000e+000
 1.00000000e+000 2.28213678e+001 1.16781787e+001 1.77693871e+001 5.71687336e+000 8.87451994e+001 5.18435824e+001 1.01772047e+003 1.01945796e+003 3.06911298e+000 3.09390097e+000 2.12394056e+001 0.00000000e+000 0.00000000e+000 1.00000000e+000 0.00000000e+000
 1.00000000e+000 2.04591095e+001 9.42832431e+000 1.21049076e+001 8.16994995e+000 9.50424754e+001 4.32316869e+001 1.02122714e+003 1.01637542e+003 4.54979086e+000 1.14407161e+000 1.63605839e+001 0.00000000e+000 0.00000000e+000 1.00000000e+000 0.00000000e+000
 1.00000000e+000 1.99293714e+001 7.69913186e+000 1.03208835e+001 6.15338894e+000 9.58153398e+001 4.30385526e+001 1.02071133e+003 1.01566169e+003 4.28963147e+000 7.58651719e-001 1.67601156e+001 0.00000000e+000 0.00000000e+000 1.00000000e+000 0.00000000e+000
 1.00000000e+000 2.05074021e+001 7.10847214e+000 1.03069830e+001 4.73236096e+000 9.46137580e+001 3.89023865e+001 1.02278628e+003 1.01892965e+003 3.07063634e+000 -5.62074105e-001 1.56505756e+001 0.00000000e+000 0.00000000e+000 1.00000000e+000 0.00000000e+000
 1.00000000e+000 1.99385301e+001 6.91357474e+000 1.01197331e+001 5.26860234e+000 9.56810507e+001 4.02446701e+001 1.02278947e+003 1.01873118e+003 2.98728999e+000 -6.08861394e-001 1.51141639e+001 1.00000000e+000 0.00000000e+000 0.00000000e+000 0.00000000e+000
 1.00000000e+000 1.95912810e+001 6.66184778e+000 9.52338836e+000 4.67429766e+000 9.44400296e+001 3.74870518e+001 1.02120413e+003 1.01677631e+003 3.58570483e+000 -2.17912658e-001 1.46313757e+001 0.00000000e+000 1.00000000e+000 0.00000000e+000 0.00000000e+000
 1.00000000e+000 1.99810595e+001 7.49451624e+000 1.00292807e+001 5.28269670e+000 9.47857353e+001 3.94451089e+001 1.02142146e+003 1.01702226e+003 3.57481069e+000 -3.20733039e-001 1.52394221e+001 0.00000000e+000 0.00000000e+000 1.00000000e+000 0.00000000e+000
 1.00000000e+000 2.13472312e+001 7.87278886e+000 9.97065327e+000 4.86607071e+000 9.38057860e+001 3.81936066e+001 1.02087263e+003 1.01577647e+003 4.19341514e+000 3.91588080e-001 1.68999447e+001 0.00000000e+000 0.00000000e+000 1.00000000e+000 0.00000000e+000
 1.00000000e+000 2.06040045e+001 7.76912141e+000 1.06597876e+001 5.66375967e+000 9.51096916e+001 3.87258682e+001 1.02097633e+003 1.01664237e+003 3.19332516e+000 -1.23306274e+000 1.54048732e+001 0.00000000e+000 0.00000000e+000 1.00000000e+000 0.00000000e+000
 1.00000000e+000 2.20403136e+001 9.14414720e+000 1.14725965e+001 6.01585640e+000 9.41201080e+001 3.88691017e+001 1.02027185e+003 1.01599262e+003 3.33350327e+000 -8.17915248e-001 1.62980843e+001 0.00000000e+000 0.00000000e+000 1.00000000e+000 0.00000000e+000
 1.00000000e+000 2.22665418e+001 8.85978914e+000 1.10140859e+001 5.70787389e+000 9.40753736e+001 3.81584956e+001 1.01940348e+003 1.01482105e+003 3.27473391e+000 -5.78700544e-001 1.58083992e+001 0.00000000e+000 0.00000000e+000 1.00000000e+000 0.00000000e+000
 1.00000000e+000 2.25704827e+001 9.90714018e+000 1.13456973e+001 6.05108540e+000 9.35916508e+001 3.86465368e+001 1.01737010e+003 1.01213992e+003 4.11786729e+000 -2.50041838e-001 1.62028238e+001 0.00000000e+000 0.00000000e+000 1.00000000e+000 0.00000000e+000
 1.00000000e+000 2.19057052e+001 1.00726901e+001 1.19221634e+001 6.99592129e+000 9.31798740e+001 3.76376470e+001 1.01849627e+003 1.01373560e+003 3.72337618e+000 -7.43108918e-001 1.43537769e+001 0.00000000e+000 0.00000000e+000 1.00000000e+000 0.00000000e+000
 1.00000000e+000 2.19541463e+001 1.07938569e+001 1.24084627e+001 8.03736374e+000 9.39132711e+001 4.17054000e+001 1.01950553e+003 1.01501503e+003 3.73695285e+000 1.40895565e-002 1.55385414e+001 0.00000000e+000 0.00000000e+000 1.00000000e+000 0.00000000e+000
 1.00000000e+000 2.15376519e+001 1.00217072e+001 1.32789350e+001 6.19674579e+000 9.09709871e+001 3.99132073e+001 1.01948009e+003 1.01662483e+003 3.67522242e+000 3.70645818e-001 1.53368698e+001 0.00000000e+000 0.00000000e+000 1.00000000e+000 0.00000000e+000
 1.00000000e+000 2.38789070e+001 1.37595443e+001 1.45537026e+001 1.10081670e+001 9.25869062e+001 4.16367009e+001 1.01828196e+003 1.01341374e+003 4.14939694e+000 9.17878761e-001 1.54981636e+001 0.00000000e+000 0.00000000e+000 1.00000000e+000 0.00000000e+000
 1.00000000e+000 2.35453737e+001 1.16041041e+001 1.31366019e+001 7.70356117e+000 9.05391143e+001 3.64206526e+001 1.01606025e+003 1.01160355e+003 3.92234932e+000 1.56516460e-001 1.52363999e+001 0.00000000e+000 0.00000000e+000 1.00000000e+000 0.00000000e+000
 1.00000000e+000 2.42076163e+001 1.43899844e+001 1.57516139e+001 1.07011597e+001 8.94791580e+001 4.76057380e+001 1.01703349e+003 1.01464078e+003 3.84338179e+000 2.40174452e+000 2.06717291e+001 0.00000000e+000 0.00000000e+000 1.00000000e+000 0.00000000e+000
 1.00000000e+000 2.38134401e+001 1.42017581e+001 1.81091799e+001 8.87324376e+000 9.02283048e+001 5.24525249e+001 1.01713296e+003 1.01656596e+003 4.05171372e+000 2.90263708e+000 2.09417884e+001 0.00000000e+000 0.00000000e+000 1.00000000e+000 0.00000000e+000
 1.00000000e+000 2.43342181e+001 1.38700534e+001 1.49786149e+001 1.17202180e+001 9.40175250e+001 4.38201443e+001 1.02010695e+003 1.01510508e+003 4.24367581e+000 1.28808088e+000 1.74266177e+001 0.00000000e+000 1.00000000e+000 0.00000000e+000 0.00000000e+000
 1.00000000e+000 2.17794087e+001 9.79477481e+000 1.22237996e+001 7.69452948e+000 9.40456593e+001 4.25763105e+001 1.02054680e+003 1.01674387e+003 3.38137021e+000 4.38744244e-001 1.72640134e+001 0.00000000e+000 0.00000000e+000 0.00000000e+000 1.00000000e+000
 1.00000000e+000 2.22338366e+001 1.01326947e+001 1.32361738e+001 6.87632551e+000 9.37745369e+001 4.33124279e+001 1.01821890e+003 1.01413526e+003 4.07295085e+000 3.13479903e-001 1.76239999e+001 0.00000000e+000 0.00000000e+000 0.00000000e+000 1.00000000e+000
 1.00000000e+000 2.24728234e+001 9.75566053e+000 1.19322893e+001 6.97143705e+000 9.35068828e+001 4.03511106e+001 1.01890127e+003 1.01458102e+003 3.36425933e+000 -8.04530882e-002 1.65824586e+001 0.00000000e+000 0.00000000e+000 1.00000000e+000 0.00000000e+000
 1.00000000e+000 2.22325085e+001 1.00393830e+001 1.19121672e+001 6.99220888e+000 9.23401277e+001 3.78474422e+001 1.01823834e+003 1.01366570e+003 3.90563148e+000 4.60041207e-001 1.52595941e+001 0.00000000e+000 0.00000000e+000 1.00000000e+000 0.00000000e+000
 1.00000000e+000 2.22854775e+001 1.03014089e+001 1.24194482e+001 7.28369563e+000 9.15397467e+001 3.95407209e+001 1.01777821e+003 1.01361403e+003 3.92941277e+000 8.58066833e-001 1.61235281e+001 0.00000000e+000 0.00000000e+000 1.00000000e+000 0.00000000e+000
 1.00000000e+000 2.20856564e+001 9.62636241e+000 1.19398510e+001 6.38279841e+000 9.00766232e+001 3.77596174e+001 1.01813812e+003 1.01482888e+003 3.63030245e+000 1.06738398e+000 1.68061336e+001 0.00000000e+000 0.00000000e+000 1.00000000e+000 0.00000000e+000
 1.00000000e+000 2.40073763e+001 1.20444034e+001 1.39726142e+001 8.83206446e+000 9.14652975e+001 3.93974141e+001 1.01743692e+003 1.01315549e+003 3.61773681e+000 2.20255040e-001 1.62970242e+001 0.00000000e+000 0.00000000e+000 1.00000000e+000 0.00000000e+000
 1.00000000e+000 2.49606665e+001 1.24205781e+001 1.39396274e+001 8.14183543e+000 9.04036236e+001 3.72324505e+001 1.01574026e+003 1.01159044e+003 3.55518162e+000 2.63564028e-001 1.64862142e+001 0.00000000e+000 1.00000000e+000 0.00000000e+000 0.00000000e+000
 1.00000000e+000 2.45510645e+001 1.44302248e+001 1.53576002e+001 1.17461340e+001 9.20783071e+001 4.31798973e+001 1.01355256e+003 1.00957870e+003 3.85165602e+000 9.50792053e-001 1.84747667e+001 1.00000000e+000 0.00000000e+000 0.00000000e+000 0.00000000e+000
 1.00000000e+000 2.33892602e+001 1.33225536e+001 1.80565745e+001 8.32137273e+000 8.99940768e+001 5.22469159e+001 1.01022379e+003 1.01070117e+003 3.11707722e+000 2.35538681e+000 2.06521956e+001 0.00000000e+000 0.00000000e+000 1.00000000e+000 0.00000000e+000
 1.00000000e+000 2.32106361e+001 1.26519690e+001 1.62619140e+001 8.10501449e+000 9.04966140e+001 4.96876914e+001 1.01397266e+003 1.01292256e+003 3.42229338e+000 2.57580485e+000 1.88791223e+001 0.00000000e+000 0.00000000e+000 1.00000000e+000 0.00000000e+000
 1.00000000e+000 2.25527196e+001 1.20867777e+001 1.66692537e+001 6.74967209e+000 8.95095703e+001 4.82941261e+001 1.01567435e+003 1.01403672e+003 4.92336594e+000 3.22163069e+000 1.87426577e+001 0.00000000e+000 0.00000000e+000 1.00000000e+000 0.00000000e+000
 1.00000000e+000 2.38333971e+001 1.33616124e+001 1.56078388e+001 9.16831620e+000 9.15951130e+001 4.64634371e+001 1.01651545e+003 1.01255865e+003 4.91322325e+000 2.24521152e+000 1.83017480e+001 0.00000000e+000 0.00000000e+000 1.00000000e+000 0.00000000e+000
 1.00000000e+000 2.29473796e+001 1.24330961e+001 1.59769283e+001 7.80637334e+000 8.96707948e+001 4.40876018e+001 1.01753401e+003 1.01493475e+003 4.66231021e+000 1.88052091e+000 1.76910928e+001 0.00000000e+000 0.00000000e+000 1.00000000e+000 0.00000000e+000
 1.00000000e+000 2.51716930e+001 1.39310769e+001 1.47932898e+001 1.00199401e+001 9.04200735e+001 3.95022075e+001 1.01632247e+003 1.01102084e+003 4.64998599e+000 9.89911181e-001 1.67429194e+001 0.00000000e+000 0.00000000e+000 1.00000000e+000 0.00000000e+000
 1.00000000e+000 2.62813086e+001 1.58887987e+001 1.63415713e+001 1.22812748e+001 9.08329553e+001 4.24467164e+001 1.01851314e+003 1.01429565e+003 3.85780373e+000 9.88120486e-001 1.82392764e+001 0.00000000e+000 0.00000000e+000 1.00000000e+000 0.00000000e+000
 1.00000000e+000 2.49377456e+001 1.37059860e+001 1.59655612e+001 9.70457848e+000 8.87902323e+001 4.60093683e+001 1.01843719e+003 1.01625310e+003 4.05421618e+000 3.03026056e+000 2.18408002e+001 0.00000000e+000 0.00000000e+000 0.00000000e+000 1.00000000e+000
 1.00000000e+000 2.50055096e+001 1.42249938e+001 1.68141673e+001 1.01744998e+001 9.12782166e+001 4.71031667e+001 1.01968760e+003 1.01595803e+003 4.64195569e+000 2.16731320e+000 1.91909486e+001 0.00000000e+000 0.00000000e+000 1.00000000e+000 0.00000000e+000
 1.00000000e+000 2.51079963e+001 1.37888153e+001 1.55261181e+001 9.77384363e+000 9.20491292e+001 4.44025984e+001 1.02008623e+003 1.01579571e+003 4.16192925e+000 1.10066436e+000 1.81633994e+001 0.00000000e+000 0.00000000e+000 1.00000000e+000 0.00000000e+000
 1.00000000e+000 2.47339475e+001 1.34904822e+001 1.57919019e+001 1.06341007e+001 9.04477718e+001 3.96199923e+001 1.01792985e+003 1.01499707e+003 2.68049588e+000 -2.14038251e-001 1.60524203e+001 0.00000000e+000 0.00000000e+000 1.00000000e+000 0.00000000e+000
 1.00000000e+000 2.74852263e+001 1.62601216e+001 1.56025902e+001 1.13544866e+001 8.64635294e+001 3.79597505e+001 1.01605315e+003 1.01216556e+003 3.04222176e+000 3.35119667e-001 1.77795973e+001 0.00000000e+000 1.00000000e+000 0.00000000e+000 0.00000000e+000
 1.00000000e+000 2.53233202e+001 1.39453429e+001 1.52201705e+001 1.02790276e+001 9.06019086e+001 3.86913954e+001 1.01848385e+003 1.01424729e+003 3.94418996e+000 6.67323174e-001 1.72984174e+001 0.00000000e+000 0.00000000e+000 0.00000000e+000 1.00000000e+000
 1.00000000e+000 2.42471883e+001 1.15857620e+001 1.33920125e+001 8.22478393e+000 9.28589106e+001 3.89531879e+001 1.01941550e+003 1.01560234e+003 2.85358552e+000 -8.91286351e-001 1.74634769e+001 0.00000000e+000 1.00000000e+000 0.00000000e+000 0.00000000e+000
 1.00000000e+000 2.62748450e+001 1.37458414e+001 1.53277297e+001 1.00943873e+001 9.28025320e+001 4.09638987e+001 1.01912021e+003 1.01509982e+003 2.66077022e+000 -1.30284638e+000 1.83419926e+001 0.00000000e+000 0.00000000e+000 0.00000000e+000 1.00000000e+000
 1.00000000e+000 2.64126533e+001 1.44835214e+001 1.58246986e+001 9.77052659e+000 8.89299502e+001 3.94896242e+001 1.01741142e+003 1.01320682e+003 4.14543987e+000 8.26755969e-001 1.86061414e+001 0.00000000e+000 0.00000000e+000 1.00000000e+000 0.00000000e+000
 1.00000000e+000 2.73740390e+001 1.48259816e+001 1.60641850e+001 8.84432463e+000 8.72600713e+001 3.50907646e+001 1.01745706e+003 1.01365752e+003 3.88311051e+000 7.00116376e-001 1.71643991e+001 0.00000000e+000 0.00000000e+000 1.00000000e+000 0.00000000e+000
 1.00000000e+000 2.73963911e+001 1.57370559e+001 1.67278701e+001 1.06406220e+001 8.78615588e+001 3.66242957e+001 1.01825249e+003 1.01409488e+003 4.04639808e+000 8.02329223e-001 1.71724277e+001 0.00000000e+000 0.00000000e+000 1.00000000e+000 0.00000000e+000
 1.00000000e+000 2.77215030e+001 1.58468095e+001 1.62996273e+001 1.03864842e+001 8.71371757e+001 3.68486112e+001 1.01715367e+003 1.01186917e+003 5.31482155e+000 2.22358798e+000 1.85191914e+001 1.00000000e+000 0.00000000e+000 0.00000000e+000 0.00000000e+000
 1.00000000e+000 2.92768253e+001 1.66680886e+001 1.66583623e+001 9.86714209e+000 8.74061275e+001 3.69402773e+001 1.01732952e+003 1.01266111e+003 4.36992346e+000 9.66028178e-001 1.94200140e+001 0.00000000e+000 0.00000000e+000 1.00000000e+000 0.00000000e+000
 1.00000000e+000 2.92654792e+001 1.63817608e+001 1.68878425e+001 9.05721498e+000 8.57715075e+001 3.41790968e+001 1.01775330e+003 1.01392253e+003 4.02519813e+000 1.01350883e+000 1.81443487e+001 0.00000000e+000 0.00000000e+000 1.00000000e+000 0.00000000e+000
 1.00000000e+000 2.98136331e+001 1.66015821e+001 1.66080926e+001 8.25944641e+000 8.12256677e+001 3.12792334e+001 1.01301968e+003 1.01002948e+003 3.78751726e+000 1.46338503e+000 1.88614595e+001 0.00000000e+000 0.00000000e+000 1.00000000e+000 0.00000000e+000
 1.00000000e+000 3.14177111e+001 1.96622500e+001 1.64388758e+001 1.04414489e+001 7.53690576e+001 3.25125320e+001 1.01021976e+003 1.00624654e+003 3.85311447e+000 1.17120275e+000 2.07883926e+001 1.00000000e+000 0.00000000e+000 0.00000000e+000 0.00000000e+000
 1.00000000e+000 2.84263258e+001 1.86607238e+001 1.83903011e+001 1.34084489e+001 8.58498098e+001 3.69889133e+001 1.01229639e+003 1.00771257e+003 4.20772075e+000 3.04566404e-001 1.65086489e+001 1.00000000e+000 0.00000000e+000 0.00000000e+000 0.00000000e+000
 1.00000000e+000 2.89805079e+001 1.82644206e+001 1.78753459e+001 1.23537760e+001 8.65836679e+001 3.75348636e+001 1.01229873e+003 1.00702418e+003 5.09931552e+000 1.76786508e+000 1.77591499e+001 1.00000000e+000 0.00000000e+000 0.00000000e+000 0.00000000e+000
 1.00000000e+000 2.97531730e+001 1.76943030e+001 1.74768550e+001 1.03817184e+001 8.54921665e+001 3.49173041e+001 1.01365042e+003 1.01000405e+003 3.63239012e+000 4.76097218e-001 1.80121741e+001 0.00000000e+000 0.00000000e+000 0.00000000e+000 1.00000000e+000
 1.00000000e+000 2.92082393e+001 1.85030456e+001 1.71456582e+001 1.24087745e+001 8.28511383e+001 3.82197443e+001 1.01481013e+003 1.01104638e+003 3.53302105e+000 1.02996909e+000 1.94634026e+001 0.00000000e+000 0.00000000e+000 1.00000000e+000 0.00000000e+000
 1.00000000e+000 2.77036497e+001 1.48286531e+001 1.47227759e+001 8.50370677e+000 8.63369634e+001 3.48439453e+001 1.01895764e+003 1.01461639e+003 3.97492764e+000 7.61983162e-001 1.87771093e+001 0.00000000e+000 0.00000000e+000 1.00000000e+000 0.00000000e+000
 1.00000000e+000 2.73499478e+001 1.48842175e+001 1.52626267e+001 9.34587741e+000 8.87286693e+001 3.75592406e+001 1.01875779e+003 1.01464388e+003 3.49456198e+000 3.94434775e-001 1.77763127e+001 0.00000000e+000 0.00000000e+000 1.00000000e+000 0.00000000e+000
 1.00000000e+000 2.90417439e+001 1.68229726e+001 1.65535595e+001 1.07656387e+001 8.68818889e+001 3.78435656e+001 1.01849353e+003 1.01452736e+003 3.90816627e+000 1.52795977e+000 1.98698202e+001 0.00000000e+000 0.00000000e+000 1.00000000e+000 0.00000000e+000
 1.00000000e+000 2.85601563e+001 1.62381363e+001 1.61744696e+001 1.01635164e+001 8.55432529e+001 3.82634789e+001 1.01294645e+003 1.00810348e+003 5.26820994e+000 2.85058273e+000 2.12300536e+001 0.00000000e+000 0.00000000e+000 1.00000000e+000 0.00000000e+000
 1.00000000e+000 2.98384531e+001 1.83399017e+001 1.79726798e+001 1.22880271e+001 8.69005950e+001 3.93942333e+001 1.01099925e+003 1.00585762e+003 4.72717191e+000 1.23264479e+000 2.01585394e+001 1.00000000e+000 0.00000000e+000 0.00000000e+000 0.00000000e+000
 1.00000000e+000 3.07927151e+001 1.92603736e+001 1.92153864e+001 1.13310788e+001 8.22530790e+001 3.34461503e+001 1.01166707e+003 1.00748699e+003 5.31902381e+000 2.68067252e+000 1.87435465e+001 0.00000000e+000 0.00000000e+000 1.00000000e+000 0.00000000e+000
 1.00000000e+000 3.02760618e+001 1.87332683e+001 1.86510981e+001 1.19084363e+001 8.44080386e+001 3.56749858e+001 1.01218060e+003 1.00838874e+003 4.34839963e+000 1.68741136e+000 1.94064325e+001 0.00000000e+000 0.00000000e+000 0.00000000e+000 1.00000000e+000
 1.00000000e+000 3.00643794e+001 1.73675237e+001 1.71046268e+001 9.05349122e+000 8.43117480e+001 3.57749110e+001 1.00888393e+003 1.00423958e+003 5.38524450e+000 2.48748280e+000 2.06820589e+001 0.00000000e+000 0.00000000e+000 0.00000000e+000 1.00000000e+000
 1.00000000e+000 3.25710587e+001 2.09127978e+001 1.70042953e+001 1.14083451e+001 7.50219370e+001 3.09784665e+001 1.01050003e+003 1.00585901e+003 4.14814349e+000 9.54840517e-001 2.09714020e+001 0.00000000e+000 0.00000000e+000 0.00000000e+000 1.00000000e+000
 1.00000000e+000 3.31731685e+001 2.16220522e+001 1.77580051e+001 1.22081665e+001 7.33841114e+001 3.03432400e+001 1.01311293e+003 1.00958997e+003 3.10053981e+000 2.75120262e-001 2.08844222e+001 0.00000000e+000 0.00000000e+000 0.00000000e+000 1.00000000e+000
 1.00000000e+000 2.84270540e+001 1.66747903e+001 1.60081839e+001 1.07591683e+001 8.75126805e+001 3.79090418e+001 1.01370269e+003 1.00854947e+003 5.00583916e+000 2.30470963e+000 1.95675878e+001 1.00000000e+000 0.00000000e+000 0.00000000e+000 0.00000000e+000
 1.00000000e+000 2.85477331e+001 1.68200632e+001 1.63032488e+001 1.07179788e+001 8.59082456e+001 3.89664357e+001 1.01095706e+003 1.00640137e+003 4.33981189e+000 1.45245361e+000 1.99661627e+001 0.00000000e+000 0.00000000e+000 0.00000000e+000 1.00000000e+000
 1.00000000e+000 2.90591491e+001 1.68686551e+001 1.59651681e+001 1.02959077e+001 8.60362275e+001 3.67846885e+001 1.01143117e+003 1.00642298e+003 4.36404203e+000 1.05467253e+000 1.94558875e+001 0.00000000e+000 0.00000000e+000 0.00000000e+000 1.00000000e+000
 1.00000000e+000 2.98108111e+001 1.80087622e+001 1.74757884e+001 1.07278925e+001 8.27158988e+001 3.41396529e+001 1.01121191e+003 1.00744970e+003 4.10628863e+000 1.08185560e+000 1.92377442e+001 1.00000000e+000 0.00000000e+000 0.00000000e+000 0.00000000e+000
 1.00000000e+000 2.98867830e+001 1.93936237e+001 1.76098103e+001 1.24280921e+001 8.52411464e+001 4.19649633e+001 1.01184528e+003 1.00665742e+003 4.85478195e+000 1.63988207e+000 2.08052525e+001 1.00000000e+000 0.00000000e+000 0.00000000e+000 0.00000000e+000
 1.00000000e+000 2.89436570e+001 1.71595739e+001 1.64090568e+001 1.10386391e+001 8.73872233e+001 3.95334100e+001 1.01094535e+003 1.00524460e+003 5.32379238e+000 2.21907984e+000 2.02927474e+001 1.00000000e+000 0.00000000e+000 0.00000000e+000 0.00000000e+000
 1.00000000e+000 3.02882068e+001 1.92658481e+001 1.88128487e+001 1.29306697e+001 8.66730324e+001 3.92233232e+001 1.01104138e+003 1.00618325e+003 4.66026686e+000 1.55000203e+000 1.92487613e+001 0.00000000e+000 0.00000000e+000 1.00000000e+000 0.00000000e+000
 1.00000000e+000 3.22586931e+001 1.98833698e+001 1.92047290e+001 1.09441276e+001 8.35964309e+001 3.40445195e+001 1.01129926e+003 1.00712494e+003 4.59899490e+000 1.64983019e+000 1.95211365e+001 0.00000000e+000 0.00000000e+000 0.00000000e+000 1.00000000e+000
 1.00000000e+000 3.28942820e+001 1.93169448e+001 1.82127834e+001 8.86088985e+000 7.67853614e+001 2.99321564e+001 1.01335999e+003 1.01127233e+003 3.39744258e+000 1.30269932e+000 2.18332021e+001 0.00000000e+000 0.00000000e+000 1.00000000e+000 0.00000000e+000
 1.00000000e+000 3.00226466e+001 1.83548404e+001 1.69242797e+001 1.12587036e+001 8.15068983e+001 3.49470531e+001 1.01228768e+003 1.00797298e+003 4.34676421e+000 1.67907706e+000 2.00599912e+001 1.00000000e+000 0.00000000e+000 0.00000000e+000 0.00000000e+000
 1.00000000e+000 3.12214288e+001 1.81965399e+001 1.72489836e+001 9.02369582e+000 8.18693325e+001 3.24634170e+001 1.01116287e+003 1.00741859e+003 4.44450764e+000 1.69187320e+000 2.07772355e+001 0.00000000e+000 0.00000000e+000 1.00000000e+000 0.00000000e+000
 1.00000000e+000 3.11353050e+001 1.84732066e+001 1.82397932e+001 1.00167112e+001 8.40825927e+001 3.37863519e+001 1.00920853e+003 1.00507144e+003 4.51138598e+000 1.33854288e+000 1.94259318e+001 0.00000000e+000 0.00000000e+000 1.00000000e+000 0.00000000e+000
 1.00000000e+000 3.18591669e+001 1.79396750e+001 1.72159691e+001 7.10121721e+000 7.99052707e+001 2.95247331e+001 1.00922762e+003 1.00613195e+003 4.26527933e+000 1.20988473e+000 2.09590892e+001 0.00000000e+000 0.00000000e+000 0.00000000e+000 1.00000000e+000
 1.00000000e+000 3.38194004e+001 1.90761370e+001 1.55331082e+001 6.02225633e+000 6.93310456e+001 2.48191783e+001 1.00886390e+003 1.00486841e+003 4.93327258e+000 2.36651612e+000 2.35005834e+001 0.00000000e+000 0.00000000e+000 0.00000000e+000 1.00000000e+000
 1.00000000e+000 3.43358930e+001 2.03766341e+001 1.64882792e+001 6.81254270e+000 6.94099303e+001 2.48025345e+001 1.01000592e+003 1.00637257e+003 4.59665790e+000 1.78889097e+000 2.24099243e+001 0.00000000e+000 0.00000000e+000 0.00000000e+000 1.00000000e+000
 1.00000000e+000 3.55487624e+001 2.22756528e+001 1.65167153e+001 7.65057383e+000 6.38761834e+001 2.26722166e+001 1.00981765e+003 1.00590937e+003 4.78798257e+000 2.28854621e+000 2.26295378e+001 0.00000000e+000 0.00000000e+000 0.00000000e+000 1.00000000e+000
 1.00000000e+000 3.54577074e+001 2.35234671e+001 1.68711663e+001 1.07133089e+001 6.51202398e+001 2.54210304e+001 1.01077998e+003 1.00704594e+003 3.29216470e+000 3.68294869e-001 2.21557929e+001 0.00000000e+000 0.00000000e+000 0.00000000e+000 1.00000000e+000
 1.00000000e+000 3.41114161e+001 2.09419427e+001 1.67980849e+001 8.41961052e+000 7.01754871e+001 2.58514190e+001 1.01039148e+003 1.00694832e+003 3.78509102e+000 7.90552517e-001 2.15748887e+001 0.00000000e+000 0.00000000e+000 0.00000000e+000 1.00000000e+000
 1.00000000e+000 3.40156518e+001 2.15710419e+001 1.51024492e+001 9.02443605e+000 6.61641511e+001 2.52598520e+001 1.01093686e+003 1.00609841e+003 4.81081965e+000 2.05019983e+000 2.29506767e+001 0.00000000e+000 0.00000000e+000 0.00000000e+000 1.00000000e+000
 1.00000000e+000 3.43613599e+001 2.22924524e+001 1.58583856e+001 9.23466323e+000 6.56406065e+001 2.44454071e+001 1.01088666e+003 1.00645150e+003 4.57697382e+000 1.77079870e+000 2.17840956e+001 0.00000000e+000 0.00000000e+000 0.00000000e+000 1.00000000e+000
 1.00000000e+000 3.39712098e+001 2.26302949e+001 1.75127504e+001 1.19572555e+001 7.05928951e+001 2.89253185e+001 1.01087177e+003 1.00687779e+003 3.86992990e+000 1.21322774e+000 2.16488534e+001 1.00000000e+000 0.00000000e+000 0.00000000e+000 0.00000000e+000
 1.00000000e+000 3.40226456e+001 2.13246080e+001 1.67084166e+001 9.50567901e+000 7.18766276e+001 2.82971886e+001 1.00733875e+003 1.00242772e+003 4.81402664e+000 1.61619447e+000 2.19994005e+001 1.00000000e+000 0.00000000e+000 0.00000000e+000 0.00000000e+000
 1.00000000e+000 3.64980815e+001 2.19314086e+001 1.68931779e+001 5.10695385e+000 6.03560408e+001 1.92581266e+001 1.00407564e+003 1.00229025e+003 4.36377128e+000 2.54778763e+000 2.47940369e+001 0.00000000e+000 0.00000000e+000 0.00000000e+000 1.00000000e+000
 1.00000000e+000 3.52382847e+001 2.09687757e+001 1.62771522e+001 6.30827112e+000 6.49252114e+001 2.22088399e+001 1.00539965e+003 1.00237016e+003 4.12290855e+000 1.52377421e+000 2.33683854e+001 1.00000000e+000 0.00000000e+000 0.00000000e+000 0.00000000e+000
 1.00000000e+000 3.56015422e+001 2.08757901e+001 1.42160762e+001 3.79298199e+000 5.58295401e+001 1.63044746e+001 1.00621028e+003 1.00346879e+003 4.09607184e+000 1.87201033e+000 2.34795572e+001 0.00000000e+000 0.00000000e+000 0.00000000e+000 1.00000000e+000
 1.00000000e+000 3.58398471e+001 2.08329054e+001 1.54784869e+001 3.11081903e+000 5.67554906e+001 1.67204376e+001 1.00638465e+003 1.00428309e+003 4.79565703e+000 3.27092566e+000 2.38905855e+001 1.00000000e+000 0.00000000e+000 0.00000000e+000 0.00000000e+000
 1.00000000e+000 3.55286836e+001 2.24536774e+001 1.56309152e+001 6.98115749e+000 6.02256522e+001 2.02303380e+001 1.00639001e+003 1.00325789e+003 3.97288243e+000 1.12038933e+000 2.32034551e+001 0.00000000e+000 0.00000000e+000 0.00000000e+000 1.00000000e+000
 1.00000000e+000 3.32213704e+001 2.22131384e+001 1.63073808e+001 1.21236821e+001 6.84575730e+001 3.02225081e+001 1.01027031e+003 1.00637268e+003 3.34699165e+000 8.56338623e-001 2.25187363e+001 0.00000000e+000 0.00000000e+000 0.00000000e+000 1.00000000e+000
 1.00000000e+000 3.14764328e+001 2.04858559e+001 1.74919525e+001 1.31632780e+001 7.88018890e+001 3.49849078e+001 1.01431519e+003 1.01050333e+003 2.92129085e+000 6.92137288e-002 2.01928057e+001 0.00000000e+000 0.00000000e+000 0.00000000e+000 1.00000000e+000
 1.00000000e+000 3.33346732e+001 2.19881934e+001 1.71925327e+001 1.21380223e+001 7.39715773e+001 3.10234296e+001 1.01338685e+003 1.00879323e+003 3.74688979e+000 7.91859250e-001 2.04147535e+001 0.00000000e+000 0.00000000e+000 0.00000000e+000 1.00000000e+000
 1.00000000e+000 3.58218553e+001 2.34674322e+001 1.72078925e+001 1.10457273e+001 6.68292082e+001 2.67248878e+001 1.01306607e+003 1.00874086e+003 3.96006018e+000 1.75961179e+000 2.21932476e+001 0.00000000e+000 0.00000000e+000 0.00000000e+000 1.00000000e+000
 1.00000000e+000 3.56819590e+001 2.43112904e+001 1.87192993e+001 1.24809107e+001 6.90762353e+001 2.82950795e+001 1.01196747e+003 1.00807981e+003 4.02433706e+000 1.58731553e+000 2.21900257e+001 0.00000000e+000 0.00000000e+000 0.00000000e+000 1.00000000e+000
 1.00000000e+000 3.52105985e+001 2.46528050e+001 1.75276994e+001 1.39278188e+001 6.88396875e+001 3.16465258e+001 1.01244128e+003 1.00717509e+003 4.59867204e+000 2.15233538e+000 2.38862820e+001 0.00000000e+000 0.00000000e+000 0.00000000e+000 1.00000000e+000
 1.00000000e+000 3.70897617e+001 2.52196785e+001 1.81722295e+001 1.11245868e+001 6.22163360e+001 2.45322083e+001 1.01110733e+003 1.00706864e+003 4.66018291e+000 2.39301479e+000 2.39876700e+001 1.00000000e+000 0.00000000e+000 0.00000000e+000 0.00000000e+000
 1.00000000e+000 3.54152022e+001 2.22896989e+001 1.73104625e+001 8.19946687e+000 6.62453049e+001 2.40185880e+001 1.00938755e+003 1.00628810e+003 4.08825869e+000 1.36539541e+000 2.29242221e+001 0.00000000e+000 0.00000000e+000 0.00000000e+000 1.00000000e+000
 1.00000000e+000 3.77389478e+001 2.44138135e+001 1.57821832e+001 6.84659846e+000 5.47413752e+001 1.86037107e+001 1.00901409e+003 1.00508249e+003 5.13741150e+000 3.19667295e+000 2.47030946e+001 0.00000000e+000 0.00000000e+000 0.00000000e+000 1.00000000e+000
 1.00000000e+000 3.71241325e+001 2.45741480e+001 1.80338184e+001 9.48602595e+000 6.01048781e+001 2.27460058e+001 1.00830611e+003 1.00412039e+003 5.39550092e+000 3.24538282e+000 2.38055180e+001 0.00000000e+000 0.00000000e+000 0.00000000e+000 1.00000000e+000
 1.00000000e+000 3.69005811e+001 2.16738174e+001 1.41764715e+001 2.36199923e+000 5.11474034e+001 1.40188372e+001 1.00661282e+003 1.00421168e+003 5.10307396e+000 3.69522489e+000 2.61427002e+001 0.00000000e+000 0.00000000e+000 0.00000000e+000 1.00000000e+000
 1.00000000e+000 3.61024267e+001 2.02242917e+001 1.25836342e+001 1.58968732e+000 5.54352384e+001 1.59750085e+001 1.00491280e+003 1.00131506e+003 5.21182886e+000 2.95918251e+000 2.64900557e+001 0.00000000e+000 0.00000000e+000 0.00000000e+000 1.00000000e+000
 1.00000000e+000 3.69661217e+001 2.08731507e+001 1.32842949e+001 1.48065320e+000 5.38473910e+001 1.47383374e+001 1.00372461e+003 1.00027839e+003 5.25628069e+000 2.99732926e+000 2.63756122e+001 1.00000000e+000 0.00000000e+000 0.00000000e+000 0.00000000e+000
 1.00000000e+000 3.96968385e+001 2.32198875e+001 1.63853088e+001 2.74592782e+000 5.24283975e+001 1.52654638e+001 1.00366395e+003 1.00135278e+003 4.81917768e+000 3.52920159e+000 2.69518271e+001 0.00000000e+000 0.00000000e+000 0.00000000e+000 1.00000000e+000
 1.00000000e+000 3.86522304e+001 2.54941989e+001 1.74753346e+001 7.64273824e+000 5.37659700e+001 1.76488878e+001 1.00409581e+003 1.00104808e+003 4.54812879e+000 2.28767457e+000 2.46525763e+001 0.00000000e+000 0.00000000e+000 0.00000000e+000 1.00000000e+000
 1.00000000e+000 3.81550904e+001 2.60334111e+001 1.85048845e+001 1.01831085e+001 5.82071293e+001 2.19775803e+001 1.00455882e+003 1.00043069e+003 5.55316130e+000 3.75446136e+000 2.44732286e+001 0.00000000e+000 0.00000000e+000 0.00000000e+000 1.00000000e+000
 1.00000000e+000 3.82117797e+001 2.54945859e+001 1.94909307e+001 8.91555066e+000 5.95347656e+001 2.13549738e+001 1.00469426e+003 1.00117217e+003 5.76984851e+000 3.60317781e+000 2.45228372e+001 0.00000000e+000 0.00000000e+000 0.00000000e+000 1.00000000e+000
 1.00000000e+000 4.22355027e+001 2.56665547e+001 1.53176377e+001 3.84232657e+000 4.85283115e+001 1.62459777e+001 1.00683429e+003 1.00317544e+003 9.47204131e+000 5.13343219e+000 5.08603958e+001 0.00000000e+000 0.00000000e+000 0.00000000e+000 1.00000000e+000
 1.00000000e+000 3.90425460e+001 2.44663105e+001 1.63825809e+001 6.13481453e+000 5.55293793e+001 1.82333582e+001 1.00524425e+003 1.00127742e+003 5.37417210e+000 3.47408297e+000 2.61670666e+001 1.00000000e+000 0.00000000e+000 0.00000000e+000 0.00000000e+000
 1.00000000e+000 3.87257330e+001 2.53146366e+001 1.63714372e+001 8.41394335e+000 5.76930133e+001 2.05906787e+001 1.00515776e+003 1.00061051e+003 4.45133231e+000 1.75700775e+000 2.45955929e+001 0.00000000e+000 0.00000000e+000 0.00000000e+000 1.00000000e+000
 1.00000000e+000 3.64250626e+001 2.48635515e+001 1.78594889e+001 1.11749784e+001 6.28495925e+001 2.67087319e+001 1.00332870e+003 9.99321477e+002 4.68988250e+000 2.61083306e+000 2.45283243e+001 1.00000000e+000 0.00000000e+000 0.00000000e+000 0.00000000e+000
 1.00000000e+000 3.48157561e+001 2.48789976e+001 2.05090979e+001 1.55856409e+001 7.23751057e+001 3.26824589e+001 1.00741578e+003 1.00435881e+003 2.52491005e+000 3.06671078e-002 2.01394681e+001 1.00000000e+000 0.00000000e+000 0.00000000e+000 0.00000000e+000
 1.00000000e+000 3.52948424e+001 2.36902077e+001 2.05235371e+001 1.33541424e+001 7.58586153e+001 3.26157271e+001 1.00799564e+003 1.00429503e+003 4.03173840e+000 1.73069713e+000 2.15345938e+001 0.00000000e+000 0.00000000e+000 0.00000000e+000 1.00000000e+000
 1.00000000e+000 3.93915578e+001 2.55710602e+001 1.78007896e+001 8.27799842e+000 5.72629370e+001 2.05390621e+001 1.00552033e+003 1.00200777e+003 5.49941858e+000 3.47415537e+000 2.87527365e+001 1.00000000e+000 0.00000000e+000 0.00000000e+000 0.00000000e+000
 1.00000000e+000 3.82681774e+001 2.49666838e+001 1.72456901e+001 8.83883312e+000 5.98832665e+001 2.16386630e+001 1.00409103e+003 9.99524804e+002 5.17915382e+000 2.72626691e+000 2.48112307e+001 1.00000000e+000 0.00000000e+000 0.00000000e+000 0.00000000e+000
 1.00000000e+000 3.91798707e+001 2.36800414e+001 1.68463469e+001 3.35070520e+000 4.81429737e+001 1.34069109e+001 1.00881579e+003 1.01015788e+003 2.96361581e+000 3.98295008e+000 2.70311049e+001 0.00000000e+000 0.00000000e+000 0.00000000e+000 1.00000000e+000
 1.00000000e+000 3.95196165e+001 2.47434760e+001 1.71904298e+001 4.84201350e+000 5.21206402e+001 1.56908747e+001 1.00388761e+003 1.00098599e+003 5.59760232e+000 3.91144233e+000 2.67400652e+001 0.00000000e+000 0.00000000e+000 0.00000000e+000 1.00000000e+000
 1.00000000e+000 4.08387540e+001 2.68255995e+001 1.86268644e+001 6.16977178e+000 5.17814975e+001 1.54255704e+001 1.00378811e+003 1.00125070e+003 4.60496312e+000 2.14303633e+000 2.51111808e+001 0.00000000e+000 0.00000000e+000 0.00000000e+000 1.00000000e+000
 1.00000000e+000 4.36057255e+001 2.80108383e+001 1.78151005e+001 5.19673617e+000 4.79526685e+001 1.44064784e+001 1.00455218e+003 1.00123627e+003 5.27342133e+000 3.42966495e+000 2.93558606e+001 0.00000000e+000 0.00000000e+000 0.00000000e+000 1.00000000e+000
 1.00000000e+000 4.32752000e+001 2.78994308e+001 1.68796423e+001 5.13167574e+000 4.56560759e+001 1.35873718e+001 1.00523652e+003 1.00201676e+003 5.09781518e+000 3.65833068e+000 2.94699832e+001 0.00000000e+000 0.00000000e+000 0.00000000e+000 1.00000000e+000
 1.00000000e+000 4.37699720e+001 2.73757060e+001 1.83165809e+001 3.80252864e+000 4.60778384e+001 1.21633985e+001 1.00514622e+003 1.00376383e+003 4.09127636e+000 2.64705977e+000 2.90866249e+001 0.00000000e+000 0.00000000e+000 0.00000000e+000 1.00000000e+000
 1.00000000e+000 4.34561844e+001 2.72033113e+001 1.70767505e+001 3.23772161e+000 4.39579864e+001 1.13650375e+001 1.00481723e+003 1.00273759e+003 4.87930760e+000 3.82682745e+000 2.95306972e+001 0.00000000e+000 0.00000000e+000 0.00000000e+000 1.00000000e+000
 1.00000000e+000 4.35219562e+001 2.91147252e+001 1.90138915e+001 6.83795794e+000 4.53466839e+001 1.41016807e+001 1.00246137e+003 9.99565888e+002 5.29569884e+000 3.79424006e+000 2.85282752e+001 0.00000000e+000 0.00000000e+000 0.00000000e+000 1.00000000e+000
 1.00000000e+000 4.24555618e+001 2.94340101e+001 1.96074947e+001 8.98076384e+000 4.77153175e+001 1.59462820e+001 1.00193759e+003 9.99212360e+002 5.07303011e+000 3.46295626e+000 2.78612252e+001 1.00000000e+000 0.00000000e+000 0.00000000e+000 0.00000000e+000
 1.00000000e+000 4.20772167e+001 2.99960299e+001 1.88996609e+001 1.14012425e+001 5.08168802e+001 1.96732616e+001 1.00341121e+003 9.99370852e+002 4.85294309e+000 3.32285700e+000 2.70039332e+001 1.00000000e+000 0.00000000e+000 0.00000000e+000 0.00000000e+000
 1.00000000e+000 4.08181693e+001 2.85595729e+001 1.97360344e+001 1.03353902e+001 5.11327619e+001 1.84717597e+001 1.00256274e+003 9.99559057e+002 5.01980604e+000 3.58624263e+000 2.61114308e+001 1.00000000e+000 0.00000000e+000 0.00000000e+000 0.00000000e+000
 1.00000000e+000 4.00053564e+001 2.98521206e+001 2.05982085e+001 1.44790971e+001 5.85509548e+001 2.46103484e+001 1.00343211e+003 9.98709566e+002 4.97891605e+000 2.19957913e+000 2.43518096e+001 1.00000000e+000 0.00000000e+000 0.00000000e+000 0.00000000e+000
 1.00000000e+000 4.03558811e+001 2.87164266e+001 2.10700053e+001 1.18299814e+001 5.69813884e+001 2.21851919e+001 1.00401769e+003 1.00079975e+003 5.10116603e+000 3.42813180e+000 2.51645194e+001 0.00000000e+000 0.00000000e+000 0.00000000e+000 1.00000000e+000
 1.00000000e+000 4.09864344e+001 2.70963670e+001 1.80625852e+001 7.08260198e+000 5.23757952e+001 1.72452408e+001 1.00490748e+003 1.00205147e+003 4.73865624e+000 2.93180637e+000 2.68206475e+001 0.00000000e+000 0.00000000e+000 0.00000000e+000 1.00000000e+000
 1.00000000e+000 3.96970391e+001 2.60839652e+001 1.73333530e+001 7.54103297e+000 5.38068881e+001 1.85484118e+001 1.00373285e+003 1.00048363e+003 4.79181191e+000 3.10867380e+000 2.63638518e+001 0.00000000e+000 0.00000000e+000 0.00000000e+000 1.00000000e+000
 1.00000000e+000 3.82598544e+001 2.65258924e+001 1.97601231e+001 1.20232757e+001 6.08401658e+001 2.38582380e+001 1.00175408e+003 9.97791050e+002 4.88308469e+000 2.45075563e+000 2.42857571e+001 1.00000000e+000 0.00000000e+000 0.00000000e+000 0.00000000e+000
 1.00000000e+000 3.60664559e+001 2.65352929e+001 2.19233596e+001 1.75305634e+001 7.46717281e+001 3.52846467e+001 1.00664448e+003 1.00312661e+003 2.67592992e+000 -3.20343941e-001 2.14347470e+001 0.00000000e+000 0.00000000e+000 0.00000000e+000 1.00000000e+000
 1.00000000e+000 3.64175964e+001 2.68875483e+001 2.27173888e+001 1.81300067e+001 7.55960552e+001 3.73606992e+001 1.00560494e+003 1.00199783e+003 2.88196571e+000 2.56804138e-001 2.17551952e+001 1.00000000e+000 0.00000000e+000 0.00000000e+000 0.00000000e+000
 1.00000000e+000 3.77247954e+001 2.83940671e+001 2.21516654e+001 1.79272324e+001 7.27863418e+001 3.55420961e+001 1.00360731e+003 9.98009676e+002 4.84530465e+000 1.88341531e+000 2.29451817e+001 0.00000000e+000 0.00000000e+000 0.00000000e+000 1.00000000e+000
 1.00000000e+000 3.92513090e+001 2.86220154e+001 2.36663163e+001 1.66525365e+001 7.13685921e+001 3.33231607e+001 1.00388125e+003 9.99666131e+002 4.58328152e+000 2.64992321e+000 2.29345014e+001 0.00000000e+000 0.00000000e+000 0.00000000e+000 1.00000000e+000
 1.00000000e+000 4.14440656e+001 3.08460636e+001 2.23854347e+001 1.45477880e+001 5.75615062e+001 2.33722914e+001 1.00268984e+003 9.99102836e+002 4.69652510e+000 2.61432017e+000 2.43625444e+001 0.00000000e+000 0.00000000e+000 0.00000000e+000 1.00000000e+000
 1.00000000e+000 3.77457894e+001 2.78457577e+001 2.34514164e+001 1.53971865e+001 6.82675764e+001 3.18189973e+001 9.98809747e+002 9.95197074e+002 5.56294142e+000 3.63122726e+000 2.36887605e+001 0.00000000e+000 0.00000000e+000 0.00000000e+000 1.00000000e+000
 1.00000000e+000 3.73705239e+001 2.79417315e+001 2.16779783e+001 1.60449827e+001 6.91328164e+001 3.41372038e+001 1.00173796e+003 9.96770964e+002 5.39978841e+000 3.00808595e+000 2.35194764e+001 0.00000000e+000 0.00000000e+000 0.00000000e+000 1.00000000e+000
 1.00000000e+000 3.82378388e+001 2.92348022e+001 2.39154511e+001 1.87841202e+001 7.11454493e+001 3.59273818e+001 1.00049070e+003 9.95973847e+002 4.89004252e+000 2.97187732e+000 2.33122784e+001 0.00000000e+000 0.00000000e+000 0.00000000e+000 1.00000000e+000
 1.00000000e+000 3.94892733e+001 3.06772888e+001 2.49178491e+001 1.97505048e+001 7.01591050e+001 3.48671074e+001 9.99043406e+002 9.95063758e+002 4.15030078e+000 2.17669149e+000 2.30720388e+001 0.00000000e+000 0.00000000e+000 0.00000000e+000 1.00000000e+000
 1.00000000e+000 3.99536296e+001 3.07613952e+001 2.39526877e+001 1.83795664e+001 6.66376429e+001 3.26144403e+001 9.99481702e+002 9.95403843e+002 4.61550111e+000 3.05335564e+000 2.36951457e+001 0.00000000e+000 0.00000000e+000 0.00000000e+000 1.00000000e+000
 1.00000000e+000 3.56271183e+001 2.73412372e+001 2.31294909e+001 1.94106752e+001 7.73872175e+001 4.11020489e+001 1.00305817e+003 9.99368057e+002 3.49962524e+000 1.47445799e+000 2.22649934e+001 0.00000000e+000 0.00000000e+000 0.00000000e+000 1.00000000e+000
 1.00000000e+000 3.65601922e+001 2.80863203e+001 2.35032130e+001 1.94941767e+001 7.40497943e+001 3.76242130e+001 1.00226223e+003 9.98623300e+002 2.83021666e+000 1.55679694e-002 2.09412094e+001 0.00000000e+000 0.00000000e+000 0.00000000e+000 1.00000000e+000
 1.00000000e+000 3.41819400e+001 2.69739272e+001 2.37375505e+001 2.07368739e+001 8.23125922e+001 4.56609811e+001 1.00274967e+003 9.98076486e+002 3.97487127e+000 9.97584816e-001 2.10651296e+001 1.00000000e+000 0.00000000e+000 0.00000000e+000 0.00000000e+000
 1.00000000e+000 3.64445258e+001 2.68902233e+001 2.25123936e+001 1.72739202e+001 7.59996350e+001 3.96064649e+001 1.00079841e+003 9.95487017e+002 5.78722112e+000 3.61506215e+000 2.45660917e+001 0.00000000e+000 1.00000000e+000 0.00000000e+000 0.00000000e+000
 1.00000000e+000 3.52746634e+001 2.54411273e+001 2.34729256e+001 1.71807202e+001 8.38115670e+001 4.21348956e+001 1.00092897e+003 9.95934502e+002 4.74928340e+000 1.15740648e+000 2.19303473e+001 1.00000000e+000 0.00000000e+000 0.00000000e+000 0.00000000e+000
 1.00000000e+000 3.22904610e+001 2.44832235e+001 2.32901362e+001 1.78612437e+001 8.61645000e+001 4.90847877e+001 1.00017481e+003 9.95668375e+002 5.15796975e+000 2.69862145e+000 2.10328376e+001 0.00000000e+000 0.00000000e+000 0.00000000e+000 1.00000000e+000
 1.00000000e+000 3.24977567e+001 2.48678023e+001 2.42443408e+001 1.78107036e+001 8.47769822e+001 5.08327727e+001 9.97767429e+002 9.94129314e+002 5.28764362e+000 3.90025977e+000 2.17368348e+001 0.00000000e+000 0.00000000e+000 0.00000000e+000 1.00000000e+000
 1.00000000e+000 3.23035914e+001 2.57456403e+001 2.53563634e+001 1.87492692e+001 8.54413180e+001 5.17598507e+001 9.99776413e+002 9.96230393e+002 5.22857716e+000 3.04997114e+000 2.05352335e+001 0.00000000e+000 0.00000000e+000 0.00000000e+000 1.00000000e+000
 1.00000000e+000 3.35029858e+001 2.57062637e+001 2.38912292e+001 1.90297133e+001 8.44928399e+001 4.38201824e+001 1.00171443e+003 9.96763003e+002 5.13718498e+000 2.15283022e+000 1.97463956e+001 1.00000000e+000 0.00000000e+000 0.00000000e+000 0.00000000e+000
 1.00000000e+000 3.63503112e+001 2.68965351e+001 2.19730419e+001 1.66751471e+001 7.37179493e+001 3.44969303e+001 1.00138554e+003 9.96639766e+002 4.80013184e+000 2.46850048e+000 2.11224562e+001 1.00000000e+000 0.00000000e+000 0.00000000e+000 0.00000000e+000
 1.00000000e+000 3.86172377e+001 2.92865423e+001 2.27461683e+001 1.69939865e+001 6.89261042e+001 3.17732592e+001 9.98783990e+002 9.93847211e+002 5.48725921e+000 3.03136989e+000 2.34582799e+001 0.00000000e+000 0.00000000e+000 0.00000000e+000 1.00000000e+000
 1.00000000e+000 3.78269671e+001 2.91262376e+001 2.20170216e+001 1.76117505e+001 6.78199574e+001 3.18032438e+001 9.99510696e+002 9.94198923e+002 5.52807753e+000 2.96638352e+000 2.31966573e+001 0.00000000e+000 0.00000000e+000 0.00000000e+000 1.00000000e+000
 1.00000000e+000 3.85786833e+001 3.01814226e+001 2.41027316e+001 1.94844126e+001 7.05421784e+001 3.56324530e+001 9.99678661e+002 9.95176332e+002 4.76330611e+000 2.78391956e+000 2.30464966e+001 0.00000000e+000 0.00000000e+000 0.00000000e+000 1.00000000e+000
 1.00000000e+000 3.74235407e+001 2.86685264e+001 2.42643169e+001 1.91035984e+001 7.61897006e+001 3.86085712e+001 1.00010436e+003 9.95440933e+002 4.72211808e+000 2.21336631e+000 2.23540371e+001 0.00000000e+000 0.00000000e+000 0.00000000e+000 1.00000000e+000
 1.00000000e+000 3.48609906e+001 2.74567499e+001 2.40185518e+001 2.04441582e+001 8.28594874e+001 4.77588014e+001 1.00271655e+003 9.97597830e+002 4.85367115e+000 2.40741166e+000 2.23274888e+001 0.00000000e+000 0.00000000e+000 0.00000000e+000 1.00000000e+000
 1.00000000e+000 3.42773284e+001 2.71019399e+001 2.43912368e+001 2.04598995e+001 8.43493451e+001 4.79885711e+001 1.00241212e+003 9.97978592e+002 4.28534969e+000 1.99420906e+000 2.06971293e+001 0.00000000e+000 0.00000000e+000 0.00000000e+000 1.00000000e+000
 1.00000000e+000 3.71168758e+001 2.85262693e+001 2.45511478e+001 1.86663804e+001 7.67090956e+001 4.21442011e+001 1.00031457e+003 9.96103065e+002 4.84357236e+000 2.77912058e+000 2.33776127e+001 0.00000000e+000 0.00000000e+000 0.00000000e+000 1.00000000e+000
 1.00000000e+000 3.56650050e+001 2.68698748e+001 2.48163353e+001 1.85832030e+001 7.89403256e+001 4.32389754e+001 9.99944461e+002 9.96762754e+002 3.85662825e+000 1.86342207e+000 2.21120288e+001 0.00000000e+000 0.00000000e+000 0.00000000e+000 1.00000000e+000
 1.00000000e+000 3.72518100e+001 2.86373438e+001 2.43406791e+001 1.94935969e+001 7.84943118e+001 3.95534158e+001 9.99361762e+002 9.94618878e+002 4.51415857e+000 1.63648541e+000 2.21524746e+001 1.00000000e+000 0.00000000e+000 0.00000000e+000 0.00000000e+000
 1.00000000e+000 3.62237164e+001 2.74936764e+001 2.27139904e+001 1.86957610e+001 7.55805644e+001 3.77496442e+001 1.00150653e+003 9.97055403e+002 3.71114188e+000 8.73752283e-001 2.13510762e+001 1.00000000e+000 0.00000000e+000 0.00000000e+000 0.00000000e+000
 1.00000000e+000 3.68095813e+001 2.77579319e+001 2.36625632e+001 1.84662111e+001 7.56778157e+001 3.73159430e+001 9.99636605e+002 9.95316141e+002 4.45477065e+000 2.05977023e+000 2.20093093e+001 1.00000000e+000 0.00000000e+000 0.00000000e+000 0.00000000e+000
 1.00000000e+000 3.60996825e+001 2.87450446e+001 2.45817748e+001 2.04192767e+001 7.91617442e+001 4.43070932e+001 9.99499274e+002 9.94566470e+002 4.81769700e+000 2.05992227e+000 2.21479629e+001 0.00000000e+000 0.00000000e+000 0.00000000e+000 1.00000000e+000
 1.00000000e+000 3.43156631e+001 2.68292110e+001 2.42420266e+001 1.96124021e+001 8.14597457e+001 4.71340938e+001 1.00105112e+003 9.96844126e+002 4.70740592e+000 2.61822817e+000 2.21393651e+001 1.00000000e+000 0.00000000e+000 0.00000000e+000 0.00000000e+000
 1.00000000e+000 3.62034418e+001 2.87389961e+001 2.49684504e+001 2.09825087e+001 8.07807172e+001 4.48366931e+001 1.00047107e+003 9.95344231e+002 4.93753939e+000 2.36039450e+000 2.20402983e+001 0.00000000e+000 1.00000000e+000 0.00000000e+000 0.00000000e+000
 1.00000000e+000 3.60950644e+001 2.85504951e+001 2.46093552e+001 2.05725580e+001 8.12576069e+001 4.45400560e+001 1.00169060e+003 9.96641460e+002 4.70289709e+000 1.86034182e+000 2.18212467e+001 0.00000000e+000 1.00000000e+000 0.00000000e+000 0.00000000e+000
 1.00000000e+000 3.54308431e+001 2.78219935e+001 2.49347746e+001 2.03927757e+001 8.35592158e+001 4.80612177e+001 1.00372486e+003 9.98913694e+002 4.88602792e+000 2.50290748e+000 2.23929594e+001 0.00000000e+000 0.00000000e+000 0.00000000e+000 1.00000000e+000
 1.00000000e+000 3.48937441e+001 2.73428081e+001 2.40082659e+001 1.91331145e+001 8.03533745e+001 4.65537024e+001 1.00283419e+003 9.98154219e+002 5.42626999e+000 3.38476874e+000 2.28676503e+001 0.00000000e+000 0.00000000e+000 0.00000000e+000 1.00000000e+000
 1.00000000e+000 3.51783870e+001 2.64979022e+001 2.39597492e+001 1.86591950e+001 8.29353091e+001 4.60402838e+001 1.00177445e+003 9.97128190e+002 5.07585891e+000 3.38267942e+000 2.22046082e+001 0.00000000e+000 0.00000000e+000 0.00000000e+000 1.00000000e+000
 1.00000000e+000 3.34303530e+001 2.57773265e+001 2.46523649e+001 1.94117050e+001 8.43147662e+001 4.68103175e+001 9.99546635e+002 9.95977909e+002 4.18837360e+000 1.77260630e+000 2.07746418e+001 0.00000000e+000 0.00000000e+000 0.00000000e+000 1.00000000e+000
 1.00000000e+000 3.46193798e+001 2.60694387e+001 2.49019305e+001 1.81443897e+001 8.34298200e+001 4.74596175e+001 9.99222153e+002 9.95652614e+002 4.70552726e+000 2.51973542e+000 2.28653148e+001 0.00000000e+000 0.00000000e+000 0.00000000e+000 1.00000000e+000
 1.00000000e+000 3.53838057e+001 2.73642057e+001 2.50147418e+001 2.00391875e+001 8.43402933e+001 4.60828954e+001 1.00234547e+003 9.97916705e+002 4.33871489e+000 1.68008850e+000 2.11183718e+001 0.00000000e+000 0.00000000e+000 0.00000000e+000 1.00000000e+000
 1.00000000e+000 3.39921527e+001 2.66625249e+001 2.56419597e+001 1.93994952e+001 8.48956101e+001 5.12194870e+001 1.00401932e+003 1.00103320e+003 4.34085959e+000 2.74705577e+000 2.19686873e+001 0.00000000e+000 0.00000000e+000 0.00000000e+000 1.00000000e+000
 1.00000000e+000 3.50705241e+001 2.69966921e+001 2.37561454e+001 1.90661939e+001 8.15011637e+001 4.52932989e+001 1.00270203e+003 9.98039773e+002 4.96425941e+000 3.06751207e+000 2.18221178e+001 0.00000000e+000 0.00000000e+000 0.00000000e+000 1.00000000e+000
 1.00000000e+000 3.57505173e+001 2.77925051e+001 2.46122704e+001 2.00176148e+001 8.24086429e+001 4.53081284e+001 1.00143166e+003 9.96824490e+002 4.33816759e+000 1.81673009e+000 2.12294140e+001 0.00000000e+000 1.00000000e+000 0.00000000e+000 0.00000000e+000
 1.00000000e+000 3.54829724e+001 2.80846918e+001 2.47604026e+001 2.02083936e+001 8.14710674e+001 4.64559762e+001 1.00155874e+003 9.96833804e+002 4.73752814e+000 2.04800038e+000 2.19175819e+001 0.00000000e+000 0.00000000e+000 0.00000000e+000 1.00000000e+000
 1.00000000e+000 3.56631470e+001 2.82873097e+001 2.52319547e+001 2.00781006e+001 8.20679447e+001 4.85360325e+001 1.00226356e+003 9.97278098e+002 5.77656587e+000 3.96237880e+000 2.28657215e+001 0.00000000e+000 0.00000000e+000 0.00000000e+000 1.00000000e+000
 1.00000000e+000 3.49224537e+001 2.78152114e+001 2.53566716e+001 2.05499147e+001 8.32510509e+001 4.90505077e+001 1.00224710e+003 9.98078118e+002 4.43913580e+000 2.31193070e+000 2.11425672e+001 0.00000000e+000 0.00000000e+000 0.00000000e+000 1.00000000e+000
 1.00000000e+000 3.45208225e+001 2.66190013e+001 2.48623341e+001 1.86262309e+001 8.29419070e+001 4.81743838e+001 9.99604568e+002 9.95784271e+002 4.95648993e+000 3.43409843e+000 2.15279171e+001 1.00000000e+000 0.00000000e+000 0.00000000e+000 0.00000000e+000
 1.00000000e+000 3.54302826e+001 2.75328531e+001 2.52873394e+001 2.03705071e+001 8.18350202e+001 4.60118396e+001 9.99983023e+002 9.96815653e+002 3.48064371e+000 1.66929285e+000 2.16211314e+001 1.00000000e+000 0.00000000e+000 0.00000000e+000 0.00000000e+000
 1.00000000e+000 3.17176856e+001 2.43406359e+001 2.44560672e+001 1.70967579e+001 8.52132042e+001 5.24233895e+001 1.00165876e+003 9.98702969e+002 5.23989049e+000 3.73454691e+000 2.19803662e+001 0.00000000e+000 0.00000000e+000 0.00000000e+000 1.00000000e+000
 1.00000000e+000 3.63070710e+001 2.65568161e+001 2.38738917e+001 1.64094779e+001 7.70947966e+001 4.00326946e+001 1.00008705e+003 9.96411182e+002 4.80540773e+000 2.95322594e+000 2.23155563e+001 0.00000000e+000 0.00000000e+000 0.00000000e+000 1.00000000e+000
 1.00000000e+000 3.37994166e+001 2.66821304e+001 2.57993737e+001 1.85466849e+001 8.40301202e+001 5.29188121e+001 9.99929255e+002 9.96679718e+002 5.41462605e+000 4.18018760e+000 2.26895527e+001 0.00000000e+000 0.00000000e+000 0.00000000e+000 1.00000000e+000
 1.00000000e+000 3.44208300e+001 2.62185593e+001 2.39273527e+001 1.82988895e+001 8.15702974e+001 4.66513201e+001 1.00169254e+003 9.97119084e+002 5.32804732e+000 3.48450774e+000 2.19369374e+001 0.00000000e+000 0.00000000e+000 0.00000000e+000 1.00000000e+000
 1.00000000e+000 3.58901143e+001 2.83860831e+001 2.56771521e+001 2.05518594e+001 8.24610515e+001 4.83358819e+001 1.00054987e+003 9.95917278e+002 4.95273522e+000 2.67522799e+000 2.23406218e+001 0.00000000e+000 0.00000000e+000 0.00000000e+000 1.00000000e+000
 1.00000000e+000 3.40890669e+001 2.63198144e+001 2.48859356e+001 1.91185089e+001 8.50438409e+001 4.90820942e+001 9.99391943e+002 9.95668703e+002 4.39412272e+000 2.11848265e+000 2.16611923e+001 0.00000000e+000 0.00000000e+000 0.00000000e+000 1.00000000e+000
 1.00000000e+000 3.41508365e+001 2.58906552e+001 2.38276811e+001 1.87669669e+001 8.44110850e+001 4.73162707e+001 9.98136505e+002 9.92908129e+002 5.43935464e+000 2.98176019e+000 2.18014793e+001 0.00000000e+000 0.00000000e+000 0.00000000e+000 1.00000000e+000
 1.00000000e+000 3.43547156e+001 2.69232116e+001 2.46423457e+001 2.01099242e+001 8.51980957e+001 4.96328588e+001 1.00023239e+003 9.95008451e+002 5.56161890e+000 3.43439393e+000 2.19606311e+001 0.00000000e+000 0.00000000e+000 0.00000000e+000 1.00000000e+000
 1.00000000e+000 3.57073565e+001 2.74653290e+001 2.49137468e+001 1.94438093e+001 8.33770514e+001 4.66231432e+001 1.00121286e+003 9.95964140e+002 5.44902733e+000 3.21985955e+000 2.15032774e+001 1.00000000e+000 0.00000000e+000 0.00000000e+000 0.00000000e+000
 1.00000000e+000 3.49154402e+001 2.73197388e+001 2.57139267e+001 1.93803512e+001 8.29168924e+001 4.65071595e+001 1.00078096e+003 9.96398402e+002 5.56311244e+000 3.55288901e+000 2.10258508e+001 1.00000000e+000 0.00000000e+000 0.00000000e+000 0.00000000e+000
 1.00000000e+000 3.46549370e+001 2.73432894e+001 2.59972607e+001 1.86992998e+001 8.34721799e+001 5.18453817e+001 1.00107313e+003 9.97714420e+002 5.48966906e+000 4.22470209e+000 2.32125017e+001 1.00000000e+000 0.00000000e+000 0.00000000e+000 0.00000000e+000
 1.00000000e+000 3.36652174e+001 2.61937365e+001 2.52416738e+001 1.79598983e+001 8.45065584e+001 5.18545067e+001 1.00029561e+003 9.96683472e+002 5.62811899e+000 3.83593235e+000 2.32099871e+001 0.00000000e+000 0.00000000e+000 0.00000000e+000 1.00000000e+000
 1.00000000e+000 3.34614207e+001 2.59592856e+001 2.41829168e+001 1.92473189e+001 8.49499070e+001 4.84037948e+001 1.00077565e+003 9.96226077e+002 5.03314522e+000 2.89500862e+000 2.07189341e+001 0.00000000e+000 0.00000000e+000 0.00000000e+000 1.00000000e+000
 1.00000000e+000 3.48913431e+001 2.73984099e+001 2.46917893e+001 2.03608057e+001 8.36210697e+001 4.89074431e+001 1.00341683e+003 9.98952881e+002 4.71847087e+000 2.68956218e+000 2.25690309e+001 0.00000000e+000 0.00000000e+000 0.00000000e+000 1.00000000e+000
 1.00000000e+000 3.58043180e+001 2.82540212e+001 2.53783830e+001 2.06878926e+001 8.29537044e+001 4.77480149e+001 1.00454764e+003 9.99727948e+002 4.98549155e+000 2.51887477e+000 2.25486974e+001 0.00000000e+000 1.00000000e+000 0.00000000e+000 0.00000000e+000
 1.00000000e+000 3.53242972e+001 2.74125668e+001 2.43677894e+001 2.01394561e+001 8.02067647e+001 4.48844962e+001 1.00363140e+003 9.99202219e+002 4.54451515e+000 2.89154688e+000 2.14376705e+001 0.00000000e+000 0.00000000e+000 0.00000000e+000 1.00000000e+000
 1.00000000e+000 3.50132927e+001 2.70120240e+001 2.50392807e+001 1.91071339e+001 8.35496716e+001 4.90789411e+001 1.00390741e+003 9.99437262e+002 5.44741811e+000 3.78502171e+000 2.25366265e+001 0.00000000e+000 1.00000000e+000 0.00000000e+000 0.00000000e+000
 1.00000000e+000 3.16922678e+001 2.51123977e+001 2.53083662e+001 1.77029231e+001 8.66978492e+001 5.55091998e+001 1.00514169e+003 1.00224622e+003 5.26863095e+000 3.66352356e+000 2.14817973e+001 0.00000000e+000 0.00000000e+000 0.00000000e+000 1.00000000e+000
 1.00000000e+000 3.22649823e+001 2.53664899e+001 2.45595278e+001 1.87798555e+001 8.66680254e+001 5.39459078e+001 1.00495359e+003 1.00121917e+003 5.10777403e+000 3.70343013e+000 2.12888264e+001 0.00000000e+000 0.00000000e+000 0.00000000e+000 1.00000000e+000
 1.00000000e+000 3.40002843e+001 2.64153824e+001 2.50104031e+001 1.87843511e+001 8.48708625e+001 5.25066590e+001 1.00408599e+003 1.00008477e+003 5.43437510e+000 4.24072185e+000 2.27020508e+001 0.00000000e+000 0.00000000e+000 0.00000000e+000 1.00000000e+000
 1.00000000e+000 3.19351746e+001 2.57035697e+001 2.47235731e+001 1.97644643e+001 8.85893243e+001 5.56057725e+001 1.00359516e+003 9.99032504e+002 5.49663812e+000 3.48288469e+000 2.10658725e+001 0.00000000e+000 0.00000000e+000 0.00000000e+000 1.00000000e+000
 1.00000000e+000 3.26732830e+001 2.60452791e+001 2.47081422e+001 2.02436706e+001 8.56036388e+001 4.98404534e+001 1.00239981e+003 9.97991906e+002 5.19488057e+000 3.04422188e+000 2.05935705e+001 0.00000000e+000 0.00000000e+000 0.00000000e+000 1.00000000e+000
 1.00000000e+000 3.33016092e+001 2.65995271e+001 2.55055675e+001 1.96200010e+001 8.53011189e+001 5.26523684e+001 1.00473315e+003 1.00095884e+003 5.33472034e+000 3.80542118e+000 2.17747418e+001 1.00000000e+000 0.00000000e+000 0.00000000e+000 0.00000000e+000
 1.00000000e+000 3.35841481e+001 2.63418905e+001 2.46170783e+001 1.86997609e+001 8.21714357e+001 4.96413492e+001 1.00435451e+003 1.00075925e+003 5.11102860e+000 3.76449527e+000 2.18655149e+001 0.00000000e+000 1.00000000e+000 0.00000000e+000 0.00000000e+000
 1.00000000e+000 3.33867203e+001 2.64289402e+001 2.48108676e+001 1.96500869e+001 8.56162354e+001 5.20199456e+001 1.00295155e+003 9.98749243e+002 5.35870177e+000 3.58559254e+000 2.24592282e+001 1.00000000e+000 0.00000000e+000 0.00000000e+000 0.00000000e+000
 1.00000000e+000 3.40841314e+001 2.63239871e+001 2.43446675e+001 1.89169779e+001 8.51796698e+001 4.92646531e+001 1.00331159e+003 9.98533139e+002 5.43765556e+000 3.01321940e+000 2.23465462e+001 0.00000000e+000 0.00000000e+000 0.00000000e+000 1.00000000e+000
 1.00000000e+000 3.32925142e+001 2.61981703e+001 2.55666173e+001 1.87356552e+001 8.53554952e+001 5.38752115e+001 1.00506392e+003 1.00129030e+003 5.78060085e+000 4.36038086e+000 2.28791927e+001 0.00000000e+000 0.00000000e+000 0.00000000e+000 1.00000000e+000
 1.00000000e+000 3.10601841e+001 2.38711626e+001 2.29570618e+001 1.79938056e+001 8.69650209e+001 4.68567595e+001 1.00373994e+003 9.99932924e+002 4.52066843e+000 2.18201171e+000 1.85935040e+001 0.00000000e+000 0.00000000e+000 0.00000000e+000 1.00000000e+000
 1.00000000e+000 3.27222476e+001 2.51192828e+001 2.47842253e+001 1.74803328e+001 8.37117495e+001 5.06569080e+001 1.00230711e+003 9.99424234e+002 5.12568826e+000 3.78652473e+000 2.22089986e+001 0.00000000e+000 0.00000000e+000 0.00000000e+000 1.00000000e+000
 1.00000000e+000 3.31385682e+001 2.59119937e+001 2.51789013e+001 1.83672206e+001 8.46671077e+001 5.17231463e+001 1.00276183e+003 9.99336276e+002 5.24737911e+000 3.75994530e+000 2.17193531e+001 0.00000000e+000 0.00000000e+000 0.00000000e+000 1.00000000e+000
 1.00000000e+000 3.30668004e+001 2.55988529e+001 2.42289523e+001 1.88913367e+001 8.48358305e+001 4.96596310e+001 1.00345568e+003 9.99514366e+002 4.88969849e+000 3.24821386e+000 2.10047965e+001 0.00000000e+000 0.00000000e+000 0.00000000e+000 1.00000000e+000
 1.00000000e+000 3.32867315e+001 2.61743505e+001 2.47357455e+001 1.93736968e+001 8.57909002e+001 5.05608073e+001 1.00208285e+003 9.97546002e+002 5.24482941e+000 3.10223773e+000 2.06263045e+001 0.00000000e+000 0.00000000e+000 0.00000000e+000 1.00000000e+000
 1.00000000e+000 3.39861335e+001 2.61396507e+001 2.45521297e+001 1.88986345e+001 8.41149690e+001 4.89411697e+001 1.00174980e+003 9.97346070e+002 5.34222831e+000 3.58690288e+000 2.18439184e+001 0.00000000e+000 0.00000000e+000 0.00000000e+000 1.00000000e+000
 1.00000000e+000 3.35426102e+001 2.56964130e+001 2.45259928e+001 1.89464384e+001 8.64568053e+001 5.09490820e+001 1.00551132e+003 1.00173117e+003 4.39280240e+000 2.63121226e+000 2.13383798e+001 0.00000000e+000 0.00000000e+000 0.00000000e+000 1.00000000e+000
 1.00000000e+000 3.47492079e+001 2.69246140e+001 2.45985591e+001 1.92363652e+001 8.50482367e+001 4.86558697e+001 1.00442477e+003 9.99470109e+002 5.23118636e+000 2.95851574e+000 2.12219597e+001 0.00000000e+000 0.00000000e+000 0.00000000e+000 1.00000000e+000
 1.00000000e+000 3.53909417e+001 2.78898293e+001 2.47191660e+001 2.06419891e+001 8.40172130e+001 4.70837631e+001 1.00474753e+003 9.99720280e+002 4.52251527e+000 1.75305296e+000 2.10199800e+001 0.00000000e+000 0.00000000e+000 0.00000000e+000 1.00000000e+000
 1.00000000e+000 3.42724717e+001 2.64488683e+001 2.43999061e+001 1.91535563e+001 8.39818963e+001 4.78426731e+001 1.00359897e+003 9.99319252e+002 4.84706897e+000 3.11319013e+000 2.09291030e+001 0.00000000e+000 0.00000000e+000 0.00000000e+000 1.00000000e+000
 1.00000000e+000 3.47481239e+001 2.68532774e+001 2.43393304e+001 1.95117126e+001 8.40708569e+001 4.66206201e+001 1.00193200e+003 9.97027918e+002 5.09196922e+000 2.79240316e+000 2.12397454e+001 0.00000000e+000 0.00000000e+000 0.00000000e+000 1.00000000e+000
 1.00000000e+000 3.46562518e+001 2.77789525e+001 2.46490692e+001 2.02021165e+001 7.96126549e+001 4.63590270e+001 1.00283895e+003 9.98716800e+002 4.68756409e+000 2.37652532e+000 2.19230440e+001 0.00000000e+000 0.00000000e+000 0.00000000e+000 1.00000000e+000
 1.00000000e+000 3.31827694e+001 2.53820947e+001 2.20134480e+001 1.79307543e+001 8.01235242e+001 4.45696041e+001 1.00648113e+003 1.00201015e+003 4.85689678e+000 3.03265164e+000 2.12777265e+001 0.00000000e+000 0.00000000e+000 0.00000000e+000 1.00000000e+000
 1.00000000e+000 3.40221641e+001 2.57600301e+001 2.33446191e+001 1.91778019e+001 8.44788433e+001 4.56008718e+001 1.00745027e+003 1.00238814e+003 4.53064058e+000 1.61141802e+000 2.08126397e+001 1.00000000e+000 0.00000000e+000 0.00000000e+000 0.00000000e+000
 1.00000000e+000 3.37037551e+001 2.64781768e+001 2.54266317e+001 2.06059032e+001 8.79029435e+001 5.14488293e+001 1.00785446e+003 1.00442076e+003 3.57519632e+000 1.56887283e+000 2.02914631e+001 1.00000000e+000 0.00000000e+000 0.00000000e+000 0.00000000e+000
 1.00000000e+000 3.45753833e+001 2.67237620e+001 2.51884989e+001 2.07944166e+001 8.73641353e+001 4.97442186e+001 1.00703591e+003 1.00259863e+003 3.99437283e+000 1.44605080e+000 2.10541575e+001 1.00000000e+000 0.00000000e+000 0.00000000e+000 0.00000000e+000
 1.00000000e+000 3.64457130e+001 2.95051579e+001 2.48769442e+001 2.22649853e+001 7.98965632e+001 4.64062316e+001 1.00765592e+003 1.00272836e+003 3.68791882e+000 8.74445576e-001 2.16463074e+001 1.00000000e+000 0.00000000e+000 0.00000000e+000 0.00000000e+000
 1.00000000e+000 3.57239425e+001 2.68319676e+001 2.40029326e+001 1.90065995e+001 8.02819860e+001 4.38392714e+001 1.00799727e+003 1.00438539e+003 3.15944272e+000 5.04201271e-001 2.20875784e+001 1.00000000e+000 0.00000000e+000 0.00000000e+000 0.00000000e+000
 1.00000000e+000 3.50290759e+001 2.60229534e+001 2.28691036e+001 1.79768152e+001 7.92161593e+001 4.18073941e+001 1.00729235e+003 1.00359447e+003 3.53818999e+000 1.04889094e+000 2.19753499e+001 0.00000000e+000 0.00000000e+000 0.00000000e+000 1.00000000e+000
 1.00000000e+000 3.40936538e+001 2.51922159e+001 2.24658502e+001 1.76666493e+001 7.97514714e+001 4.18369596e+001 1.00713709e+003 1.00357746e+003 3.49499191e+000 9.19567457e-001 2.16365737e+001 1.00000000e+000 0.00000000e+000 0.00000000e+000 0.00000000e+000
 1.00000000e+000 3.41818976e+001 2.54428632e+001 2.22601912e+001 1.80450162e+001 7.84180157e+001 4.10911181e+001 1.00520793e+003 1.00101789e+003 3.82570183e+000 1.18244221e+000 2.13732267e+001 1.00000000e+000 0.00000000e+000 0.00000000e+000 0.00000000e+000
 1.00000000e+000 3.50144002e+001 2.58369922e+001 2.19793965e+001 1.72898957e+001 7.69087606e+001 4.09360024e+001 1.00756565e+003 1.00342326e+003 3.86033688e+000 1.48636531e+000 2.22928397e+001 1.00000000e+000 0.00000000e+000 0.00000000e+000 0.00000000e+000
 1.00000000e+000 3.44910352e+001 2.58945849e+001 2.14333103e+001 1.81541196e+001 7.64184430e+001 3.86195039e+001 1.00923396e+003 1.00464742e+003 3.57720140e+000 5.68002332e-001 2.06511629e+001 0.00000000e+000 0.00000000e+000 0.00000000e+000 1.00000000e+000
 1.00000000e+000 3.43884092e+001 2.60192299e+001 2.22537801e+001 1.83226050e+001 8.09440396e+001 4.23112443e+001 1.01038940e+003 1.00572347e+003 4.21021014e+000 1.48382270e+000 2.11485574e+001 0.00000000e+000 0.00000000e+000 0.00000000e+000 1.00000000e+000
 1.00000000e+000 3.52470321e+001 2.67422344e+001 2.19417632e+001 1.85722357e+001 8.00552661e+001 4.25234768e+001 1.01165224e+003 1.00680858e+003 5.55440780e+000 1.51615920e+000 2.97372383e+001 0.00000000e+000 0.00000000e+000 0.00000000e+000 1.00000000e+000
 1.00000000e+000 3.46185558e+001 2.45278381e+001 2.15262160e+001 1.64774262e+001 8.13436002e+001 4.10230546e+001 1.00872368e+003 1.00368792e+003 4.99829321e+000 3.03941042e+000 2.21854284e+001 0.00000000e+000 0.00000000e+000 0.00000000e+000 1.00000000e+000
 1.00000000e+000 3.57965644e+001 2.71489399e+001 2.28132054e+001 1.90945591e+001 7.88381320e+001 3.98166733e+001 1.00968501e+003 1.00513461e+003 3.53611848e+000 7.68148528e-001 2.05925901e+001 0.00000000e+000 1.00000000e+000 0.00000000e+000 0.00000000e+000
 1.00000000e+000 3.50451877e+001 2.62053325e+001 2.33030261e+001 1.86812750e+001 8.39255112e+001 4.40579646e+001 1.01076221e+003 1.00568777e+003 4.51063197e+000 1.64377538e+000 2.12600201e+001 0.00000000e+000 1.00000000e+000 0.00000000e+000 0.00000000e+000
 1.00000000e+000 3.47960742e+001 2.62476242e+001 2.20939125e+001 1.83609645e+001 7.96265719e+001 4.24770496e+001 1.01077248e+003 1.00516575e+003 5.11058096e+000 2.89852750e+000 2.11466894e+001 0.00000000e+000 0.00000000e+000 0.00000000e+000 1.00000000e+000
 1.00000000e+000 3.49631344e+001 2.58810584e+001 2.34128364e+001 1.77013826e+001 8.24553296e+001 4.23158268e+001 1.00842351e+003 1.00438933e+003 4.56805112e+000 2.72018607e+000 2.11571070e+001 0.00000000e+000 0.00000000e+000 0.00000000e+000 1.00000000e+000
 1.00000000e+000 3.47308618e+001 2.56727830e+001 2.22984189e+001 1.70159188e+001 7.84023674e+001 3.90753951e+001 1.00515876e+003 1.00107086e+003 4.67193796e+000 2.69633351e+000 2.15320013e+001 1.00000000e+000 0.00000000e+000 0.00000000e+000 0.00000000e+000
 1.00000000e+000 3.40413527e+001 2.47413546e+001 2.28421242e+001 1.56345413e+001 7.97280311e+001 4.15693761e+001 1.00594681e+003 1.00307206e+003 4.01476948e+000 1.90105739e+000 2.14115787e+001 0.00000000e+000 0.00000000e+000 0.00000000e+000 1.00000000e+000
 1.00000000e+000 3.40055308e+001 2.42405504e+001 2.10882731e+001 1.58387745e+001 7.83547821e+001 3.69290520e+001 1.00682055e+003 1.00283189e+003 3.85120106e+000 1.47352186e+000 2.00549875e+001 0.00000000e+000 0.00000000e+000 0.00000000e+000 1.00000000e+000
 1.00000000e+000 3.40772406e+001 2.38980081e+001 2.14313901e+001 1.61204116e+001 8.23893090e+001 3.96458692e+001 1.00717854e+003 1.00295138e+003 3.84256746e+000 1.25866918e+000 2.07660269e+001 0.00000000e+000 0.00000000e+000 0.00000000e+000 1.00000000e+000
 1.00000000e+000 3.40204143e+001 2.46504410e+001 2.20915660e+001 1.71286615e+001 8.29123929e+001 4.11190808e+001 1.00616957e+003 1.00201050e+003 3.65480223e+000 1.02153370e+000 1.98375832e+001 0.00000000e+000 0.00000000e+000 0.00000000e+000 1.00000000e+000
 1.00000000e+000 3.45801115e+001 2.63367111e+001 2.33920316e+001 1.78169536e+001 8.13898611e+001 4.66480731e+001 1.00550909e+003 1.00034092e+003 5.92055242e+000 3.45128198e+000 2.35335172e+001 0.00000000e+000 0.00000000e+000 0.00000000e+000 1.00000000e+000
 1.00000000e+000 3.36079661e+001 2.49508199e+001 2.26744957e+001 1.82487913e+001 8.65950928e+001 4.71829528e+001 1.00667527e+003 1.00079280e+003 5.51160735e+000 2.48201482e+000 2.19404919e+001 0.00000000e+000 0.00000000e+000 0.00000000e+000 1.00000000e+000
 1.00000000e+000 3.31766948e+001 2.43511525e+001 2.20092699e+001 1.73248577e+001 8.30740008e+001 4.48709804e+001 1.00477753e+003 9.99760966e+002 5.13143754e+000 2.75138765e+000 2.17429401e+001 0.00000000e+000 0.00000000e+000 0.00000000e+000 1.00000000e+000
 1.00000000e+000 3.44747402e+001 2.65145071e+001 2.33749247e+001 1.95693768e+001 8.22015398e+001 4.49681648e+001 1.00520250e+003 1.00038998e+003 4.33981720e+000 2.02081600e+000 2.06028523e+001 0.00000000e+000 0.00000000e+000 0.00000000e+000 1.00000000e+000
 1.00000000e+000 3.48857971e+001 2.67922270e+001 2.36340411e+001 1.90539393e+001 8.14585136e+001 4.40734996e+001 1.00624665e+003 1.00179014e+003 4.32678844e+000 1.70167844e+000 2.12285005e+001 0.00000000e+000 0.00000000e+000 0.00000000e+000 1.00000000e+000
 1.00000000e+000 3.48462585e+001 2.64166054e+001 2.32230948e+001 1.87949823e+001 8.19247264e+001 4.46475840e+001 1.00839447e+003 1.00376196e+003 4.44958220e+000 2.14346902e+000 2.17204416e+001 0.00000000e+000 0.00000000e+000 0.00000000e+000 1.00000000e+000
 1.00000000e+000 3.44217823e+001 2.53340055e+001 2.31981830e+001 1.78184236e+001 8.53234678e+001 4.77563946e+001 1.01045518e+003 1.00513370e+003 5.58818317e+000 3.45322416e+000 2.29204184e+001 0.00000000e+000 0.00000000e+000 0.00000000e+000 1.00000000e+000
 1.00000000e+000 3.44975488e+001 2.60198902e+001 2.30685309e+001 1.86542641e+001 8.21546176e+001 4.51773285e+001 1.00926252e+003 1.00456610e+003 4.39995536e+000 2.01242719e+000 2.14296426e+001 0.00000000e+000 0.00000000e+000 0.00000000e+000 1.00000000e+000
 1.00000000e+000 3.44175188e+001 2.51616515e+001 2.27487129e+001 1.77606541e+001 8.26871215e+001 4.31980303e+001 1.00898377e+003 1.00467284e+003 4.02386582e+000 1.70603839e+000 2.08469497e+001 0.00000000e+000 0.00000000e+000 0.00000000e+000 1.00000000e+000
 1.00000000e+000 3.22703052e+001 2.50669456e+001 2.31191648e+001 1.79601330e+001 8.26431489e+001 4.85724908e+001 1.00666034e+003 1.00267416e+003 5.12070820e+000 3.35663234e+000 2.12131856e+001 0.00000000e+000 0.00000000e+000 0.00000000e+000 1.00000000e+000
 1.00000000e+000 3.19834748e+001 2.40836026e+001 2.27897336e+001 1.82605248e+001 8.58262823e+001 4.89543641e+001 1.00815406e+003 1.00406282e+003 4.24926274e+000 2.05946420e+000 2.05415969e+001 0.00000000e+000 0.00000000e+000 0.00000000e+000 1.00000000e+000
 1.00000000e+000 3.35380188e+001 2.54699835e+001 2.39853592e+001 1.90226150e+001 8.61062416e+001 4.77102722e+001 1.01100086e+003 1.00708915e+003 3.65619494e+000 9.18140414e-001 2.01967847e+001 0.00000000e+000 0.00000000e+000 0.00000000e+000 1.00000000e+000
 1.00000000e+000 3.41558496e+001 2.50718271e+001 2.27911232e+001 1.75693098e+001 8.32924919e+001 4.43389110e+001 1.01386527e+003 1.01011783e+003 3.55017753e+000 8.81433164e-001 2.15399269e+001 0.00000000e+000 0.00000000e+000 0.00000000e+000 1.00000000e+000
 1.00000000e+000 3.38594711e+001 2.39012306e+001 2.09062463e+001 1.65354557e+001 8.09358496e+001 4.14060100e+001 1.01251547e+003 1.00843081e+003 3.41152490e+000 9.32707938e-001 2.19371403e+001 0.00000000e+000 0.00000000e+000 0.00000000e+000 1.00000000e+000
 1.00000000e+000 3.04880852e+001 2.25524165e+001 2.23839719e+001 1.64597154e+001 8.68837514e+001 5.18011272e+001 1.01035966e+003 1.00734404e+003 4.34351043e+000 2.64063070e+000 2.16962192e+001 0.00000000e+000 0.00000000e+000 0.00000000e+000 1.00000000e+000
 1.00000000e+000 3.20160089e+001 2.28557208e+001 2.11522448e+001 1.64295120e+001 8.48191706e+001 4.32425009e+001 1.00806271e+003 1.00412982e+003 3.54262327e+000 9.15358721e-001 1.94373913e+001 0.00000000e+000 0.00000000e+000 0.00000000e+000 1.00000000e+000
 1.00000000e+000 3.26084048e+001 2.41781395e+001 2.15731527e+001 1.73788792e+001 8.52246341e+001 4.44862035e+001 1.00930827e+003 1.00399463e+003 4.67186820e+000 1.46013055e+000 1.96473675e+001 0.00000000e+000 0.00000000e+000 0.00000000e+000 1.00000000e+000
 1.00000000e+000 3.34442170e+001 2.50068027e+001 2.16133326e+001 1.78234526e+001 8.29191223e+001 4.41729949e+001 1.01203701e+003 1.00675905e+003 4.76371351e+000 2.33470362e+000 2.04407592e+001 0.00000000e+000 0.00000000e+000 0.00000000e+000 1.00000000e+000
 1.00000000e+000 3.32830135e+001 2.29162686e+001 2.05062702e+001 1.46034453e+001 7.74016611e+001 3.91695964e+001 1.01093582e+003 1.00822211e+003 3.84788186e+000 3.36551190e+000 2.17705456e+001 0.00000000e+000 0.00000000e+000 0.00000000e+000 1.00000000e+000
 1.00000000e+000 3.43197181e+001 2.54665912e+001 2.21822463e+001 1.83544894e+001 8.30194046e+001 4.32762164e+001 1.01441345e+003 1.00941217e+003 4.20762949e+000 1.60354104e+000 2.08232212e+001 0.00000000e+000 0.00000000e+000 0.00000000e+000 1.00000000e+000
 1.00000000e+000 3.36832131e+001 2.45481506e+001 2.16261827e+001 1.71048791e+001 8.31046597e+001 4.16266855e+001 1.01444705e+003 1.00988148e+003 3.80989925e+000 9.47520134e-001 1.96070792e+001 0.00000000e+000 0.00000000e+000 0.00000000e+000 1.00000000e+000
 1.00000000e+000 3.08455053e+001 2.03986798e+001 2.07331605e+001 1.31715634e+001 8.37947874e+001 4.57409334e+001 1.01558565e+003 1.01330106e+003 4.38303639e+000 3.80488660e+000 2.25445024e+001 0.00000000e+000 0.00000000e+000 0.00000000e+000 1.00000000e+000
 1.00000000e+000 3.15906274e+001 2.31614918e+001 2.21522983e+001 1.71820284e+001 8.60725666e+001 4.74805497e+001 1.01215180e+003 1.00819762e+003 4.01081072e+000 1.76661926e+000 1.96140531e+001 0.00000000e+000 0.00000000e+000 0.00000000e+000 1.00000000e+000
 1.00000000e+000 3.18663820e+001 2.32571283e+001 2.14843472e+001 1.72663021e+001 8.76618741e+001 4.61400291e+001 1.01116786e+003 1.00627134e+003 4.49407023e+000 2.00915129e+000 1.94183388e+001 0.00000000e+000 0.00000000e+000 0.00000000e+000 1.00000000e+000
 1.00000000e+000 3.27900275e+001 2.38722191e+001 2.15062881e+001 1.70981001e+001 8.42432432e+001 4.53472485e+001 1.00994367e+003 1.00485140e+003 5.00964244e+000 2.67564451e+000 2.14572598e+001 0.00000000e+000 0.00000000e+000 0.00000000e+000 1.00000000e+000
 1.00000000e+000 3.29977622e+001 2.35264614e+001 2.17123509e+001 1.64178331e+001 8.48772740e+001 4.25206760e+001 1.01163690e+003 1.00707039e+003 4.11621376e+000 1.14692713e+000 1.97350650e+001 0.00000000e+000 0.00000000e+000 0.00000000e+000 1.00000000e+000
 1.00000000e+000 3.22410798e+001 2.13819081e+001 1.99518414e+001 1.43823254e+001 8.54521435e+001 4.00410049e+001 1.01199711e+003 1.00700765e+003 4.57039318e+000 2.03795801e+000 1.96465876e+001 0.00000000e+000 0.00000000e+000 0.00000000e+000 1.00000000e+000
 1.00000000e+000 3.24706872e+001 2.25129510e+001 2.01477568e+001 1.55151768e+001 8.47092543e+001 4.14418301e+001 1.01229091e+003 1.00673092e+003 4.78085413e+000 1.75779205e+000 1.99487317e+001 0.00000000e+000 0.00000000e+000 0.00000000e+000 1.00000000e+000
 1.00000000e+000 3.21021383e+001 2.30273168e+001 2.01643924e+001 1.62494025e+001 8.42854715e+001 4.30585764e+001 1.01428052e+003 1.00872521e+003 4.72700904e+000 1.64053506e+000 1.99004016e+001 0.00000000e+000 0.00000000e+000 0.00000000e+000 1.00000000e+000
 1.00000000e+000 3.14659931e+001 2.09209027e+001 1.85901184e+001 1.40279246e+001 8.23594408e+001 3.77608095e+001 1.01468169e+003 1.00951679e+003 4.65741586e+000 1.98999190e+000 1.97926536e+001 0.00000000e+000 0.00000000e+000 0.00000000e+000 1.00000000e+000
 1.00000000e+000 3.03591366e+001 1.92463320e+001 1.77411820e+001 1.26211644e+001 8.53445885e+001 3.83641796e+001 1.01403302e+003 1.00913575e+003 4.13853107e+000 1.15932536e+000 1.87113156e+001 0.00000000e+000 0.00000000e+000 0.00000000e+000 1.00000000e+000
 1.00000000e+000 3.03977158e+001 1.94116901e+001 1.78314620e+001 1.27543897e+001 8.56827213e+001 3.79567554e+001 1.01234135e+003 1.00716750e+003 4.34016114e+000 1.02242817e+000 1.86635948e+001 0.00000000e+000 0.00000000e+000 0.00000000e+000 1.00000000e+000
 1.00000000e+000 3.12667854e+001 1.93289791e+001 1.76458051e+001 1.16578828e+001 8.44294068e+001 3.63940387e+001 1.01340205e+003 1.00817267e+003 4.28710416e+000 8.19910782e-001 1.89820620e+001 0.00000000e+000 0.00000000e+000 1.00000000e+000 0.00000000e+000
 1.00000000e+000 3.01120630e+001 1.97612500e+001 1.78357401e+001 1.31856853e+001 8.33388702e+001 3.82850495e+001 1.01646752e+003 1.01198050e+003 3.93973288e+000 1.09135983e+000 1.85377061e+001 0.00000000e+000 0.00000000e+000 0.00000000e+000 1.00000000e+000
 1.00000000e+000 2.98044406e+001 1.95846935e+001 1.85159763e+001 1.32860470e+001 8.61901533e+001 4.18444329e+001 1.01590829e+003 1.01135820e+003 4.12690517e+000 1.14148118e+000 1.87115676e+001 0.00000000e+000 0.00000000e+000 1.00000000e+000 0.00000000e+000
 1.00000000e+000 2.92810160e+001 1.88006504e+001 1.75099620e+001 1.26124788e+001 8.62094882e+001 3.94754780e+001 1.01478899e+003 1.01053668e+003 3.59028447e+000 4.71902524e-001 1.79648628e+001 0.00000000e+000 0.00000000e+000 1.00000000e+000 0.00000000e+000
 1.00000000e+000 2.98353342e+001 1.93778143e+001 1.79333556e+001 1.32083338e+001 8.65024703e+001 4.13130591e+001 1.01410580e+003 1.00923137e+003 4.03032781e+000 9.33814111e-001 1.86766205e+001 0.00000000e+000 0.00000000e+000 0.00000000e+000 1.00000000e+000
 1.00000000e+000 2.85872420e+001 1.77020356e+001 1.66585049e+001 1.13170179e+001 8.44048333e+001 3.62446370e+001 1.01296618e+003 1.00844589e+003 4.52554316e+000 1.70614558e+000 1.80334865e+001 0.00000000e+000 0.00000000e+000 0.00000000e+000 1.00000000e+000
 1.00000000e+000 2.96124172e+001 1.85173675e+001 1.59694362e+001 1.15379268e+001 8.31084250e+001 3.68840021e+001 1.01238722e+003 1.00703395e+003 4.23452746e+000 5.08184269e-001 1.94075045e+001 0.00000000e+000 0.00000000e+000 0.00000000e+000 1.00000000e+000
 1.00000000e+000 2.94522872e+001 1.74161367e+001 1.55607106e+001 9.75529243e+000 8.37730269e+001 3.44739576e+001 1.01429470e+003 1.00976846e+003 3.54330229e+000 -1.71149851e-001 1.80932788e+001 0.00000000e+000 0.00000000e+000 0.00000000e+000 1.00000000e+000
 1.00000000e+000 2.99753626e+001 1.70790888e+001 1.56853711e+001 9.04570793e+000 8.14713103e+001 3.29916664e+001 1.01558957e+003 1.01137319e+003 3.88233020e+000 7.81458717e-001 1.95365417e+001 0.00000000e+000 0.00000000e+000 1.00000000e+000 0.00000000e+000
 1.00000000e+000 3.04937625e+001 1.95412419e+001 1.75571256e+001 1.22715997e+001 8.35609171e+001 3.86077187e+001 1.01611568e+003 1.01144274e+003 4.29887189e+000 1.59747585e+000 1.96537198e+001 0.00000000e+000 0.00000000e+000 0.00000000e+000 1.00000000e+000
 1.00000000e+000 2.90530320e+001 1.90758513e+001 1.66777449e+001 1.22970657e+001 7.88928898e+001 3.67380860e+001 1.01517825e+003 1.01059775e+003 4.57394970e+000 1.67689917e+000 1.96825303e+001 0.00000000e+000 0.00000000e+000 1.00000000e+000 0.00000000e+000
 1.00000000e+000 2.72767325e+001 1.71763338e+001 1.59696071e+001 1.18839142e+001 8.72714185e+001 3.95486653e+001 1.01623602e+003 1.01141569e+003 3.84202158e+000 -1.26698737e-002 1.73505685e+001 0.00000000e+000 0.00000000e+000 0.00000000e+000 1.00000000e+000
 1.00000000e+000 2.76847393e+001 1.44544841e+001 1.32578863e+001 6.78495539e+000 8.22212261e+001 3.18186981e+001 1.01805879e+003 1.01390083e+003 3.80956858e+000 4.08799834e-001 1.91382200e+001 0.00000000e+000 0.00000000e+000 1.00000000e+000 0.00000000e+000
 1.00000000e+000 2.70808232e+001 1.36836891e+001 1.23338721e+001 6.09962969e+000 8.18698682e+001 3.17199889e+001 1.01951191e+003 1.01462830e+003 4.47281208e+000 1.21053399e+000 1.88178127e+001 0.00000000e+000 0.00000000e+000 0.00000000e+000 1.00000000e+000
 1.00000000e+000 2.47691418e+001 1.31578700e+001 1.21716881e+001 7.89504421e+000 8.85783238e+001 3.64867402e+001 1.01917119e+003 1.01389381e+003 3.80546355e+000 -4.31226886e-001 1.58967887e+001 0.00000000e+000 0.00000000e+000 1.00000000e+000 0.00000000e+000
 1.00000000e+000 2.65599095e+001 1.48288920e+001 1.37947386e+001 8.85827766e+000 8.41940680e+001 3.56894744e+001 1.01775316e+003 1.01327224e+003 3.60358001e+000 -2.99592294e-003 1.75743457e+001 0.00000000e+000 0.00000000e+000 1.00000000e+000 0.00000000e+000
 1.00000000e+000 2.71116135e+001 1.71438465e+001 1.52467827e+001 1.19864834e+001 8.61236358e+001 3.97712547e+001 1.01805759e+003 1.01327022e+003 3.68241951e+000 2.27783603e-001 1.77657449e+001 0.00000000e+000 0.00000000e+000 1.00000000e+000 0.00000000e+000
 1.00000000e+000 2.60497015e+001 1.58695875e+001 1.52792095e+001 1.10612834e+001 8.79859351e+001 4.10262349e+001 1.01795082e+003 1.01366963e+003 3.50404075e+000 1.08717698e-001 1.69264061e+001 0.00000000e+000 0.00000000e+000 1.00000000e+000 0.00000000e+000
 1.00000000e+000 2.57871471e+001 1.45991622e+001 1.46277557e+001 1.01837731e+001 9.00018592e+001 4.08899487e+001 1.01906822e+003 1.01451730e+003 3.48184654e+000 3.63514690e-002 1.70426782e+001 0.00000000e+000 0.00000000e+000 0.00000000e+000 1.00000000e+000
 1.00000000e+000 2.54609295e+001 1.32710048e+001 1.34262060e+001 8.34996824e+000 9.08058327e+001 3.86544969e+001 1.01893164e+003 1.01401323e+003 4.19900142e+000 7.26397077e-001 1.79073679e+001 0.00000000e+000 0.00000000e+000 1.00000000e+000 0.00000000e+000
 1.00000000e+000 2.56643240e+001 1.24062747e+001 1.22239329e+001 6.39664760e+000 8.58153382e+001 3.48087223e+001 1.01591241e+003 1.01198548e+003 3.43569456e+000 2.22297314e-001 1.88743153e+001 0.00000000e+000 0.00000000e+000 1.00000000e+000 0.00000000e+000
 1.00000000e+000 2.58087597e+001 1.26542948e+001 1.14135266e+001 6.65435766e+000 8.57576590e+001 3.44205723e+001 1.01567248e+003 1.01051360e+003 3.57695720e+000 -2.53139510e-001 1.78911222e+001 0.00000000e+000 0.00000000e+000 1.00000000e+000 0.00000000e+000
 1.00000000e+000 2.47650994e+001 1.18140747e+001 1.18913275e+001 6.25945500e+000 8.71139954e+001 3.37217950e+001 1.01706961e+003 1.01296377e+003 3.17204682e+000 -7.12820960e-001 1.67493374e+001 0.00000000e+000 0.00000000e+000 0.00000000e+000 1.00000000e+000
 1.00000000e+000 2.51636303e+001 1.14325035e+001 1.15034990e+001 5.42160192e+000 8.61146539e+001 3.31662924e+001 1.01790492e+003 1.01404360e+003 3.11489428e+000 -1.47545727e-001 1.74731954e+001 0.00000000e+000 0.00000000e+000 1.00000000e+000 0.00000000e+000
 1.00000000e+000 2.46709804e+001 1.08148211e+001 1.10118318e+001 5.01166764e+000 8.71666070e+001 3.31388817e+001 1.01839796e+003 1.01377053e+003 3.33503438e+000 -7.37457679e-001 1.67376398e+001 0.00000000e+000 0.00000000e+000 0.00000000e+000 1.00000000e+000
 1.00000000e+000 2.57739065e+001 1.22709121e+001 1.12944972e+001 5.60420592e+000 8.49049962e+001 3.19313083e+001 1.02033003e+003 1.01597035e+003 3.06115100e+000 -6.91269374e-001 1.67776726e+001 0.00000000e+000 0.00000000e+000 0.00000000e+000 1.00000000e+000
 1.00000000e+000 2.44476369e+001 1.01879570e+001 1.03952307e+001 3.88309191e+000 8.67076138e+001 3.12972075e+001 1.02028334e+003 1.01631318e+003 2.96660016e+000 -1.12168839e+000 1.69366674e+001 0.00000000e+000 0.00000000e+000 0.00000000e+000 1.00000000e+000
 1.00000000e+000 2.59001687e+001 1.11398831e+001 1.02683471e+001 3.29018747e+000 8.03339479e+001 2.80375925e+001 1.01965194e+003 1.01588997e+003 3.27515812e+000 -2.56267281e-001 1.87152933e+001 0.00000000e+000 0.00000000e+000 0.00000000e+000 1.00000000e+000
 1.00000000e+000 2.55927025e+001 1.16719149e+001 1.15611004e+001 5.37581037e+000 8.48303455e+001 3.16858337e+001 1.01844490e+003 1.01470568e+003 2.60025748e+000 -1.44323866e+000 1.76128030e+001 0.00000000e+000 0.00000000e+000 0.00000000e+000 1.00000000e+000
 1.00000000e+000 2.58851688e+001 1.20902066e+001 1.12008070e+001 5.07645486e+000 8.09887076e+001 3.01903309e+001 1.01547541e+003 1.01146622e+003 3.25265597e+000 -1.11783997e-001 1.76930204e+001 0.00000000e+000 0.00000000e+000 1.00000000e+000 0.00000000e+000
 1.00000000e+000 2.57733062e+001 1.19583546e+001 1.20931042e+001 5.53604268e+000 8.50673566e+001 3.23761005e+001 1.01392064e+003 1.00972309e+003 3.39533267e+000 -3.73093611e-001 1.75312936e+001 0.00000000e+000 0.00000000e+000 1.00000000e+000 0.00000000e+000
 1.00000000e+000 2.55132208e+001 1.36683271e+001 1.31974741e+001 8.41318749e+000 8.75614787e+001 3.62270265e+001 1.01805205e+003 1.01365015e+003 3.12469395e+000 -8.27237461e-001 1.62558568e+001 0.00000000e+000 0.00000000e+000 1.00000000e+000 0.00000000e+000
 1.00000000e+000 2.52878516e+001 1.23086189e+001 1.24564885e+001 6.30449805e+000 8.68728850e+001 3.46985849e+001 1.01630343e+003 1.01201040e+003 3.73557523e+000 6.67700986e-002 1.72779401e+001 0.00000000e+000 0.00000000e+000 1.00000000e+000 0.00000000e+000
 1.00000000e+000 2.61717815e+001 1.26466182e+001 1.22958099e+001 6.00934774e+000 8.52472653e+001 3.26199807e+001 1.01791540e+003 1.01406281e+003 3.07535338e+000 -4.60798355e-001 1.75558863e+001 0.00000000e+000 0.00000000e+000 1.00000000e+000 0.00000000e+000
 1.00000000e+000 2.74119183e+001 1.36383749e+001 1.24741126e+001 5.98543255e+000 8.16448353e+001 3.12948985e+001 1.01581739e+003 1.01183375e+003 3.59983935e+000 3.20331193e-001 1.96463178e+001 0.00000000e+000 0.00000000e+000 0.00000000e+000 1.00000000e+000
 1.00000000e+000 2.79216660e+001 1.49579091e+001 1.32190887e+001 7.89412315e+000 8.18899515e+001 3.28291269e+001 1.01451256e+003 1.01027338e+003 3.07957517e+000 -6.94336817e-001 1.93057482e+001 0.00000000e+000 0.00000000e+000 0.00000000e+000 1.00000000e+000
 1.00000000e+000 2.67611925e+001 1.41860045e+001 1.29368798e+001 7.97213055e+000 8.44523529e+001 3.44809956e+001 1.01626440e+003 1.01115960e+003 3.80440552e+000 -6.03688860e-003 1.78720153e+001 0.00000000e+000 0.00000000e+000 0.00000000e+000 1.00000000e+000
 1.00000000e+000 2.61358752e+001 1.33533088e+001 1.28878677e+001 7.32018685e+000 8.68585113e+001 3.40150312e+001 1.01936259e+003 1.01464703e+003 3.46124011e+000 -7.23581325e-001 1.68870166e+001 0.00000000e+000 0.00000000e+000 0.00000000e+000 1.00000000e+000
 1.00000000e+000 2.63748917e+001 1.21297723e+001 1.24186669e+001 5.47956990e+000 8.66635221e+001 3.29768195e+001 1.01999711e+003 1.01618763e+003 3.34533841e+000 -1.21415949e-001 1.88628977e+001 0.00000000e+000 0.00000000e+000 0.00000000e+000 1.00000000e+000
 1.00000000e+000 2.54994312e+001 1.22430312e+001 1.17493662e+001 6.10264854e+000 8.40741277e+001 3.23835797e+001 1.01781638e+003 1.01346075e+003 3.53940526e+000 -1.97936617e-001 1.79214005e+001 0.00000000e+000 0.00000000e+000 1.00000000e+000 0.00000000e+000
 1.00000000e+000 2.56953525e+001 1.16699566e+001 1.14288970e+001 4.73246362e+000 8.31695265e+001 3.04191760e+001 1.01782711e+003 1.01372256e+003 3.33150517e+000 -4.02979586e-001 1.72331685e+001 0.00000000e+000 0.00000000e+000 1.00000000e+000 0.00000000e+000
 1.00000000e+000 2.75279575e+001 1.35264238e+001 1.15311199e+001 5.19279275e+000 7.86734585e+001 2.96880712e+001 1.01884065e+003 1.01479209e+003 3.63263604e+000 9.39394721e-001 1.94219021e+001 0.00000000e+000 0.00000000e+000 0.00000000e+000 1.00000000e+000
 1.00000000e+000 2.55591508e+001 1.21053940e+001 1.05575574e+001 4.85690650e+000 8.15801509e+001 3.03433029e+001 1.01830592e+003 1.01368805e+003 3.44093543e+000 -7.39541134e-001 1.75907422e+001 0.00000000e+000 0.00000000e+000 0.00000000e+000 1.00000000e+000
 1.00000000e+000 2.56437633e+001 1.25605634e+001 1.23127985e+001 6.73784977e+000 8.68461810e+001 3.50131263e+001 1.01920627e+003 1.01486202e+003 3.51701893e+000 8.82644516e-003 1.81276312e+001 0.00000000e+000 0.00000000e+000 0.00000000e+000 1.00000000e+000
 1.00000000e+000 2.50946714e+001 1.15108552e+001 1.19911701e+001 6.07254708e+000 8.67449070e+001 3.45270300e+001 1.01817166e+003 1.01472457e+003 2.44500849e+000 -1.22042931e+000 1.77076341e+001 0.00000000e+000 0.00000000e+000 0.00000000e+000 1.00000000e+000
 1.00000000e+000 2.40988915e+001 1.12885526e+001 1.12358987e+001 5.81176948e+000 8.56447328e+001 3.46691512e+001 1.01589947e+003 1.01175855e+003 3.21126237e+000 -6.24735539e-001 1.70022173e+001 0.00000000e+000 0.00000000e+000 0.00000000e+000 1.00000000e+000
 1.00000000e+000 2.44370770e+001 1.13001080e+001 1.23005320e+001 6.03976698e+000 8.96223118e+001 3.61061386e+001 1.01636713e+003 1.01204914e+003 3.24603077e+000 -9.79912271e-001 1.63377227e+001 0.00000000e+000 0.00000000e+000 1.00000000e+000 0.00000000e+000
 1.00000000e+000 2.51203259e+001 1.27270708e+001 1.26476918e+001 7.16729846e+000 8.82836191e+001 3.57446333e+001 1.01573874e+003 1.01103339e+003 3.82646106e+000 4.11239540e-002 1.65285126e+001 0.00000000e+000 0.00000000e+000 0.00000000e+000 1.00000000e+000
 1.00000000e+000 2.37573422e+001 1.14032807e+001 1.26591645e+001 6.63343043e+000 9.10391108e+001 3.86149696e+001 1.01470862e+003 1.01042646e+003 3.80163758e+000 3.97965631e-002 1.66006405e+001 0.00000000e+000 0.00000000e+000 0.00000000e+000 1.00000000e+000
 1.00000000e+000 2.52991632e+001 1.22103982e+001 1.15437824e+001 6.21788239e+000 8.70270882e+001 3.67628970e+001 1.01595754e+003 1.01128960e+003 5.95481751e+000 6.99905546e-001 2.93826413e+001 0.00000000e+000 0.00000000e+000 0.00000000e+000 1.00000000e+000
 1.00000000e+000 2.39045809e+001 1.04655552e+001 1.15020634e+001 5.44936962e+000 9.08444507e+001 3.67751642e+001 1.01591167e+003 1.01130972e+003 3.91410408e+000 1.21654811e-001 1.76087806e+001 0.00000000e+000 0.00000000e+000 1.00000000e+000 0.00000000e+000
 1.00000000e+000 2.45789747e+001 1.15025221e+001 1.20543320e+001 6.56853780e+000 9.03975199e+001 3.85348066e+001 1.01572053e+003 1.01106582e+003 3.71071996e+000 -1.96407501e-001 1.87944791e+001 0.00000000e+000 0.00000000e+000 0.00000000e+000 1.00000000e+000
 1.00000000e+000 2.43821160e+001 1.16013144e+001 1.14960156e+001 6.48540021e+000 8.80026748e+001 3.58990538e+001 1.01445687e+003 1.00972979e+003 3.49239752e+000 -8.23336018e-001 1.77904622e+001 0.00000000e+000 0.00000000e+000 0.00000000e+000 1.00000000e+000
 1.00000000e+000 2.37152117e+001 1.16522592e+001 1.27331762e+001 7.43204777e+000 9.09560255e+001 3.91978234e+001 1.01433327e+003 1.00996830e+003 3.31143519e+000 -6.60559931e-001 1.61018549e+001 0.00000000e+000 0.00000000e+000 0.00000000e+000 1.00000000e+000
 1.00000000e+000 2.45404031e+001 1.24091608e+001 1.27953839e+001 8.11813621e+000 9.10011226e+001 3.88981572e+001 1.01649941e+003 1.01166382e+003 3.36959025e+000 -7.24359063e-001 1.65615469e+001 1.00000000e+000 0.00000000e+000 0.00000000e+000 0.00000000e+000
 1.00000000e+000 2.31417486e+001 1.22212971e+001 1.38588824e+001 8.75866248e+000 9.15982613e+001 3.91447715e+001 1.01705442e+003 1.01280911e+003 3.81469368e+000 8.95385989e-002 1.46930776e+001 0.00000000e+000 0.00000000e+000 0.00000000e+000 1.00000000e+000
 1.00000000e+000 2.24567001e+001 1.14311154e+001 1.31696207e+001 8.41021916e+000 9.22792811e+001 3.98306100e+001 1.01512042e+003 1.01074468e+003 3.76646378e+000 -6.06438173e-002 1.48497624e+001 0.00000000e+000 0.00000000e+000 1.00000000e+000 0.00000000e+000
 1.00000000e+000 2.23963811e+001 1.19034534e+001 1.49113043e+001 7.40066489e+000 9.07885377e+001 4.28549274e+001 1.01296810e+003 1.01022194e+003 3.98544269e+000 6.13044176e-001 1.60748341e+001 0.00000000e+000 0.00000000e+000 1.00000000e+000 0.00000000e+000
 1.00000000e+000 2.32584679e+001 1.25433245e+001 1.45608286e+001 7.82465323e+000 9.20150410e+001 4.38994712e+001 1.01383949e+003 1.01017353e+003 4.14638503e+000 4.88111750e-001 1.68457269e+001 0.00000000e+000 0.00000000e+000 1.00000000e+000 0.00000000e+000
 1.00000000e+000 2.25922890e+001 1.29217402e+001 1.54643123e+001 8.46388618e+000 9.33646824e+001 5.02763127e+001 1.01781579e+003 1.01509988e+003 4.17927625e+000 1.70531558e+000 1.79327529e+001 0.00000000e+000 0.00000000e+000 1.00000000e+000 0.00000000e+000
 1.00000000e+000 2.17443918e+001 1.28305553e+001 1.55822481e+001 9.20884386e+000 9.53380964e+001 5.30495103e+001 1.01812790e+003 1.01510687e+003 4.32165967e+000 1.74417901e+000 1.74007247e+001 0.00000000e+000 0.00000000e+000 1.00000000e+000 0.00000000e+000
 1.00000000e+000 2.34303729e+001 1.34709716e+001 1.51968100e+001 8.46142430e+000 9.22123066e+001 5.09307933e+001 1.02005001e+003 1.01731521e+003 5.90162508e+000 2.40151978e+000 2.79847092e+001 0.00000000e+000 0.00000000e+000 1.00000000e+000 0.00000000e+000
 1.00000000e+000 2.13249616e+001 1.10325021e+001 1.43009122e+001 7.19128267e+000 9.44206213e+001 4.90581570e+001 1.02182598e+003 1.01878533e+003 4.37274733e+000 1.46979271e+000 1.75788142e+001 0.00000000e+000 0.00000000e+000 1.00000000e+000 0.00000000e+000
 1.00000000e+000 2.11337381e+001 9.18910652e+000 1.15286790e+001 6.27747757e+000 9.42462420e+001 4.26573176e+001 1.02256372e+003 1.01839520e+003 3.94190459e+000 4.91318893e-001 1.68794420e+001 0.00000000e+000 0.00000000e+000 1.00000000e+000 0.00000000e+000
 1.00000000e+000 2.08172518e+001 7.19105590e+000 9.40888353e+000 3.60680599e+000 9.35482901e+001 3.62532736e+001 1.02177822e+003 1.01759729e+003 3.58328910e+000 -4.14416175e-001 1.63266481e+001 0.00000000e+000 0.00000000e+000 1.00000000e+000 0.00000000e+000
 1.00000000e+000 1.97684594e+001 6.24995782e+000 7.80325582e+000 3.04574931e+000 8.97362517e+001 3.37654056e+001 1.02023928e+003 1.01571415e+003 3.66659342e+000 -2.13844577e-001 1.57286120e+001 0.00000000e+000 0.00000000e+000 1.00000000e+000 0.00000000e+000
 1.00000000e+000 2.02244299e+001 8.24617310e+000 1.06412489e+001 5.38552754e+000 9.38498772e+001 4.17254562e+001 1.02103635e+003 1.01815436e+003 2.70303255e+000 -2.41429803e-001 1.59047591e+001 0.00000000e+000 0.00000000e+000 1.00000000e+000 0.00000000e+000
 1.00000000e+000 2.00859338e+001 7.56774640e+000 9.26918573e+000 5.34440958e+000 9.47618206e+001 3.76597110e+001 1.02051822e+003 1.01607934e+003 2.72516839e+000 -1.60515585e+000 1.42286088e+001 0.00000000e+000 0.00000000e+000 1.00000000e+000 0.00000000e+000
 1.00000000e+000 1.92141695e+001 5.20336578e+000 7.39634936e+000 1.83202307e+000 9.24380591e+001 3.50527900e+001 1.01974206e+003 1.01559044e+003 3.26819533e+000 -7.43459428e-001 1.53471205e+001 0.00000000e+000 0.00000000e+000 1.00000000e+000 0.00000000e+000
 1.00000000e+000 1.84043655e+001 5.48876088e+000 9.26634231e+000 3.36197843e+000 9.31917892e+001 3.40222371e+001 1.01851544e+003 1.01531747e+003 3.13489702e+000 -7.07511740e-001 1.32989251e+001 0.00000000e+000 0.00000000e+000 1.00000000e+000 0.00000000e+000
 1.00000000e+000 2.16120906e+001 1.05986326e+001 1.31482382e+001 8.18388579e+000 9.55674916e+001 4.86384288e+001 1.02107687e+003 1.01787973e+003 3.35578054e+000 1.04345916e+000 1.80194654e+001 0.00000000e+000 0.00000000e+000 1.00000000e+000 0.00000000e+000
