 1.00000000e+000 2.30260763e+001 1.49496614e+001 1.39700920e+001 1.10029368e+001 8.79911811e+001 5.69894979e+001 1.01700872e+003 1.01202165e+003 1.01290200e+000 1.56242471e-002 2.29880838e+001 0.00000000e+000 0.00000000e+000 0.00000000e+000 1.00000000e+000
 1.00000000e+000 2.00074639e+001 9.99707957e+000 1.50005479e+001 9.99594844e+000 1.00001385e+002 7.29978030e+001 1.01798635e+003 1.01398784e+003 9.99463660e-001 3.47694916e-005 1.09949381e+001 0.00000000e+000 0.00000000e+000 1.00000000e+000 0.00000000e+000
 1.00000000e+000 1.90085477e+001 1.00026637e+001 1.30034314e+001 8.99713238e+000 9.99999781e+001 5.59980533e+001 1.02099376e+003 1.01499077e+003 3.00182499e+000 -1.95539367e-003 2.09925180e+001 0.00000000e+000 0.00000000e+000 1.00000000e+000 0.00000000e+000
 1.00000000e+000 2.00077118e+001 6.99555048e+000 1.10045946e+001 -9.00120920e+000 9.99966313e+001 1.90025663e+001 1.02399095e+003 1.01799156e+003 2.99775854e+000 -8.75459299e-004 2.09932457e+001 0.00000000e+000 0.00000000e+000 1.00000000e+000 0.00000000e+000
 1.00000000e+000 1.90080192e+001 7.98359420e+000 1.10000193e+001 7.00169697e+000 1.00005824e+002 4.90074760e+001 1.02000070e+003 1.01698199e+003 5.99208889e+000 -4.80762076e-003 1.59917381e+001 0.00000000e+000 0.00000000e+000 1.00000000e+000 0.00000000e+000
 1.00000000e+000 2.00075636e+001 6.00444368e+000 9.00779503e+000 4.00424229e+000 9.99961071e+001 3.70099667e+001 1.01998156e+003 1.01699063e+003 4.99733595e+000 -8.34920534e-004 2.29846192e+001 0.00000000e+000 0.00000000e+000 1.00000000e+000 0.00000000e+000
 1.00000000e+000 2.10088391e+001 7.00694415e+000 1.09958102e+001 2.74711719e-003 1.00013301e+002 4.00052320e+001 1.01998398e+003 1.01598767e+003 4.99466221e+000 4.16681790e-003 2.69904810e+001 0.00000000e+000 0.00000000e+000 1.00000000e+000 0.00000000e+000
 1.00000000e+000 2.10019829e+001 7.00429784e+000 1.10033007e+001 5.99602835e+000 9.30054611e+001 3.99937366e+001 1.01798187e+003 1.01498836e+003 4.99910686e+000 1.00118604e+000 1.90064202e+001 0.00000000e+000 0.00000000e+000 1.00000000e+000 0.00000000e+000
 1.00000000e+000 2.39989232e+001 8.00019883e+000 1.19898250e+001 5.99932769e+000 1.00009957e+002 3.39976953e+001 1.01697548e+003 1.01298753e+003 6.99289553e+000 1.00234467e+000 1.40043477e+001 0.00000000e+000 0.00000000e+000 0.00000000e+000 1.00000000e+000
 1.00000000e+000 2.10026566e+001 1.00089995e+001 1.10016984e+001 7.99048578e+000 9.40015717e+001 4.59974506e+001 1.01198180e+003 1.00797971e+003 4.00599369e+000 -1.70783168e-003 1.89951666e+001 0.00000000e+000 0.00000000e+000 1.00000000e+000 0.00000000e+000
 1.00000000e+000 2.10047429e+001 7.00975259e+000 9.99093189e+000 4.98186920e+000 1.00011233e+002 3.70004645e+001 1.01698023e+003 1.01196830e+003 5.01220264e+000 -2.96884613e-004 2.10004847e+001 0.00000000e+000 0.00000000e+000 1.00000000e+000 0.00000000e+000
 1.00000000e+000 2.10049638e+001 6.99876429e+000 7.99977503e+000 1.99526356e+000 1.00000837e+002 2.80002983e+001 1.01998590e+003 1.01598522e+003 4.99855648e+000 9.99858066e-001 1.89959169e+001 0.00000000e+000 0.00000000e+000 1.00000000e+000 0.00000000e+000
 1.00000000e+000 2.19994535e+001 8.00470774e+000 7.99597182e+000 3.99645510e+000 8.70047725e+001 3.29988318e+001 1.01798038e+003 1.01398549e+003 4.99572532e+000 1.00087770e+000 1.89984394e+001 0.00000000e+000 0.00000000e+000 0.00000000e+000 1.00000000e+000
 1.00000000e+000 2.30144586e+001 9.99192959e+000 9.01134811e+000 2.99800547e+000 8.69925548e+001 2.89989616e+001 1.01700624e+003 1.01299199e+003 5.00767730e+000 1.99923322e+000 2.29869492e+001 0.00000000e+000 0.00000000e+000 0.00000000e+000 1.00000000e+000
 1.00000000e+000 2.30044941e+001 8.98748893e+000 9.98687457e+000 1.97818958e+000 9.40098597e+001 2.50019543e+001 1.01696654e+003 1.01295504e+003 4.98050808e+000 9.99272737e-001 1.59961869e+001 0.00000000e+000 0.00000000e+000 0.00000000e+000 1.00000000e+000
 1.00000000e+000 2.10069104e+001 1.39983414e+001 9.00389673e+000 1.99124970e+000 7.20026831e+001 2.80012897e+001 1.01797077e+003 1.01298499e+003 2.99926105e+000 9.98396610e-001 1.90010731e+001 0.00000000e+000 0.00000000e+000 0.00000000e+000 1.00000000e+000
 1.00000000e+000 2.00028428e+001 1.20045540e+001 1.19933033e+001 7.99624861e+000 8.80067483e+001 4.90057333e+001 1.01398720e+003 1.01098401e+003 3.99873621e+000 9.96316995e-001 1.89976102e+001 0.00000000e+000 0.00000000e+000 0.00000000e+000 1.00000000e+000
 1.00000000e+000 2.00057145e+001 8.99829885e+000 1.09998960e+001 1.99590898e+000 1.00000908e+002 3.00002968e+001 1.01898691e+003 1.01298657e+003 3.99877372e+000 4.88215582e-005 1.89952330e+001 0.00000000e+000 0.00000000e+000 0.00000000e+000 1.00000000e+000
 1.00000000e+000 2.00082398e+001 5.99683893e+000 9.00260758e+000 1.99737662e+000 9.29980178e+001 3.00005854e+001 1.02099038e+003 1.01698830e+003 3.99960383e+000 1.00001782e+000 2.59922312e+001 0.00000000e+000 0.00000000e+000 1.00000000e+000 0.00000000e+000
 1.00000000e+000 2.00118427e+001 4.99303563e+000 6.99335220e+000 1.99519178e+000 9.29985271e+001 2.99947742e+001 1.01999605e+003 1.01799675e+003 4.00218009e+000 1.00198524e+000 2.59832726e+001 0.00000000e+000 0.00000000e+000 0.00000000e+000 1.00000000e+000
 1.00000000e+000 1.60188665e+001 8.98930109e+000 9.00585184e+000 3.99839638e+000 7.59975207e+001 5.20004761e+001 1.02199275e+003 1.01799284e+003 3.00728059e+000 2.00221286e+000 1.29875483e+001 0.00000000e+000 0.00000000e+000 0.00000000e+000 1.00000000e+000
 1.00000000e+000 1.60150881e+001 9.98883093e+000 1.10076691e+001 6.00512108e+000 8.79994971e+001 5.20008366e+001 1.01999688e+003 1.01399796e+003 3.99577950e+000 9.99843151e-001 2.29851857e+001 0.00000000e+000 0.00000000e+000 0.00000000e+000 1.00000000e+000
 1.00000000e+000 1.40038947e+001 8.99868635e+000 1.00008387e+001 -4.15512101e-003 9.30034424e+001 4.39969182e+001 1.01898395e+003 1.01298595e+003 2.99825210e+000 9.99132142e-001 2.29953009e+001 0.00000000e+000 1.00000000e+000 0.00000000e+000 0.00000000e+000
 1.00000000e+000 1.40003819e+001 5.00322044e+000 9.99442016e+000 3.99499745e+000 1.00004760e+002 6.69970716e+001 1.01997811e+003 1.01698367e+003 2.99501173e+000 7.06605721e-004 1.40002402e+001 0.00000000e+000 0.00000000e+000 1.00000000e+000 0.00000000e+000
 1.00000000e+000 1.40069478e+001 8.00779217e+000 1.09946967e+001 6.99261852e+000 1.00006541e+002 6.69837649e+001 1.02096262e+003 1.01598050e+003 3.98868886e+000 4.83158129e-003 1.39994647e+001 0.00000000e+000 0.00000000e+000 1.00000000e+000 0.00000000e+000
 1.00000000e+000 2.00109822e+001 6.99257582e+000 1.10034810e+001 5.99527077e+000 9.99992978e+001 4.30014945e+001 1.01599661e+003 1.01198596e+003 3.99970088e+000 -6.11175044e-004 1.39882999e+001 0.00000000e+000 0.00000000e+000 1.00000000e+000 0.00000000e+000
 1.00000000e+000 2.20091586e+001 6.99259909e+000 1.19976421e+001 7.01491591e+000 1.00013810e+002 4.30180795e+001 1.01397171e+003 1.01000612e+003 4.00657529e+000 -3.44944386e-003 2.40185200e+001 0.00000000e+000 0.00000000e+000 1.00000000e+000 0.00000000e+000
 1.00000000e+000 2.10058508e+001 1.19910183e+001 1.29993645e+001 7.99058283e+000 9.99998837e+001 4.59974300e+001 1.01498881e+003 1.01098398e+003 4.00231567e+000 9.99101012e-001 1.90030485e+001 0.00000000e+000 0.00000000e+000 1.00000000e+000 0.00000000e+000
 1.00000000e+000 2.10075707e+001 9.98937422e+000 1.10026931e+001 6.99268284e+000 8.80001168e+001 4.60007709e+001 1.01799174e+003 1.01298514e+003 4.00080915e+000 2.99761319e+000 9.29875868e+001 0.00000000e+000 0.00000000e+000 0.00000000e+000 1.00000000e+000
 1.00000000e+000 2.00037915e+001 8.99884203e+000 1.09997175e+001 5.99608394e+000 9.30009009e+001 4.89991804e+001 1.01798830e+003 1.01398627e+003 3.99795017e+000 1.99967552e+000 1.39955703e+001 0.00000000e+000 0.00000000e+000 0.00000000e+000 1.00000000e+000
 1.00000000e+000 2.10077762e+001 8.99635811e+000 1.20027746e+001 6.99579211e+000 9.39991321e+001 4.89996654e+001 1.01999028e+003 1.01598711e+003 4.00009190e+000 9.99333677e-001 2.29927278e+001 0.00000000e+000 0.00000000e+000 0.00000000e+000 1.00000000e+000
 1.00000000e+000 1.90028733e+001 6.99149595e+000 1.00005443e+001 1.99407631e+000 9.29858632e+001 3.19943927e+001 1.02099656e+003 1.01698852e+003 4.98521579e+000 1.01642293e+000 2.39944511e+001 0.00000000e+000 0.00000000e+000 0.00000000e+000 1.00000000e+000
 1.00000000e+000 2.00129520e+001 5.99170655e+000 8.00723055e+000 2.99828881e+000 9.29975276e+001 3.50027750e+001 1.01899728e+003 1.01599019e+003 5.00326104e+000 1.99837578e+000 2.29899071e+001 0.00000000e+000 0.00000000e+000 1.00000000e+000 0.00000000e+000
 1.00000000e+000 2.19977614e+001 6.99756920e+000 8.00004764e+000 3.99452947e+000 9.99980652e+001 3.10014557e+001 1.01797796e+003 1.01398227e+003 5.00096808e+000 9.97352948e-001 1.10097050e+001 0.00000000e+000 0.00000000e+000 0.00000000e+000 1.00000000e+000
 1.00000000e+000 2.29904032e+001 1.10221547e+001 8.99275749e+000 5.99886521e+000 7.70102069e+001 3.59875503e+001 1.01698015e+003 1.01299977e+003 3.99989525e+000 1.00570399e+000 1.89997214e+001 0.00000000e+000 0.00000000e+000 0.00000000e+000 1.00000000e+000
 1.00000000e+000 2.40064670e+001 1.10106554e+001 1.10010972e+001 6.99802263e+000 8.79988066e+001 3.39942532e+001 1.01697653e+003 1.01299109e+003 4.00761538e+000 1.00333565e+000 1.59964178e+001 0.00000000e+000 0.00000000e+000 0.00000000e+000 1.00000000e+000
 1.00000000e+000 1.89961175e+001 1.40069491e+001 1.49941476e+001 1.09943045e+001 9.40037897e+001 6.80003973e+001 1.01598118e+003 1.01298065e+003 3.00239074e+000 9.96613388e-001 1.40077728e+001 0.00000000e+000 0.00000000e+000 0.00000000e+000 1.00000000e+000
 1.00000000e+000 2.19969785e+001 1.50093697e+001 1.39950854e+001 1.09942705e+001 9.40015418e+001 5.59921734e+001 1.01698624e+003 1.01198555e+003 4.00296563e+000 1.00145282e+000 2.60034134e+001 0.00000000e+000 1.00000000e+000 0.00000000e+000 0.00000000e+000
 1.00000000e+000 2.40064437e+001 1.39989730e+001 1.49997135e+001 1.19924635e+001 1.00000334e+002 5.29995857e+001 1.01998339e+003 1.01598903e+003 4.99619107e+000 9.99843025e-001 2.29951295e+001 0.00000000e+000 1.00000000e+000 0.00000000e+000 0.00000000e+000
 1.00000000e+000 2.50068155e+001 1.59997715e+001 1.70011667e+001 9.94301623e-001 9.40001791e+001 3.20007125e+001 1.02098685e+003 1.01698744e+003 3.99829709e+000 1.00024895e+000 2.29911537e+001 1.00000000e+000 0.00000000e+000 0.00000000e+000 0.00000000e+000
 1.00000000e+000 2.50015360e+001 1.50005264e+001 1.59971857e+001 7.99521064e+000 9.40031678e+001 3.59996400e+001 1.02098239e+003 1.01698493e+003 4.99733133e+000 4.31578319e-004 2.59970444e+001 0.00000000e+000 0.00000000e+000 0.00000000e+000 1.00000000e+000
 1.00000000e+000 2.70010380e+001 1.59975269e+001 1.59973886e+001 1.09869664e+001 9.40034543e+001 3.90023546e+001 1.01998420e+003 1.01597731e+003 4.99432988e+000 1.99577133e+000 2.59939206e+001 1.00000000e+000 0.00000000e+000 0.00000000e+000 0.00000000e+000
 1.00000000e+000 2.80065624e+001 1.59964220e+001 1.70016978e+001 1.29956094e+001 9.39998800e+001 4.20006450e+001 1.01798992e+003 1.01398771e+003 3.99946323e+000 9.99340192e-001 1.39938032e+001 0.00000000e+000 0.00000000e+000 0.00000000e+000 1.00000000e+000
 1.00000000e+000 2.50114237e+001 1.60000645e+001 1.70079783e+001 1.20009585e+001 8.79962600e+001 4.40077483e+001 1.01798184e+003 1.01398569e+003 3.99923695e+000 9.97808453e-001 2.69874425e+001 0.00000000e+000 0.00000000e+000 1.00000000e+000 0.00000000e+000
 1.00000000e+000 2.39997208e+001 1.60049939e+001 1.39959430e+001 8.99511043e+000 7.70051098e+001 4.09990993e+001 1.01397767e+003 1.00998707e+003 3.99540962e+000 3.00045699e+000 2.69986900e+001 0.00000000e+000 0.00000000e+000 0.00000000e+000 1.00000000e+000
 1.00000000e+000 2.30488964e+001 1.49886130e+001 1.70644533e+001 7.99768494e+000 8.79347722e+001 5.20543650e+001 1.00893928e+003 1.00400749e+003 4.01837010e+000 1.96516432e+000 2.10177565e+001 0.00000000e+000 0.00000000e+000 0.00000000e+000 1.00000000e+000
 1.00000000e+000 2.30074624e+001 1.30005050e+001 1.50014816e+001 5.99586005e+000 9.40016531e+001 3.30005125e+001 1.00998939e+003 1.00598903e+003 2.99889591e+000 -5.53519084e-004 1.89901264e+001 0.00000000e+000 0.00000000e+000 0.00000000e+000 1.00000000e+000
 1.00000000e+000 2.10051096e+001 1.29989154e+001 1.10007482e+001 5.99741988e+000 8.20013753e+001 4.00024752e+001 1.00998196e+003 1.00598576e+003 3.99797757e+000 1.99918442e+000 2.29956121e+001 0.00000000e+000 0.00000000e+000 1.00000000e+000 0.00000000e+000
 1.00000000e+000 2.49918038e+001 1.30088668e+001 1.19910861e+001 3.99189750e+000 8.80031073e+001 2.69960017e+001 1.01197079e+003 1.00796819e+003 3.98942452e+000 3.00156064e+000 2.89946126e+001 1.00000000e+000 0.00000000e+000 0.00000000e+000 0.00000000e+000
 1.00000000e+000 2.30001356e+001 1.10018275e+001 1.09965674e+001 3.99462318e+000 7.70050880e+001 3.09996107e+001 1.01598066e+003 1.00998320e+003 4.99557732e+000 2.00010282e+000 2.59987333e+001 0.00000000e+000 0.00000000e+000 0.00000000e+000 1.00000000e+000
 1.00000000e+000 1.89913322e+001 1.10092074e+001 9.98405568e+000 -1.01373724e+000 8.20191162e+001 2.79923316e+001 1.01994713e+003 1.01497486e+003 4.99238077e+000 2.00313381e+000 2.40074867e+001 0.00000000e+000 0.00000000e+000 0.00000000e+000 1.00000000e+000
 1.00000000e+000 2.00042563e+001 5.99900556e+000 8.00117094e+000 9.95075809e-001 8.69999174e+001 3.40004932e+001 1.01898544e+003 1.01498582e+003 4.99872781e+000 2.99852342e+000 2.89961770e+001 0.00000000e+000 0.00000000e+000 0.00000000e+000 1.00000000e+000
 1.00000000e+000 1.89991094e+001 6.00397791e+000 6.99512258e+000 1.99457886e+000 8.70042633e+001 3.19985688e+001 1.01997669e+003 1.01598189e+003 6.99516754e+000 2.00071640e+000 2.59994899e+001 0.00000000e+000 0.00000000e+000 0.00000000e+000 1.00000000e+000
 1.00000000e+000 2.40032809e+001 8.99453023e+000 1.10058594e+001 5.98921611e+000 8.69842808e+001 3.39887149e+001 1.01998667e+003 1.01498730e+003 5.01157210e+000 1.00613100e+000 1.89845439e+001 0.00000000e+000 0.00000000e+000 0.00000000e+000 1.00000000e+000
 1.00000000e+000 2.30071926e+001 9.99528919e+000 1.20022718e+001 4.99697502e+000 9.39987829e+001 3.30005942e+001 1.01799148e+003 1.01398508e+003 4.00015823e+000 9.99556272e-001 2.09919891e+001 0.00000000e+000 0.00000000e+000 0.00000000e+000 1.00000000e+000
 1.00000000e+000 2.60140359e+001 1.29921090e+001 1.10082316e+001 3.99435924e+000 8.19967785e+001 3.59981212e+001 1.01698721e+003 1.01298794e+003 5.00535947e+000 9.99563489e-001 2.59918081e+001 0.00000000e+000 0.00000000e+000 1.00000000e+000 0.00000000e+000
 1.00000000e+000 2.70014179e+001 1.20044566e+001 1.29974540e+001 6.99497726e+000 8.20052553e+001 2.80009942e+001 1.01698204e+003 1.01298368e+003 4.99754385e+000 9.99185076e-001 3.49984619e+001 0.00000000e+000 0.00000000e+000 0.00000000e+000 1.00000000e+000
 1.00000000e+000 2.70038293e+001 1.29987264e+001 1.29965851e+001 7.99667043e+000 8.80052756e+001 3.00020323e+001 1.01498247e+003 1.01198550e+003 4.99748203e+000 1.00000302e+000 2.39981873e+001 0.00000000e+000 0.00000000e+000 0.00000000e+000 1.00000000e+000
 1.00000000e+000 2.80170202e+001 1.49905412e+001 1.40142057e+001 8.01354907e+000 8.19924959e+001 3.39837535e+001 1.01498409e+003 1.01198249e+003 4.02044984e+000 2.00394757e+000 2.09879487e+001 0.00000000e+000 0.00000000e+000 1.00000000e+000 0.00000000e+000
 1.00000000e+000 2.70072268e+001 1.49957946e+001 1.40016465e+001 9.99550821e+000 8.80003867e+001 3.60008857e+001 1.01598899e+003 1.01198688e+003 4.00057397e+000 9.99452542e-001 2.69933276e+001 0.00000000e+000 0.00000000e+000 0.00000000e+000 1.00000000e+000
 1.00000000e+000 2.80239434e+001 1.29752782e+001 1.50154465e+001 9.99992864e+000 8.79894703e+001 3.39965690e+001 1.01801905e+003 1.01399487e+003 6.01969897e+000 9.99721218e-001 2.09933346e+001 0.00000000e+000 0.00000000e+000 1.00000000e+000 0.00000000e+000
 1.00000000e+000 3.19863693e+001 1.70198463e+001 1.59817626e+001 1.00035281e+001 8.20134353e+001 2.59952262e+001 1.01697021e+003 1.01198655e+003 6.99249049e+000 1.00425360e+000 2.60086709e+001 0.00000000e+000 0.00000000e+000 1.00000000e+000 0.00000000e+000
 1.00000000e+000 2.80130601e+001 2.09858189e+001 1.80104990e+001 1.19896342e+001 7.79951792e+001 3.70028125e+001 1.01700556e+003 1.01198110e+003 4.00025519e+000 1.99157102e+000 2.29865168e+001 1.00000000e+000 0.00000000e+000 0.00000000e+000 0.00000000e+000
 1.00000000e+000 3.00053380e+001 1.89968123e+001 1.70005996e+001 1.09948788e+001 8.30006093e+001 3.49995622e+001 1.01898801e+003 1.01498498e+003 5.00009819e+000 1.99980947e+000 2.29943112e+001 1.00000000e+000 0.00000000e+000 0.00000000e+000 0.00000000e+000
 1.00000000e+000 3.00027183e+001 1.89997489e+001 1.69979834e+001 5.99499991e+000 8.30028587e+001 3.69995987e+001 1.01798256e+003 1.01398415e+003 2.99760323e+000 1.00012237e+000 1.39966931e+001 1.00000000e+000 0.00000000e+000 0.00000000e+000 0.00000000e+000
 1.00000000e+000 3.00052109e+001 2.09989609e+001 1.70016653e+001 1.39985001e+001 7.30018404e+001 3.70003888e+001 1.01698742e+003 1.01298481e+003 5.99914118e+000 2.00000295e+000 2.29893591e+001 0.00000000e+000 0.00000000e+000 0.00000000e+000 1.00000000e+000
 1.00000000e+000 3.00052838e+001 1.99974521e+001 1.90004924e+001 1.09950630e+001 7.30012341e+001 3.70001718e+001 1.01798616e+003 1.01298517e+003 2.99924514e+000 1.99942012e+000 2.09942178e+001 0.00000000e+000 0.00000000e+000 0.00000000e+000 1.00000000e+000
 1.00000000e+000 2.50048041e+001 1.69982170e+001 1.90058441e+001 1.19958266e+001 8.79950292e+001 5.00065628e+001 1.01697281e+003 1.01198573e+003 3.99457996e+000 1.99586389e+000 3.19971597e+001 0.00000000e+000 0.00000000e+000 0.00000000e+000 1.00000000e+000
 1.00000000e+000 2.50045481e+001 1.49992668e+001 1.69992576e+001 1.29984764e+001 9.40027881e+001 5.00025303e+001 1.01698913e+003 1.01199091e+003 2.99605712e+000 -3.55195775e-004 1.59951993e+001 1.00000000e+000 0.00000000e+000 0.00000000e+000 0.00000000e+000
 1.00000000e+000 2.50015471e+001 1.60012789e+001 1.59973933e+001 1.19937202e+001 9.40015785e+001 4.39980981e+001 1.01498164e+003 1.01098312e+003 4.99660631e+000 4.26866610e-004 2.59961420e+001 0.00000000e+000 0.00000000e+000 1.00000000e+000 0.00000000e+000
 1.00000000e+000 3.00145997e+001 1.59979568e+001 1.60070035e+001 1.00001629e+001 8.79985536e+001 3.00018624e+001 1.01599046e+003 1.01198957e+003 4.00934616e+000 -4.29223699e-004 2.29884486e+001 0.00000000e+000 0.00000000e+000 1.00000000e+000 0.00000000e+000
 1.00000000e+000 2.90011140e+001 1.59986775e+001 1.69999673e+001 1.19959861e+001 9.40013068e+001 3.49953391e+001 1.01697850e+003 1.01297614e+003 3.99670427e+000 2.73148705e-003 1.89894327e+001 0.00000000e+000 0.00000000e+000 1.00000000e+000 0.00000000e+000
 1.00000000e+000 3.09909978e+001 1.80191011e+001 1.89876899e+001 1.29892535e+001 8.30068382e+001 3.49982761e+001 1.01497040e+003 1.01098007e+003 2.99507831e+000 1.00187085e+000 1.90034747e+001 0.00000000e+000 0.00000000e+000 1.00000000e+000 0.00000000e+000
 1.00000000e+000 3.30025977e+001 1.89980326e+001 1.89967411e+001 1.19953652e+001 8.80042696e+001 2.80005282e+001 1.01198378e+003 1.00798228e+003 4.99742423e+000 9.99979195e-001 2.59962263e+001 0.00000000e+000 0.00000000e+000 0.00000000e+000 1.00000000e+000
 1.00000000e+000 3.50025450e+001 2.09870072e+001 2.09932697e+001 9.89490828e-001 8.30084112e+001 1.80067461e+001 1.01198168e+003 1.00897719e+003 2.99001740e+000 9.96491089e-001 1.29991078e+001 0.00000000e+000 0.00000000e+000 0.00000000e+000 1.00000000e+000
 1.00000000e+000 3.59837020e+001 2.30041105e+001 1.99964325e+001 1.99787893e+000 8.30032781e+001 2.40067801e+001 1.01298108e+003 1.00899112e+003 3.00271184e+000 9.93540619e-001 2.60023099e+001 0.00000000e+000 0.00000000e+000 1.00000000e+000 0.00000000e+000
 1.00000000e+000 3.50071823e+001 2.19940207e+001 2.00036302e+001 1.99563150e+000 7.79984308e+001 3.40016676e+001 1.01099045e+003 1.00798591e+003 3.00055842e+000 1.99876018e+000 2.09925403e+001 0.00000000e+000 0.00000000e+000 1.00000000e+000 0.00000000e+000
 1.00000000e+000 3.59939867e+001 2.10109772e+001 1.89902418e+001 1.09933657e+001 8.30092199e+001 2.30003710e+001 1.01196766e+003 1.00698404e+003 2.98987372e+000 2.00074049e+000 2.90013744e+001 0.00000000e+000 0.00000000e+000 0.00000000e+000 1.00000000e+000
 1.00000000e+000 3.20056959e+001 2.09978635e+001 1.79997554e+001 1.19953987e+001 6.90019385e+001 3.09970591e+001 1.01298832e+003 1.00798716e+003 4.00210975e+000 3.00120678e+000 1.39943990e+001 0.00000000e+000 1.00000000e+000 0.00000000e+000 0.00000000e+000
 1.00000000e+000 3.19909746e+001 2.10164256e+001 1.89942977e+001 1.29990045e+001 8.30024050e+001 3.09947021e+001 1.00796664e+003 1.00097831e+003 4.99999817e+000 3.00272523e+000 3.40036411e+001 1.00000000e+000 0.00000000e+000 0.00000000e+000 0.00000000e+000
 1.00000000e+000 3.00009389e+001 1.90006889e+001 1.89964915e+001 6.99484817e+000 9.40027731e+001 2.50000184e+001 1.00898164e+003 1.00498444e+003 7.99662544e+000 3.55734684e-004 2.29975895e+001 1.00000000e+000 0.00000000e+000 0.00000000e+000 0.00000000e+000
 1.00000000e+000 3.20016079e+001 1.80007381e+001 1.59968730e+001 6.99065585e+000 8.30007572e+001 2.20014632e+001 1.00798404e+003 1.00398297e+003 3.99799147e+000 9.99165358e-001 1.39978428e+001 0.00000000e+000 1.00000000e+000 0.00000000e+000 0.00000000e+000
 1.00000000e+000 3.00059398e+001 1.69995142e+001 1.40004679e+001 3.99558908e+000 8.20007960e+001 2.00010606e+001 1.01098514e+003 1.00698555e+003 4.99796284e+000 1.00000758e+000 2.39946849e+001 0.00000000e+000 0.00000000e+000 0.00000000e+000 1.00000000e+000
 1.00000000e+000 3.10061207e+001 1.69969514e+001 1.40012438e+001 3.99604544e+000 8.20014534e+001 1.90024591e+001 1.01198822e+003 1.00898612e+003 5.00039548e+000 9.99359080e-001 2.89939608e+001 0.00000000e+000 0.00000000e+000 1.00000000e+000 0.00000000e+000
 1.00000000e+000 3.30114379e+001 1.79984474e+001 1.49839184e+001 7.98218147e+000 6.80009688e+001 2.20022042e+001 1.00998831e+003 1.00698795e+003 6.00103576e+000 1.00209082e+000 2.29935668e+001 0.00000000e+000 0.00000000e+000 0.00000000e+000 1.00000000e+000
 1.00000000e+000 3.40016271e+001 2.09989995e+001 1.59985700e+001 8.99422468e+000 6.80030744e+001 2.40017101e+001 1.00898441e+003 1.00498428e+003 3.99706657e+000 1.99997385e+000 1.59969122e+001 0.00000000e+000 0.00000000e+000 0.00000000e+000 1.00000000e+000
 1.00000000e+000 3.40013186e+001 2.19996607e+001 1.49985853e+001 -2.00567625e+000 6.00042349e+001 1.00011512e+001 1.00998344e+003 1.00698463e+003 4.99830602e+000 2.00061625e+000 2.59961738e+001 0.00000000e+000 0.00000000e+000 0.00000000e+000 1.00000000e+000
 1.00000000e+000 3.30034179e+001 1.09994376e+001 1.29992390e+001 4.99486712e+000 8.20019684e+001 1.80006893e+001 1.01498465e+003 1.00598512e+003 4.99818465e+000 1.99998639e+000 1.59960695e+001 0.00000000e+000 0.00000000e+000 0.00000000e+000 1.00000000e+000
 1.00000000e+000 3.29991683e+001 1.80030021e+001 1.09983819e+001 -8.09455240e-003 5.90014044e+001 1.19973410e+001 1.01098185e+003 1.00798107e+003 7.99609432e+000 2.00078422e+000 2.69955993e+001 0.00000000e+000 0.00000000e+000 0.00000000e+000 1.00000000e+000
 1.00000000e+000 3.20039697e+001 1.90109933e+001 1.00057260e+001 3.00359130e+000 5.59986229e+001 1.60051128e+001 1.01098383e+003 1.00797082e+003 6.99741321e+000 2.99953757e+000 2.39729598e+001 0.00000000e+000 0.00000000e+000 0.00000000e+000 1.00000000e+000
 1.00000000e+000 3.29969570e+001 1.59995244e+001 9.99405482e+000 3.99634343e+000 6.30033850e+001 1.60005992e+001 1.01098274e+003 1.00798495e+003 4.99330911e+000 2.00094954e+000 2.59992913e+001 0.00000000e+000 0.00000000e+000 0.00000000e+000 1.00000000e+000
 1.00000000e+000 3.50083969e+001 1.69951600e+001 1.00056812e+001 1.99541135e+000 5.89986223e+001 1.20019425e+001 1.01399927e+003 1.00898941e+003 5.00430236e+000 9.98722538e-001 2.59914384e+001 0.00000000e+000 0.00000000e+000 0.00000000e+000 1.00000000e+000
 1.00000000e+000 3.60086514e+001 1.89957677e+001 1.20048687e+001 3.99620228e+000 5.19984356e+001 1.40022279e+001 1.01399293e+003 1.00998707e+003 7.00320086e+000 1.99974464e+000 2.69916567e+001 0.00000000e+000 0.00000000e+000 0.00000000e+000 1.00000000e+000
 1.00000000e+000 3.70053173e+001 1.90004855e+001 1.10014489e+001 4.99363359e+000 5.20084705e+001 1.49958916e+001 1.01297734e+003 1.00898276e+003 4.99949484e+000 2.00224380e+000 2.29965650e+001 0.00000000e+000 0.00000000e+000 0.00000000e+000 1.00000000e+000
 1.00000000e+000 4.00104265e+001 2.19914512e+001 1.20073122e+001 9.89816660e-001 5.29943820e+001 1.09988793e+001 1.01299303e+003 1.00697949e+003 4.00448216e+000 1.00197429e+000 1.89847014e+001 0.00000000e+000 0.00000000e+000 0.00000000e+000 1.00000000e+000
 1.00000000e+000 4.10076763e+001 2.49921995e+001 1.20095401e+001 2.99883378e+000 4.09960128e+001 1.00033650e+001 1.00999703e+003 1.00198905e+003 2.99932071e+000 1.99809836e+000 2.69863801e+001 0.00000000e+000 0.00000000e+000 0.00000000e+000 1.00000000e+000
 1.00000000e+000 4.09968378e+001 2.70038839e+001 1.19976467e+001 9.99265915e-001 3.30029076e+001 9.00153694e+000 1.00398092e+003 9.99984594e+002 2.99851517e+000 2.00025175e+000 2.69988192e+001 0.00000000e+000 0.00000000e+000 0.00000000e+000 1.00000000e+000
 1.00000000e+000 3.49938877e+001 2.70116269e+001 9.97236426e-001 -5.00113978e+000 1.60060020e+001 9.99637437e+000 1.00797564e+003 1.00398821e+003 1.99901802e+000 1.00251125e+000 2.70018240e+001 0.00000000e+000 0.00000000e+000 0.00000000e+000 1.00000000e+000
 1.00000000e+000 3.80133821e+001 1.99866669e+001 1.10105886e+001 -6.00525294e+000 2.39943413e+001 1.00003527e+001 1.01100289e+003 1.00298526e+003 4.00852481e+000 9.98193672e-001 2.29897532e+001 0.00000000e+000 0.00000000e+000 0.00000000e+000 1.00000000e+000
 1.00000000e+000 3.10025606e+001 1.90055210e+001 2.00341654e+000 -5.99894497e+000 2.40007696e+001 1.19980392e+001 1.01298665e+003 1.00899243e+003 4.00519062e+000 2.00168055e+000 2.59949859e+001 0.00000000e+000 0.00000000e+000 0.00000000e+000 1.00000000e+000
 1.00000000e+000 3.19992397e+001 2.10072496e+001 2.00396470e+000 -2.99818351e+000 2.69965529e+001 9.99512748e+000 1.01497403e+003 1.01099344e+003 4.00890268e+000 2.00345498e+000 2.60042854e+001 0.00000000e+000 0.00000000e+000 0.00000000e+000 1.00000000e+000
 1.00000000e+000 3.40020655e+001 1.59968636e+001 4.00571015e+000 -3.00029013e+000 4.19985230e+001 1.00046916e+001 1.01398771e+003 1.00998655e+003 4.00381733e+000 1.99776650e+000 2.90006504e+001 0.00000000e+000 0.00000000e+000 0.00000000e+000 1.00000000e+000
 1.00000000e+000 3.70260942e+001 2.00005682e+001 5.00491471e+000 1.97300378e+000 3.70034905e+001 1.09848223e+001 1.01396788e+003 1.00997281e+003 4.00847755e+000 2.00472769e+000 2.89827517e+001 0.00000000e+000 0.00000000e+000 0.00000000e+000 1.00000000e+000
 1.00000000e+000 4.00033322e+001 2.20009036e+001 7.00190363e+000 9.93976389e-001 3.60029022e+001 8.99997241e+000 1.01398402e+003 1.00899035e+003 2.99932036e+000 9.99873911e-001 2.29972277e+001 0.00000000e+000 0.00000000e+000 0.00000000e+000 1.00000000e+000
 1.00000000e+000 4.00069492e+001 2.29974705e+001 9.00276354e+000 9.94880146e-001 3.60031131e+001 9.00062083e+000 1.01198738e+003 1.00798752e+003 3.99934091e+000 1.00015224e+000 1.39937163e+001 0.00000000e+000 0.00000000e+000 0.00000000e+000 1.00000000e+000
 1.00000000e+000 3.79996453e+001 2.40088261e+001 6.99182347e+000 9.96270341e-001 3.20174967e+001 1.10069688e+001 1.01296214e+003 1.00899164e+003 3.98859188e+000 2.00014985e+000 2.90002298e+001 0.00000000e+000 0.00000000e+000 0.00000000e+000 1.00000000e+000
 1.00000000e+000 3.69998801e+001 2.30013242e+001 6.99844409e+000 1.99482879e+000 3.40075288e+001 1.19991172e+001 1.01298146e+003 1.00898501e+003 2.99791096e+000 2.00108971e+000 2.89969421e+001 0.00000000e+000 0.00000000e+000 0.00000000e+000 1.00000000e+000
 1.00000000e+000 3.80036907e+001 2.20039796e+001 6.99900205e+000 1.00005770e+000 3.60052609e+001 1.00075999e+001 1.01197576e+003 1.00798156e+003 3.99509467e+000 2.00035100e+000 2.89897722e+001 0.00000000e+000 0.00000000e+000 0.00000000e+000 1.00000000e+000
 1.00000000e+000 3.90012436e+001 2.20033561e+001 7.99683360e+000 1.99727722e+000 3.50080811e+001 9.99944528e+000 1.01297962e+003 1.00998340e+003 2.99788307e+000 1.00198491e+000 1.39989886e+001 0.00000000e+000 0.00000000e+000 0.00000000e+000 1.00000000e+000
 1.00000000e+000 3.90046020e+001 2.29968496e+001 1.00018936e+001 2.99530482e+000 4.40028401e+001 1.10013587e+001 1.01398642e+003 1.00998601e+003 3.99948257e+000 9.99645369e-001 1.39958234e+001 0.00000000e+000 0.00000000e+000 0.00000000e+000 1.00000000e+000
 1.00000000e+000 4.09986913e+001 2.50001337e+001 1.19940366e+001 2.99517070e+000 4.20095092e+001 1.00028582e+001 1.01098159e+003 1.00598378e+003 3.99083345e+000 1.00005276e+000 2.09969066e+001 0.00000000e+000 0.00000000e+000 0.00000000e+000 1.00000000e+000
 1.00000000e+000 4.00062538e+001 2.59988670e+001 1.30084662e+001 5.00158119e+000 3.89984680e+001 1.20017736e+001 1.00999508e+003 1.00598296e+003 2.99786354e+000 9.98562066e-001 1.39903929e+001 0.00000000e+000 0.00000000e+000 0.00000000e+000 1.00000000e+000
 1.00000000e+000 4.00015877e+001 2.89991441e+001 1.29990639e+001 5.99449974e+000 3.30047414e+001 1.20005434e+001 1.00998235e+003 1.00598461e+003 2.99819938e+000 1.00007626e+000 2.29972858e+001 0.00000000e+000 0.00000000e+000 0.00000000e+000 1.00000000e+000
 1.00000000e+000 3.89954960e+001 2.60086070e+001 1.79960227e+001 1.09895090e+001 5.10022790e+001 1.79999678e+001 1.01097460e+003 1.00598080e+003 3.99975319e+000 9.99557866e-001 2.30034622e+001 1.00000000e+000 0.00000000e+000 0.00000000e+000 0.00000000e+000
 1.00000000e+000 3.79991773e+001 2.59978088e+001 1.69964572e+001 1.09949711e+001 5.40045000e+001 2.10004675e+001 1.00998222e+003 1.00498273e+003 3.99689975e+000 2.00003370e+000 1.89997322e+001 1.00000000e+000 0.00000000e+000 0.00000000e+000 0.00000000e+000
 1.00000000e+000 3.50069025e+001 2.59952723e+001 1.60043918e+001 8.99515751e+000 5.09999889e+001 2.00025261e+001 1.01198730e+003 1.00498769e+003 4.99920865e+000 1.99851340e+000 3.19913612e+001 0.00000000e+000 0.00000000e+000 0.00000000e+000 1.00000000e+000
 1.00000000e+000 3.70043622e+001 2.39926217e+001 1.59933172e+001 8.99331219e+000 6.10101168e+001 1.79963298e+001 1.00799672e+003 1.00298829e+003 3.00380382e+000 1.00173006e+000 2.29997882e+001 1.00000000e+000 0.00000000e+000 0.00000000e+000 0.00000000e+000
 1.00000000e+000 3.60050865e+001 2.19943094e+001 1.49935149e+001 1.09881993e+001 6.10074817e+001 2.49997741e+001 1.00797720e+003 1.00298497e+003 3.99324443e+000 2.00391577e+000 2.29941946e+001 0.00000000e+000 0.00000000e+000 0.00000000e+000 1.00000000e+000
 1.00000000e+000 3.40001120e+001 2.39995535e+001 1.69963760e+001 1.19935733e+001 5.70029083e+001 2.79982843e+001 1.00597853e+003 1.00198182e+003 4.99948734e+000 2.00158581e+000 2.30000473e+001 0.00000000e+000 0.00000000e+000 0.00000000e+000 1.00000000e+000
 1.00000000e+000 3.60033151e+001 2.39979944e+001 1.69996783e+001 8.99477080e+000 5.70023744e+001 1.90004155e+001 1.00598446e+003 1.00198552e+003 4.99888565e+000 2.99970996e+000 3.39956789e+001 0.00000000e+000 0.00000000e+000 0.00000000e+000 1.00000000e+000
 1.00000000e+000 3.39995554e+001 2.30014461e+001 1.99974909e+001 1.39946656e+001 7.40021546e+001 3.30000529e+001 1.00897953e+003 1.00398302e+003 4.99750104e+000 2.99969515e+000 3.39983296e+001 0.00000000e+000 0.00000000e+000 0.00000000e+000 1.00000000e+000
 1.00000000e+000 3.30032744e+001 2.39966808e+001 1.99989589e+001 1.29953825e+001 6.90016778e+001 3.09988585e+001 1.01098407e+003 1.00298564e+003 5.99709736e+000 3.00002686e+000 2.89959991e+001 1.00000000e+000 0.00000000e+000 0.00000000e+000 0.00000000e+000
 1.00000000e+000 3.50057849e+001 2.39923739e+001 1.79930932e+001 1.49908249e+001 6.50114485e+001 3.20002097e+001 1.00797866e+003 1.00297659e+003 3.99784728e+000 2.99997338e+000 3.39963764e+001 1.00000000e+000 0.00000000e+000 0.00000000e+000 0.00000000e+000
 1.00000000e+000 3.50002434e+001 2.29977680e+001 1.89977895e+001 1.30031238e+001 7.30022355e+001 2.99969361e+001 1.00897317e+003 1.00398818e+003 3.99578408e+000 1.00172683e+000 2.40001112e+001 1.00000000e+000 0.00000000e+000 0.00000000e+000 0.00000000e+000
 1.00000000e+000 3.60033419e+001 2.40032477e+001 1.80066370e+001 1.29939699e+001 6.89967754e+001 2.59932472e+001 1.00698044e+003 1.00198665e+003 4.00031086e+000 3.00095338e+000 2.29899366e+001 1.00000000e+000 0.00000000e+000 0.00000000e+000 0.00000000e+000
 1.00000000e+000 3.90023382e+001 2.59979304e+001 1.79969162e+001 1.09917631e+001 5.80007096e+001 1.80088027e+001 1.00399172e+003 9.98984186e+002 3.99066087e+000 2.99470555e+000 2.69976204e+001 0.00000000e+000 0.00000000e+000 0.00000000e+000 1.00000000e+000
 1.00000000e+000 4.09944119e+001 2.70013879e+001 1.99923258e+001 9.99493054e+000 6.50043003e+001 1.49976070e+001 1.00397704e+003 9.98979265e+002 3.00004246e+000 2.00123334e+000 3.70047664e+001 0.00000000e+000 0.00000000e+000 0.00000000e+000 1.00000000e+000
 1.00000000e+000 4.00045741e+001 2.69956908e+001 2.00011820e+001 6.99457837e+000 6.50003098e+001 1.70010295e+001 1.01098756e+003 1.00098574e+003 3.99995530e+000 2.99953394e+000 2.09931153e+001 1.00000000e+000 0.00000000e+000 0.00000000e+000 0.00000000e+000
 1.00000000e+000 3.80028221e+001 2.69986883e+001 1.69991793e+001 7.99460671e+000 5.10030680e+001 1.60006467e+001 1.00598394e+003 1.00198523e+003 3.99858279e+000 2.99978060e+000 1.89966637e+001 0.00000000e+000 0.00000000e+000 0.00000000e+000 1.00000000e+000
 1.00000000e+000 3.80017029e+001 2.39981769e+001 2.69961107e+001 3.99525118e+000 5.70043248e+001 1.40006368e+001 1.00498081e+003 1.00198420e+003 3.99659093e+000 2.00017622e+000 3.39968714e+001 0.00000000e+000 0.00000000e+000 0.00000000e+000 1.00000000e+000
 1.00000000e+000 4.00015179e+001 2.40070782e+001 9.99617877e+000 1.99639003e+000 3.90083456e+001 1.00068425e+001 1.00598236e+003 1.00298818e+003 3.99936405e+000 1.99886798e+000 2.09956267e+001 0.00000000e+000 0.00000000e+000 0.00000000e+000 1.00000000e+000
 1.00000000e+000 4.20038095e+001 2.59971828e+001 1.39995557e+001 2.99456612e+000 4.50016898e+001 9.00108436e+000 1.00498594e+003 1.00198667e+003 4.99972943e+000 1.99994045e+000 2.39949035e+001 0.00000000e+000 0.00000000e+000 0.00000000e+000 1.00000000e+000
 1.00000000e+000 4.30060273e+001 2.89969919e+001 1.20062009e+001 2.99100581e+000 3.29950619e+001 9.99792667e+000 1.00299176e+003 9.97985490e+002 3.99935736e+000 1.99957080e+000 2.29896675e+001 0.00000000e+000 0.00000000e+000 0.00000000e+000 1.00000000e+000
 1.00000000e+000 4.10022417e+001 2.69990908e+001 1.20005042e+001 4.99582317e+000 3.90024241e+001 1.20005895e+001 1.00598552e+003 1.00198621e+003 3.99926683e+000 1.99986987e+000 2.09969424e+001 0.00000000e+000 0.00000000e+000 0.00000000e+000 1.00000000e+000
 1.00000000e+000 4.19967124e+001 2.70046013e+001 1.29950418e+001 3.99320475e+000 4.20074921e+001 9.99688010e+000 1.00397852e+003 1.00198341e+003 2.99503648e+000 2.00133918e+000 2.60016399e+001 0.00000000e+000 0.00000000e+000 0.00000000e+000 1.00000000e+000
 1.00000000e+000 4.40151354e+001 2.69897038e+001 1.00111762e+001 5.00538662e+000 3.20011096e+001 9.00713493e+000 1.00598754e+003 1.00098222e+003 3.00518838e+000 9.98832981e-001 1.73978664e+002 0.00000000e+000 0.00000000e+000 0.00000000e+000 1.00000000e+000
 1.00000000e+000 4.30055887e+001 2.99976751e+001 1.20035685e+001 7.99558474e+000 2.70032604e+001 1.20027070e+001 1.00498715e+003 1.00098846e+003 3.00015576e+000 1.99912597e+000 1.39955300e+001 0.00000000e+000 0.00000000e+000 0.00000000e+000 1.00000000e+000
 1.00000000e+000 4.29723977e+001 3.30337459e+001 1.29959763e+001 8.01395359e+000 2.89951462e+001 1.29876009e+001 1.00595106e+003 1.00096938e+003 3.99786787e+000 3.00835511e+000 1.40062463e+001 0.00000000e+000 0.00000000e+000 0.00000000e+000 1.00000000e+000
 1.00000000e+000 4.40028625e+001 3.00034986e+001 1.40079384e+001 4.99442654e+000 3.69985345e+001 1.00038072e+001 1.00499050e+003 9.99991567e+002 4.99716843e+000 2.99766978e+000 1.89911987e+001 0.00000000e+000 0.00000000e+000 0.00000000e+000 1.00000000e+000
 1.00000000e+000 4.40017580e+001 2.99984878e+001 1.40038641e+001 4.99185365e+000 3.49981711e+001 8.99683717e+000 1.00398858e+003 9.97987157e+002 4.00013132e+000 2.00104906e+000 2.09938188e+001 0.00000000e+000 0.00000000e+000 0.00000000e+000 1.00000000e+000
 1.00000000e+000 4.40298233e+001 2.99935167e+001 1.60216486e+001 5.98666653e+000 3.70084942e+001 1.00031536e+001 1.00400440e+003 9.99987583e+002 3.01164553e+000 1.99958759e+000 2.29748141e+001 0.00000000e+000 0.00000000e+000 0.00000000e+000 1.00000000e+000
 1.00000000e+000 4.10025240e+001 2.90004562e+001 1.49988077e+001 9.99296486e+000 4.00049780e+001 1.50006225e+001 1.00598212e+003 1.00198684e+003 3.99734353e+000 2.99987401e+000 1.89970258e+001 0.00000000e+000 0.00000000e+000 0.00000000e+000 1.00000000e+000
 1.00000000e+000 4.10011067e+001 3.00003430e+001 1.59976376e+001 9.99347909e+000 4.30047789e+001 1.49999824e+001 1.00498146e+003 1.00198473e+003 2.99838803e+000 1.00037831e+000 2.59977686e+001 0.00000000e+000 0.00000000e+000 0.00000000e+000 1.00000000e+000
 1.00000000e+000 4.30025237e+001 3.20004408e+001 1.49994057e+001 3.99199207e+000 3.60055172e+001 9.99855323e+000 1.00698218e+003 1.00298641e+003 4.00141869e+000 3.00032883e+000 2.69980581e+001 0.00000000e+000 0.00000000e+000 0.00000000e+000 1.00000000e+000
 1.00000000e+000 4.30112142e+001 2.79982571e+001 1.10037720e+001 3.99604930e+000 3.50093858e+001 9.99542451e+000 1.00599138e+003 1.00300403e+003 3.98966173e+000 2.00435562e+000 2.09919430e+001 0.00000000e+000 0.00000000e+000 0.00000000e+000 1.00000000e+000
 1.00000000e+000 4.30023964e+001 2.89984828e+001 1.10012537e+001 5.99423908e+000 2.90031030e+001 1.10008246e+001 1.00598620e+003 1.00198617e+003 2.99941250e+000 1.99952666e+000 2.69959996e+001 0.00000000e+000 0.00000000e+000 0.00000000e+000 1.00000000e+000
 1.00000000e+000 4.10062242e+001 2.99996801e+001 1.30004188e+001 4.99376334e+000 3.50021163e+001 1.20015259e+001 1.00698718e+003 1.00398671e+003 4.00157125e+000 2.99897570e+000 2.39958424e+001 0.00000000e+000 0.00000000e+000 0.00000000e+000 1.00000000e+000
 1.00000000e+000 4.29996375e+001 2.79996090e+001 9.99788841e+000 3.99448710e+000 3.20049609e+001 9.99962977e+000 1.00598125e+003 1.00198433e+003 4.99789951e+000 3.00021578e+000 3.69988668e+001 1.00000000e+000 0.00000000e+000 0.00000000e+000 0.00000000e+000
 1.00000000e+000 4.20027054e+001 2.69961428e+001 1.19951858e+001 6.99874920e+000 3.20087385e+001 1.29952364e+001 1.00597842e+003 1.00298511e+003 2.99725115e+000 3.00291963e+000 2.09996803e+001 0.00000000e+000 0.00000000e+000 0.00000000e+000 1.00000000e+000
 1.00000000e+000 4.10028357e+001 3.09979559e+001 1.49990526e+001 7.99365959e+000 3.80035695e+001 1.40001715e+001 1.00698561e+003 1.00298545e+003 4.00008374e+000 2.99977648e+000 2.29973840e+001 0.00000000e+000 0.00000000e+000 0.00000000e+000 1.00000000e+000
 1.00000000e+000 4.10028109e+001 2.89985887e+001 1.30012986e+001 7.99833187e+000 3.70018265e+001 1.40022685e+001 1.00598396e+003 1.00098132e+003 3.99805960e+000 2.99940652e+000 2.89924485e+001 0.00000000e+000 0.00000000e+000 0.00000000e+000 1.00000000e+000
 1.00000000e+000 4.20031809e+001 2.89980837e+001 1.29975721e+001 7.99046591e+000 3.50069362e+001 1.40025102e+001 1.00298204e+003 9.98982686e+002 3.99137462e+000 1.99899019e+000 2.69915679e+001 0.00000000e+000 0.00000000e+000 0.00000000e+000 1.00000000e+000
 1.00000000e+000 4.29921053e+001 2.79993205e+001 1.89974212e+001 9.01896484e+000 3.70056318e+001 1.30086662e+001 1.00098913e+003 9.97961789e+002 3.00387276e+000 1.99910385e+000 2.59916045e+001 0.00000000e+000 0.00000000e+000 0.00000000e+000 1.00000000e+000
 1.00000000e+000 4.50095054e+001 3.09913343e+001 1.49908430e+001 7.98638661e+000 3.40136228e+001 1.20062413e+001 1.00099040e+003 9.97969868e+002 3.99303193e+000 9.97394166e-001 3.89918145e+001 0.00000000e+000 0.00000000e+000 0.00000000e+000 1.00000000e+000
 1.00000000e+000 4.50060848e+001 3.09959504e+001 1.60061961e+001 8.99577286e+000 3.99991172e+001 1.20016252e+001 9.99989973e+002 9.95989886e+002 4.00266732e+000 1.99904627e+000 2.69920226e+001 0.00000000e+000 0.00000000e+000 0.00000000e+000 1.00000000e+000
 1.00000000e+000 4.39935225e+001 2.80123227e+001 1.99968187e+001 1.09870422e+001 5.80013814e+001 1.50154590e+001 9.99994233e+002 9.96986521e+002 4.00244006e+000 9.93337201e-001 3.70022972e+001 0.00000000e+000 0.00000000e+000 0.00000000e+000 1.00000000e+000
 1.00000000e+000 3.99996886e+001 2.40092081e+001 2.29926461e+001 1.39976950e+001 8.30062122e+001 2.59970538e+001 1.00498663e+003 9.96987875e+002 2.99731256e+000 2.00284464e+000 2.59902544e+001 0.00000000e+000 1.00000000e+000 0.00000000e+000 0.00000000e+000
 1.00000000e+000 4.00053357e+001 2.49935575e+001 2.19951883e+001 1.59892924e+001 8.30041027e+001 2.60013386e+001 1.00198073e+003 9.97981875e+002 3.99486933e+000 2.99935657e+000 2.29946318e+001 1.00000000e+000 0.00000000e+000 0.00000000e+000 0.00000000e+000
 1.00000000e+000 4.00130695e+001 2.99944923e+001 2.00152356e+001 1.40017321e+001 5.09904888e+001 2.40000814e+001 1.00200512e+003 9.97998995e+002 3.00674040e+000 2.99893438e+000 1.39850989e+001 0.00000000e+000 0.00000000e+000 0.00000000e+000 1.00000000e+000
 1.00000000e+000 4.10026920e+001 2.79990664e+001 1.99977659e+001 1.29968663e+001 5.10047409e+001 2.00010965e+001 1.00198181e+003 9.95986746e+002 3.00033367e+000 2.00009686e+000 2.69986060e+001 0.00000000e+000 0.00000000e+000 0.00000000e+000 1.00000000e+000
 1.00000000e+000 4.20134610e+001 2.69889079e+001 1.99958702e+001 1.19897291e+001 6.19981993e+001 1.80018888e+001 1.00197668e+003 9.96982139e+002 2.99434218e+000 2.00095708e+000 2.59920270e+001 0.00000000e+000 0.00000000e+000 0.00000000e+000 1.00000000e+000
 1.00000000e+000 4.39969330e+001 3.10025361e+001 1.89957242e+001 1.19946719e+001 4.90062879e+001 1.50001464e+001 1.00798140e+003 9.96987915e+002 2.99440427e+000 2.00054568e+000 3.39963559e+001 1.00000000e+000 0.00000000e+000 0.00000000e+000 0.00000000e+000
 1.00000000e+000 4.10335696e+001 3.10280833e+001 1.79659299e+001 7.96810569e+000 3.99471821e+001 1.70051873e+001 1.00096473e+003 9.99019930e+002 3.98348955e+000 3.28511901e-003 4.49550538e+001 0.00000000e+000 0.00000000e+000 0.00000000e+000 1.00000000e+000
 1.00000000e+000 4.20071685e+001 2.99947780e+001 1.60041412e+001 1.19953650e+001 4.30000505e+001 1.70012007e+001 1.00299165e+003 9.99988127e+002 4.00146200e+000 9.99241190e-001 2.39928619e+001 0.00000000e+000 0.00000000e+000 0.00000000e+000 1.00000000e+000
 1.00000000e+000 4.10032600e+001 3.09974758e+001 1.70007492e+001 1.29946041e+001 4.00023996e+001 1.90002593e+001 1.00498650e+003 9.99986681e+002 2.99962344e+000 1.99922280e+000 2.89949288e+001 0.00000000e+000 0.00000000e+000 0.00000000e+000 1.00000000e+000
 1.00000000e+000 4.29978872e+001 3.00062823e+001 1.69969508e+001 1.29967202e+001 4.30038125e+001 1.79965798e+001 1.00198159e+003 9.97985333e+002 2.99840080e+000 2.00173622e+000 2.09946119e+001 0.00000000e+000 0.00000000e+000 0.00000000e+000 1.00000000e+000
 1.00000000e+000 4.40043643e+001 2.99970861e+001 1.70016952e+001 9.99490169e+000 4.00016526e+001 1.30008396e+001 9.99988206e+002 9.95986999e+002 3.99988110e+000 1.99957709e+000 2.39946188e+001 0.00000000e+000 0.00000000e+000 0.00000000e+000 1.00000000e+000
 1.00000000e+000 4.40005207e+001 3.29995718e+001 1.69967806e+001 1.19950490e+001 3.60053692e+001 1.49992683e+001 9.98983255e+002 9.94984952e+002 3.99684313e+000 3.00071874e+000 3.19968070e+001 0.00000000e+000 0.00000000e+000 0.00000000e+000 1.00000000e+000
 1.00000000e+000 4.50121682e+001 3.20086872e+001 1.79693568e+001 1.10093948e+001 4.29967845e+001 1.40132174e+001 9.97989934e+002 9.93976582e+002 3.98209713e+000 2.01350881e+000 2.69871071e+001 0.00000000e+000 0.00000000e+000 0.00000000e+000 1.00000000e+000
 1.00000000e+000 4.59986852e+001 3.19973024e+001 1.69965381e+001 1.09908965e+001 3.80066435e+001 1.30003273e+001 9.97979934e+002 9.93985365e+002 2.99322122e+000 1.99969704e+000 2.60008986e+001 0.00000000e+000 0.00000000e+000 0.00000000e+000 1.00000000e+000
 1.00000000e+000 4.70073529e+001 3.19977284e+001 1.80004549e+001 1.19943384e+001 4.10057472e+001 1.40015908e+001 9.97987038e+002 9.93989129e+002 2.99806176e+000 2.00010787e+000 1.89905649e+001 0.00000000e+000 0.00000000e+000 0.00000000e+000 1.00000000e+000
 1.00000000e+000 4.30063218e+001 3.49941658e+001 2.50023816e+001 1.49946599e+001 5.30014890e+001 2.09997176e+001 9.99987482e+002 9.95986498e+002 3.00001004e+000 1.99994580e+000 1.89939737e+001 0.00000000e+000 0.00000000e+000 0.00000000e+000 1.00000000e+000
 1.00000000e+000 4.49931546e+001 3.50084376e+001 2.30081659e+001 1.70110465e+001 4.39922851e+001 1.99941866e+001 9.99990502e+002 9.95999001e+002 3.00865297e+000 1.00318810e+000 2.39986594e+001 0.00000000e+000 0.00000000e+000 0.00000000e+000 1.00000000e+000
 1.00000000e+000 4.10102274e+001 2.99913087e+001 2.60112671e+001 1.99965299e+001 6.59920737e+001 3.80053127e+001 9.99989524e+002 9.95993927e+002 2.99545087e+000 9.96530437e-001 3.89883742e+001 0.00000000e+000 0.00000000e+000 0.00000000e+000 1.00000000e+000
 1.00000000e+000 3.89993958e+001 2.69971904e+001 2.80059617e+001 2.20115669e+001 9.40012488e+001 4.50034363e+001 9.99990709e+002 9.94001471e+002 4.99377014e+000 3.00044979e+000 2.39886087e+001 0.00000000e+000 0.00000000e+000 0.00000000e+000 1.00000000e+000
 1.00000000e+000 4.20084505e+001 3.09939143e+001 2.70040916e+001 1.99758906e+000 7.49976356e+001 8.00152637e+000 9.98993204e+002 9.93990742e+002 4.00358175e+000 2.00151640e+000 2.29921140e+001 1.00000000e+000 0.00000000e+000 0.00000000e+000 0.00000000e+000
 1.00000000e+000 3.40102252e+001 2.69936162e+001 2.80029160e+001 2.29964463e+001 9.99952992e+001 5.19992568e+001 9.99994101e+002 9.95989503e+002 3.00107680e+000 9.98465054e-001 2.29910154e+001 0.00000000e+000 0.00000000e+000 0.00000000e+000 1.00000000e+000
 1.00000000e+000 3.20123208e+001 2.69914599e+001 2.80057139e+001 2.39954297e+001 9.99940143e+001 6.99988647e+001 9.99995708e+002 9.94990763e+002 5.00186935e+000 1.99802776e+000 1.89905929e+001 1.00000000e+000 0.00000000e+000 0.00000000e+000 0.00000000e+000
 1.00000000e+000 3.20104131e+001 2.80080832e+001 2.79997350e+001 2.39908449e+001 9.39958242e+001 6.60045624e+001 9.98987571e+002 9.94983160e+002 4.00104488e+000 9.93518299e-001 2.29934914e+001 0.00000000e+000 1.00000000e+000 0.00000000e+000 0.00000000e+000
 1.00000000e+000 3.40244539e+001 2.69989678e+001 2.80041585e+001 2.39884943e+001 9.40037962e+001 5.89992995e+001 9.99984085e+002 9.95984422e+002 4.01787437e+000 1.99924511e+000 1.89871814e+001 0.00000000e+000 1.00000000e+000 0.00000000e+000 0.00000000e+000
 1.00000000e+000 3.50065355e+001 2.69961991e+001 2.79998350e+001 1.99637035e+000 9.39977533e+001 1.80014882e+001 9.99989468e+002 9.94986893e+002 5.00015970e+000 1.00007326e+000 2.59933710e+001 0.00000000e+000 1.00000000e+000 0.00000000e+000 0.00000000e+000
 1.00000000e+000 3.80023434e+001 2.99987370e+001 2.79943000e+001 1.69975923e+001 8.40050391e+001 4.30003910e+001 9.98979508e+002 9.94984931e+002 4.99736701e+000 2.99995366e+000 2.29987567e+001 1.00000000e+000 0.00000000e+000 0.00000000e+000 0.00000000e+000
 1.00000000e+000 3.50140167e+001 2.79909793e+001 2.70058422e+001 2.39975471e+001 9.39945165e+001 5.29992408e+001 1.00100171e+003 9.95990179e+002 4.00386452e+000 2.99854552e+000 2.29856874e+001 0.00000000e+000 0.00000000e+000 0.00000000e+000 1.00000000e+000
 1.00000000e+000 3.50045040e+001 2.69976244e+001 2.69985827e+001 1.69953230e+001 8.89998270e+001 4.30001209e+001 9.99985946e+002 9.94985642e+002 3.99815282e+000 9.99110049e-001 1.89953019e+001 1.00000000e+000 0.00000000e+000 0.00000000e+000 0.00000000e+000
 1.00000000e+000 3.30030837e+001 2.79978616e+001 2.59972482e+001 2.39953150e+001 8.90015450e+001 5.89980766e+001 9.97983159e+002 9.94984514e+002 3.99574682e+000 1.99876679e+000 1.89967970e+001 0.00000000e+000 1.00000000e+000 0.00000000e+000 0.00000000e+000
 1.00000000e+000 3.00360243e+001 2.69910339e+001 2.70206699e+001 1.99114487e+000 9.39696995e+001 1.90133543e+001 9.98000009e+002 9.95989404e+002 5.00683479e+000 3.00371584e+000 1.89672637e+001 0.00000000e+000 0.00000000e+000 0.00000000e+000 1.00000000e+000
 1.00000000e+000 2.90003047e+001 2.70013032e+001 2.59977060e+001 2.39974589e+001 9.39996337e+001 7.90011789e+001 9.99982199e+002 9.96981532e+002 3.99504469e+000 9.98020341e-001 2.89951308e+001 0.00000000e+000 1.00000000e+000 0.00000000e+000 0.00000000e+000
 1.00000000e+000 3.00052786e+001 2.59998397e+001 2.79933653e+001 1.99515645e+000 1.00001283e+002 1.79998915e+001 1.00097798e+003 9.96982950e+002 3.99848008e+000 1.00323362e+000 2.59959871e+001 0.00000000e+000 1.00000000e+000 0.00000000e+000 0.00000000e+000
 1.00000000e+000 3.49957660e+001 2.70065126e+001 2.89874642e+001 2.59919345e+001 1.00013970e+002 6.29953303e+001 1.00196458e+003 9.97977219e+002 4.99091340e+000 9.96934033e-001 1.30062532e+001 1.00000000e+000 0.00000000e+000 0.00000000e+000 0.00000000e+000
 1.00000000e+000 3.80044126e+001 2.99970457e+001 2.89972881e+001 2.29939484e+001 9.40006774e+001 4.19995807e+001 1.00098244e+003 9.95984219e+002 3.99869603e+000 9.99692256e-001 6.29927675e+001 0.00000000e+000 0.00000000e+000 1.00000000e+000 0.00000000e+000
 1.00000000e+000 3.80024084e+001 3.00011773e+001 2.89954927e+001 2.49941030e+001 8.40038246e+001 4.69981325e+001 1.00097881e+003 9.97982652e+002 3.99603963e+000 2.00025915e+000 2.29978826e+001 0.00000000e+000 0.00000000e+000 0.00000000e+000 1.00000000e+000
 1.00000000e+000 2.99964757e+001 2.59823960e+001 2.80025030e+001 1.98322460e+000 9.39877310e+001 1.89989729e+001 1.00399554e+003 9.98958125e+002 3.99968613e+000 2.99424513e+000 2.60014965e+001 0.00000000e+000 1.00000000e+000 0.00000000e+000 0.00000000e+000
 1.00000000e+000 3.10062969e+001 2.49950612e+001 2.69994125e+001 2.39952837e+001 9.99992199e+001 7.49972038e+001 1.00398561e+003 1.00098258e+003 3.99816386e+000 1.99836163e+000 1.39956548e+001 0.00000000e+000 1.00000000e+000 0.00000000e+000 0.00000000e+000
 1.00000000e+000 3.10049944e+001 2.59978985e+001 2.69959980e+001 2.39940273e+001 1.00002125e+002 6.59979967e+001 1.00298130e+003 9.99981433e+002 3.99671057e+000 2.99957809e+000 1.09959282e+001 1.00000000e+000 0.00000000e+000 0.00000000e+000 0.00000000e+000
 1.00000000e+000 3.20108328e+001 2.70027354e+001 2.69970560e+001 1.99120188e+000 1.00001668e+002 1.89965729e+001 1.00498030e+003 1.00099706e+003 3.99428983e+000 2.00416392e+000 2.29881479e+001 1.00000000e+000 0.00000000e+000 0.00000000e+000 0.00000000e+000
 1.00000000e+000 3.20205979e+001 2.69858285e+001 2.70111918e+001 1.98733711e+000 9.99883138e+001 1.99992115e+001 1.00499817e+003 1.00198457e+003 4.00466506e+000 3.00088483e+000 2.39834136e+001 0.00000000e+000 1.00000000e+000 0.00000000e+000 0.00000000e+000
 1.00000000e+000 3.20239411e+001 2.79795403e+001 2.70008661e+001 2.50064055e+001 8.90060151e+001 6.60011105e+001 1.00398935e+003 1.00099546e+003 5.00838615e+000 4.00174243e+000 2.09927756e+001 1.00000000e+000 0.00000000e+000 0.00000000e+000 0.00000000e+000
 1.00000000e+000 3.20135660e+001 2.79941393e+001 2.79968645e+001 1.99518554e+000 9.40081322e+001 1.80091304e+001 1.00198465e+003 9.99988970e+002 4.99848902e+000 2.99922703e+000 1.39933928e+001 0.00000000e+000 0.00000000e+000 0.00000000e+000 1.00000000e+000
 1.00000000e+000 3.59820053e+001 2.70065953e+001 2.79917666e+001 1.96736168e+000 9.99995128e+001 1.90243449e+001 1.00396530e+003 1.00098898e+003 3.96714789e+000 2.98677682e+000 3.40030000e+001 0.00000000e+000 0.00000000e+000 0.00000000e+000 1.00000000e+000
 1.00000000e+000 3.60093184e+001 2.69964742e+001 2.69903048e+001 2.39993154e+001 8.90131696e+001 5.30053711e+001 1.00497781e+003 9.99983849e+002 3.98746638e+000 3.00120597e+000 2.29837971e+001 1.00000000e+000 0.00000000e+000 0.00000000e+000 0.00000000e+000
 1.00000000e+000 3.70180980e+001 2.89861379e+001 2.60160440e+001 2.30018095e+001 7.89880687e+001 4.70067433e+001 1.00199564e+003 9.97983407e+002 4.01303183e+000 2.99514028e+000 2.59880049e+001 0.00000000e+000 0.00000000e+000 0.00000000e+000 1.00000000e+000
 1.00000000e+000 3.59896061e+001 3.00079715e+001 2.59813860e+001 2.29943981e+001 7.00131027e+001 5.29921662e+001 1.00195960e+003 9.97980526e+002 2.98298771e+000 2.00413712e+000 2.10043351e+001 0.00000000e+000 0.00000000e+000 0.00000000e+000 1.00000000e+000
 1.00000000e+000 3.70114242e+001 2.89981638e+001 2.80085505e+001 2.39971222e+001 9.39978138e+001 5.30083093e+001 1.00000270e+003 9.95985718e+002 4.00889364e+000 1.99557188e+000 2.69859388e+001 0.00000000e+000 0.00000000e+000 0.00000000e+000 1.00000000e+000
 1.00000000e+000 3.30070854e+001 2.69958472e+001 2.79985566e+001 2.49942137e+001 9.40007117e+001 6.99966908e+001 1.00098579e+003 9.97984481e+002 4.99887977e+000 4.00005445e+000 2.09926763e+001 1.00000000e+000 0.00000000e+000 0.00000000e+000 0.00000000e+000
 1.00000000e+000 3.50026661e+001 2.79969738e+001 2.79976366e+001 2.49980679e+001 8.90004087e+001 5.89950336e+001 1.00098004e+003 9.95982970e+002 3.99872452e+000 3.00234353e+000 1.59972951e+001 0.00000000e+000 0.00000000e+000 0.00000000e+000 1.00000000e+000
 1.00000000e+000 3.50102707e+001 2.89927560e+001 2.80078443e+001 2.49995910e+001 9.39955864e+001 5.60065247e+001 9.99974996e+002 9.95994691e+002 4.00120136e+000 2.99605382e+000 1.40027777e+001 0.00000000e+000 0.00000000e+000 0.00000000e+000 1.00000000e+000
 1.00000000e+000 3.39842419e+001 2.90314105e+001 2.79724497e+001 2.49909288e+001 9.40241456e+001 6.29942489e+001 9.99935947e+002 9.96976892e+002 3.98846373e+000 3.00346240e+000 1.90116178e+001 0.00000000e+000 0.00000000e+000 0.00000000e+000 1.00000000e+000
 1.00000000e+000 3.50080903e+001 2.80033828e+001 2.70029811e+001 2.49977815e+001 8.89948279e+001 5.59994016e+001 9.99989712e+002 9.95983814e+002 5.00684906e+000 9.96148233e-001 2.59950574e+001 0.00000000e+000 0.00000000e+000 0.00000000e+000 1.00000000e+000
 1.00000000e+000 3.50022556e+001 2.90031464e+001 2.69931805e+001 2.49973860e+001 1.00004169e+002 5.59988320e+001 9.99976524e+002 9.95985077e+002 4.99788628e+000 1.00121565e+000 2.69969437e+001 0.00000000e+000 0.00000000e+000 0.00000000e+000 1.00000000e+000
 1.00000000e+000 3.50131804e+001 2.89904613e+001 2.70068235e+001 2.49953928e+001 8.89957288e+001 5.90001875e+001 9.99996243e+002 9.95988393e+002 5.00108324e+000 3.99810617e+000 2.29866754e+001 0.00000000e+000 0.00000000e+000 0.00000000e+000 1.00000000e+000
 1.00000000e+000 3.50143798e+001 2.89976962e+001 2.80090491e+001 2.39877096e+001 9.39826240e+001 5.89921707e+001 9.98986766e+002 9.95982206e+002 5.00689651e+000 3.00080657e+000 1.89915862e+001 0.00000000e+000 0.00000000e+000 0.00000000e+000 1.00000000e+000
 1.00000000e+000 3.60055476e+001 2.89943436e+001 2.89990049e+001 2.49926884e+001 9.40000416e+001 5.89991384e+001 9.98985752e+002 9.95982075e+002 4.99625217e+000 1.99893415e+000 2.29933904e+001 0.00000000e+000 0.00000000e+000 0.00000000e+000 1.00000000e+000
 1.00000000e+000 3.60103026e+001 3.09965765e+001 2.89946544e+001 2.50033883e+001 8.90012700e+001 5.30084238e+001 9.97999844e+002 9.94993854e+002 3.99506083e+000 2.99403013e+000 2.30000358e+001 0.00000000e+000 1.00000000e+000 0.00000000e+000 0.00000000e+000
 1.00000000e+000 3.60185187e+001 2.99892573e+001 2.70210492e+001 2.49921779e+001 8.39729720e+001 5.29899748e+001 9.98013745e+002 9.94998804e+002 4.99388583e+000 2.99992595e+000 2.59668025e+001 0.00000000e+000 0.00000000e+000 0.00000000e+000 1.00000000e+000
 1.00000000e+000 3.70017543e+001 2.90005755e+001 2.79995218e+001 2.49874360e+001 8.89978827e+001 4.99938496e+001 9.99983390e+002 9.96982502e+002 6.99559459e+000 4.00011535e+000 1.89931060e+001 0.00000000e+000 0.00000000e+000 0.00000000e+000 1.00000000e+000
 1.00000000e+000 3.80034874e+001 2.89954474e+001 2.79998512e+001 2.49960326e+001 9.39977666e+001 4.70026479e+001 1.00099188e+003 9.96986146e+002 4.99570486e+000 2.99897635e+000 1.39940531e+001 0.00000000e+000 0.00000000e+000 0.00000000e+000 1.00000000e+000
 1.00000000e+000 3.20146392e+001 2.70098447e+001 2.90017694e+001 2.59932717e+001 9.40105433e+001 7.50029474e+001 9.98986097e+002 9.94977889e+002 4.99991279e+000 2.98387868e+000 1.89867621e+001 1.00000000e+000 0.00000000e+000 0.00000000e+000 0.00000000e+000
 1.00000000e+000 3.29973686e+001 2.59753052e+001 2.69926533e+001 2.10101769e+001 9.40064647e+001 5.90025415e+001 9.99992273e+002 9.95000261e+002 4.95788359e+000 3.99752939e+000 3.39979834e+001 1.00000000e+000 0.00000000e+000 0.00000000e+000 0.00000000e+000
 1.00000000e+000 3.30266090e+001 2.79597527e+001 2.60131878e+001 2.30118221e+001 8.89890202e+001 5.90217122e+001 1.00001470e+003 9.95998045e+002 4.01662579e+000 2.98782233e+000 1.89794418e+001 0.00000000e+000 1.00000000e+000 0.00000000e+000 0.00000000e+000
 1.00000000e+000 3.49963429e+001 2.70043225e+001 2.49933521e+001 2.19953556e+001 8.40051416e+001 4.69992687e+001 1.00197554e+003 9.99982304e+002 4.99310155e+000 3.00141988e+000 2.39983279e+001 0.00000000e+000 0.00000000e+000 0.00000000e+000 1.00000000e+000
 1.00000000e+000 3.59984286e+001 2.70111391e+001 2.49874360e+001 2.19963327e+001 7.90101620e+001 4.69942536e+001 1.00296667e+003 9.99983209e+002 4.99698323e+000 4.00430436e+000 2.90022525e+001 0.00000000e+000 0.00000000e+000 0.00000000e+000 1.00000000e+000
 1.00000000e+000 3.70021187e+001 2.69985407e+001 2.39896999e+001 2.10029082e+001 8.40155668e+001 4.40022603e+001 1.00197554e+003 9.97985715e+002 4.99869275e+000 4.00060341e+000 2.70022377e+001 0.00000000e+000 0.00000000e+000 0.00000000e+000 1.00000000e+000
 1.00000000e+000 3.60013480e+001 2.79984553e+001 2.39955483e+001 1.99977581e+001 7.00064639e+001 4.10000928e+001 1.00098397e+003 9.96987154e+002 4.99879834e+000 3.00034574e+000 6.29948813e+001 0.00000000e+000 0.00000000e+000 0.00000000e+000 1.00000000e+000
 1.00000000e+000 3.70100479e+001 2.79743659e+001 2.49960156e+001 2.10041034e+001 7.00103392e+001 4.20042244e+001 1.00200393e+003 9.97998474e+002 5.00898945e+000 2.99878075e+000 2.29972147e+001 0.00000000e+000 0.00000000e+000 0.00000000e+000 1.00000000e+000
 1.00000000e+000 3.80031248e+001 2.89908021e+001 2.60039704e+001 2.09954925e+001 6.99946714e+001 4.20023011e+001 1.00300156e+003 9.98990310e+002 5.00168197e+000 3.99494340e+000 2.59870804e+001 0.00000000e+000 0.00000000e+000 0.00000000e+000 1.00000000e+000
 1.00000000e+000 3.80031671e+001 2.99962482e+001 2.59988607e+001 2.19958523e+001 6.60023909e+001 4.19988152e+001 1.00199194e+003 9.96987664e+002 3.99983638e+000 3.99982709e+000 6.29902047e+001 0.00000000e+000 0.00000000e+000 0.00000000e+000 1.00000000e+000
 1.00000000e+000 3.50036463e+001 2.99970366e+001 2.60006069e+001 2.19946972e+001 7.00005554e+001 4.89995108e+001 1.00199083e+003 9.97988318e+002 4.99609462e+000 3.99944155e+000 1.89876985e+001 0.00000000e+000 0.00000000e+000 0.00000000e+000 1.00000000e+000
 1.00000000e+000 3.20054296e+001 2.59973898e+001 2.79992196e+001 2.29957845e+001 9.40003521e+001 5.89980619e+001 1.00398846e+003 9.99986715e+002 3.99820085e+000 1.00008596e+000 2.89928238e+001 0.00000000e+000 0.00000000e+000 0.00000000e+000 1.00000000e+000
 1.00000000e+000 3.30028662e+001 2.80036780e+001 2.69848515e+001 2.39951561e+001 9.40142821e+001 5.89865642e+001 1.00298511e+003 9.99984211e+002 4.00433984e+000 3.00632182e+000 1.10004802e+001 0.00000000e+000 1.00000000e+000 0.00000000e+000 0.00000000e+000
 1.00000000e+000 3.59987201e+001 2.80002092e+001 2.69924510e+001 2.49956175e+001 8.90048848e+001 5.29946448e+001 1.00298238e+003 9.99984445e+002 4.99432929e+000 3.00208345e+000 2.59969681e+001 0.00000000e+000 0.00000000e+000 0.00000000e+000 1.00000000e+000
 1.00000000e+000 3.70083357e+001 2.90000978e+001 2.59970440e+001 2.29984761e+001 7.89990677e+001 4.40056906e+001 1.00198155e+003 9.97994426e+002 4.99001583e+000 3.99669821e+000 2.69944244e+001 0.00000000e+000 0.00000000e+000 0.00000000e+000 1.00000000e+000
 1.00000000e+000 3.70038674e+001 2.69983208e+001 2.79987187e+001 2.09954773e+001 9.40001248e+001 4.99978572e+001 1.00298833e+003 9.97986320e+002 4.99816939e+000 4.00015113e+000 2.29938233e+001 0.00000000e+000 0.00000000e+000 0.00000000e+000 1.00000000e+000
 1.00000000e+000 3.60037244e+001 2.49968452e+001 2.69988551e+001 2.19951674e+001 9.40005813e+001 5.19991479e+001 1.00298945e+003 9.98985384e+002 4.99698811e+000 1.00054946e+000 2.69935805e+001 1.00000000e+000 0.00000000e+000 0.00000000e+000 0.00000000e+000
 1.00000000e+000 3.70012997e+001 2.90019045e+001 2.79957724e+001 2.19984277e+001 8.40033450e+001 4.20000093e+001 1.00398433e+003 1.00098498e+003 4.99717059e+000 4.00044202e+000 2.29948497e+001 1.00000000e+000 0.00000000e+000 0.00000000e+000 0.00000000e+000
 1.00000000e+000 3.69961594e+001 2.80070217e+001 2.59947110e+001 2.09941875e+001 7.50040513e+001 3.89849413e+001 1.00497666e+003 1.00099073e+003 4.99994517e+000 4.00580313e+000 2.70022143e+001 0.00000000e+000 0.00000000e+000 0.00000000e+000 1.00000000e+000
 1.00000000e+000 3.70027247e+001 2.79986038e+001 2.19982633e+001 2.00050032e+001 6.60042774e+001 3.90021590e+001 1.00398621e+003 1.00097834e+003 4.99810157e+000 4.00030245e+000 2.59886363e+001 0.00000000e+000 0.00000000e+000 0.00000000e+000 1.00000000e+000
 1.00000000e+000 3.60003039e+001 2.69986242e+001 2.39951524e+001 1.99949748e+001 7.00042873e+001 3.89988245e+001 1.00498670e+003 1.00098413e+003 4.99517856e+000 4.00026250e+000 2.89960456e+001 0.00000000e+000 0.00000000e+000 0.00000000e+000 1.00000000e+000
 1.00000000e+000 3.69982959e+001 2.69950011e+001 2.30088020e+001 1.90035898e+001 6.99865764e+001 4.10016502e+001 1.00599487e+003 1.00199174e+003 3.99270944e+000 3.99782484e+000 2.09912229e+001 0.00000000e+000 0.00000000e+000 0.00000000e+000 1.00000000e+000
 1.00000000e+000 3.70044068e+001 2.80005499e+001 2.30006761e+001 2.00026690e+001 6.60024368e+001 3.89988081e+001 1.00698774e+003 1.00298394e+003 5.00308051e+000 4.00131919e+000 2.69889159e+001 0.00000000e+000 0.00000000e+000 0.00000000e+000 1.00000000e+000
 1.00000000e+000 3.80008545e+001 2.90010584e+001 2.59982013e+001 1.99962350e+001 7.90068188e+001 3.69979265e+001 1.00598500e+003 1.00398524e+003 4.99719928e+000 4.00043192e+000 2.69958968e+001 0.00000000e+000 0.00000000e+000 0.00000000e+000 1.00000000e+000
 1.00000000e+000 3.80063010e+001 2.79969068e+001 2.60007210e+001 1.90035484e+001 8.40006060e+001 3.29989655e+001 1.00699470e+003 1.00299342e+003 5.99416002e+000 4.00161395e+000 2.89850040e+001 0.00000000e+000 0.00000000e+000 0.00000000e+000 1.00000000e+000
 1.00000000e+000 3.80232589e+001 2.69981586e+001 2.49991711e+001 1.89952518e+001 8.40085890e+001 3.50020852e+001 1.00496909e+003 1.00098673e+003 3.99935081e+000 4.00348545e+000 3.39925320e+001 0.00000000e+000 0.00000000e+000 0.00000000e+000 1.00000000e+000
 1.00000000e+000 3.80062434e+001 2.80020306e+001 2.40023359e+001 1.89949233e+001 7.39990155e+001 3.30089437e+001 1.00400043e+003 1.00099199e+003 5.00645633e+000 2.99591722e+000 2.89921912e+001 0.00000000e+000 0.00000000e+000 0.00000000e+000 1.00000000e+000
 1.00000000e+000 3.80121074e+001 2.80043669e+001 2.40047670e+001 1.69942597e+001 7.40048426e+001 3.20026792e+001 1.00598735e+003 1.00199584e+003 4.00963582e+000 4.00684558e+000 2.69826378e+001 0.00000000e+000 0.00000000e+000 0.00000000e+000 1.00000000e+000
 1.00000000e+000 3.99998220e+001 2.80126157e+001 2.49934499e+001 1.79953522e+001 7.90066480e+001 2.70009251e+001 1.00797446e+003 1.00298615e+003 4.99876433e+000 3.00210999e+000 1.89973408e+001 0.00000000e+000 0.00000000e+000 0.00000000e+000 1.00000000e+000
 1.00000000e+000 3.99926058e+001 2.99973873e+001 2.49854650e+001 9.98762524e+000 7.40141790e+001 1.60015744e+001 1.00696771e+003 1.00097796e+003 3.99099256e+000 3.00654859e+000 2.29985180e+001 0.00000000e+000 0.00000000e+000 0.00000000e+000 1.00000000e+000
 1.00000000e+000 3.80083771e+001 2.79920160e+001 2.69936522e+001 2.20002919e+001 8.39970812e+001 3.89913416e+001 1.00498523e+003 9.99985770e+002 4.98962690e+000 3.98996300e+000 1.90030340e+001 0.00000000e+000 0.00000000e+000 0.00000000e+000 1.00000000e+000
 1.00000000e+000 3.80079611e+001 2.80003957e+001 2.60016225e+001 2.30060554e+001 8.39980174e+001 4.19979459e+001 1.00598898e+003 1.00099248e+003 5.01448706e+000 4.00278482e+000 2.40039201e+001 0.00000000e+000 0.00000000e+000 0.00000000e+000 1.00000000e+000
 1.00000000e+000 3.70094607e+001 2.69909538e+001 2.60050150e+001 2.10004695e+001 8.89994892e+001 3.90031903e+001 1.00599884e+003 1.00199378e+003 4.00304244e+000 3.99821461e+000 2.29928968e+001 0.00000000e+000 0.00000000e+000 0.00000000e+000 1.00000000e+000
 1.00000000e+000 3.50029906e+001 2.80006566e+001 2.59979237e+001 2.29971097e+001 8.40022636e+001 4.89985001e+001 1.00898675e+003 1.00398940e+003 4.99675937e+000 4.00060466e+000 2.29943138e+001 0.00000000e+000 0.00000000e+000 0.00000000e+000 1.00000000e+000
 1.00000000e+000 3.50076297e+001 2.89960613e+001 2.60005952e+001 2.19991012e+001 8.40000204e+001 4.70020407e+001 1.00898935e+003 1.00298895e+003 4.99935489e+000 4.00166839e+000 2.09940172e+001 0.00000000e+000 0.00000000e+000 0.00000000e+000 1.00000000e+000
 1.00000000e+000 3.70069991e+001 2.70042876e+001 2.59977429e+001 1.99681862e+000 8.90040283e+001 1.90007924e+001 1.00798860e+003 1.00399559e+003 4.99358891e+000 4.00209210e+000 2.29866605e+001 0.00000000e+000 0.00000000e+000 0.00000000e+000 1.00000000e+000
 1.00000000e+000 3.00097178e+001 2.59914065e+001 2.49994113e+001 2.29940227e+001 8.90003462e+001 7.00036392e+001 1.00698584e+003 1.00198451e+003 4.99836166e+000 3.00183765e+000 1.89904875e+001 0.00000000e+000 1.00000000e+000 0.00000000e+000 0.00000000e+000
 1.00000000e+000 3.60116887e+001 2.49918948e+001 2.60027367e+001 2.10030145e+001 8.90055834e+001 4.10110711e+001 1.00498368e+003 9.99986311e+002 8.99596078e+000 3.99492038e+000 2.89928498e+001 0.00000000e+000 0.00000000e+000 0.00000000e+000 1.00000000e+000
 1.00000000e+000 3.50010739e+001 2.49971084e+001 3.09964415e+001 2.29957109e+001 1.00001046e+002 6.69977872e+001 1.00498514e+003 1.00098894e+003 5.00026984e+000 9.99748534e-001 2.03988731e+002 0.00000000e+000 0.00000000e+000 0.00000000e+000 1.00000000e+000
 1.00000000e+000 3.50173144e+001 2.59887170e+001 3.10062755e+001 2.29841176e+001 9.99972706e+001 4.89962667e+001 1.00700605e+003 1.00201375e+003 5.00708435e+000 1.99895696e+000 2.69973405e+001 1.00000000e+000 0.00000000e+000 0.00000000e+000 0.00000000e+000
 1.00000000e+000 3.40037517e+001 2.59998357e+001 2.79964098e+001 2.09943192e+001 9.40033574e+001 4.89967689e+001 1.00698121e+003 1.00298689e+003 7.99754196e+000 3.00087925e+000 2.89975138e+001 1.00000000e+000 0.00000000e+000 0.00000000e+000 0.00000000e+000
 1.00000000e+000 3.10043270e+001 2.49984798e+001 2.89980585e+001 1.99643294e+000 9.99994050e+001 1.70004346e+001 1.00598910e+003 1.00198659e+003 4.00048857e+000 1.00081454e+000 2.69960671e+001 0.00000000e+000 1.00000000e+000 0.00000000e+000 0.00000000e+000
 1.00000000e+000 2.80106857e+001 2.19966048e+001 2.70035143e+001 1.69938637e+001 9.99947886e+001 5.39983612e+001 1.00299310e+003 9.99993336e+002 4.00030555e+000 1.00195559e+000 3.39895935e+001 1.00000000e+000 0.00000000e+000 0.00000000e+000 0.00000000e+000
 1.00000000e+000 2.80031203e+001 2.30106388e+001 2.49931479e+001 1.99118904e+000 1.00016435e+002 2.10076140e+001 1.00597988e+003 1.00197893e+003 5.01302155e+000 1.99069857e+000 2.70012550e+001 1.00000000e+000 0.00000000e+000 0.00000000e+000 0.00000000e+000
 1.00000000e+000 3.20038154e+001 2.39974928e+001 2.70015406e+001 1.99774227e+000 9.39970176e+001 2.00011458e+001 1.00898534e+003 1.00598894e+003 3.99643284e+000 9.99831892e-001 1.39975483e+001 0.00000000e+000 1.00000000e+000 0.00000000e+000 0.00000000e+000
 1.00000000e+000 3.40123874e+001 2.59921007e+001 2.70048331e+001 2.39994936e+001 9.99972412e+001 5.60009776e+001 1.00899619e+003 1.00399076e+003 5.00398688e+000 9.99998287e-001 1.59910616e+001 0.00000000e+000 1.00000000e+000 0.00000000e+000 0.00000000e+000
 1.00000000e+000 3.60042464e+001 2.70000948e+001 3.19982733e+001 2.39952527e+001 9.40018207e+001 6.29989005e+001 1.00698565e+003 1.00298605e+003 4.99917984e+000 1.99914072e+000 1.09964403e+001 0.00000000e+000 0.00000000e+000 0.00000000e+000 1.00000000e+000
 1.00000000e+000 3.59899474e+001 2.79932405e+001 2.99936007e+001 2.29919391e+001 8.90108696e+001 4.99895691e+001 1.00696264e+003 1.00398495e+003 4.99525309e+000 3.01945851e+000 1.39989722e+001 0.00000000e+000 0.00000000e+000 0.00000000e+000 1.00000000e+000
 1.00000000e+000 3.30145544e+001 2.79907761e+001 2.70052757e+001 1.89929130e+001 8.90021835e+001 5.10073586e+001 1.00899555e+003 1.00498634e+003 5.02731643e+000 2.99469689e+000 3.69977229e+001 1.00000000e+000 0.00000000e+000 0.00000000e+000 0.00000000e+000
 1.00000000e+000 3.29990482e+001 2.70045141e+001 2.59996508e+001 2.20052151e+001 9.40015554e+001 5.20096282e+001 1.00795890e+003 1.00299156e+003 4.99858122e+000 2.99705216e+000 2.60120698e+001 0.00000000e+000 0.00000000e+000 0.00000000e+000 1.00000000e+000
 1.00000000e+000 2.80022383e+001 2.40001648e+001 2.59986722e+001 1.99660485e+000 1.00000570e+002 2.40015877e+001 1.00498812e+003 1.00098712e+003 3.99865515e+000 -7.99471635e-004 1.59970362e+001 0.00000000e+000 1.00000000e+000 0.00000000e+000 0.00000000e+000
 1.00000000e+000 3.00053489e+001 2.29983188e+001 2.59991689e+001 1.99610343e+000 9.40005857e+001 2.50003472e+001 1.00598789e+003 1.00198657e+003 4.99961247e+000 2.99998520e+000 2.59948506e+001 1.00000000e+000 0.00000000e+000 0.00000000e+000 0.00000000e+000
 1.00000000e+000 3.20026363e+001 2.39988467e+001 2.29979855e+001 1.89962741e+001 8.30043283e+001 5.49999333e+001 1.00698492e+003 1.00398537e+003 4.99674974e+000 2.99904650e+000 2.29969181e+001 0.00000000e+000 0.00000000e+000 0.00000000e+000 1.00000000e+000
 1.00000000e+000 3.30041478e+001 2.39957236e+001 2.49991576e+001 1.69967662e+001 8.90027462e+001 4.10048976e+001 1.00998484e+003 1.00598720e+003 7.99484267e+000 2.99790060e+000 2.09975816e+001 0.00000000e+000 0.00000000e+000 0.00000000e+000 1.00000000e+000
 1.00000000e+000 3.29988755e+001 2.49971517e+001 2.39882492e+001 2.09899757e+001 8.90125168e+001 5.19978763e+001 1.00997886e+003 1.00598010e+003 4.99224235e+000 2.99956129e+000 2.40015425e+001 0.00000000e+000 0.00000000e+000 0.00000000e+000 1.00000000e+000
 1.00000000e+000 3.30023048e+001 2.49953840e+001 2.39944278e+001 1.99961599e+001 8.90021884e+001 4.59994889e+001 1.00898182e+003 1.00598547e+003 4.99931280e+000 4.00175674e+000 2.59989865e+001 0.00000000e+000 0.00000000e+000 0.00000000e+000 1.00000000e+000
 1.00000000e+000 3.50072812e+001 2.49970950e+001 2.40028142e+001 1.99972542e+001 8.29991022e+001 4.39996546e+001 1.00999171e+003 1.00698921e+003 5.00198575e+000 3.99960979e+000 1.89934261e+001 0.00000000e+000 0.00000000e+000 0.00000000e+000 1.00000000e+000
 1.00000000e+000 3.29999749e+001 2.49993293e+001 2.20001599e+001 1.99966814e+001 8.30069378e+001 4.60015972e+001 1.01098408e+003 1.00798558e+003 4.99745904e+000 3.99605998e+000 2.29994178e+001 0.00000000e+000 0.00000000e+000 0.00000000e+000 1.00000000e+000
 1.00000000e+000 3.40017130e+001 2.40097995e+001 2.29984199e+001 1.89925869e+001 8.30039932e+001 4.39925685e+001 1.01097462e+003 1.00798483e+003 5.00257732e+000 4.00118712e+000 2.30000747e+001 0.00000000e+000 0.00000000e+000 0.00000000e+000 1.00000000e+000
 1.00000000e+000 3.40045130e+001 2.39993024e+001 2.20058494e+001 1.69952747e+001 8.29946957e+001 3.79964619e+001 1.00899257e+003 1.00598211e+003 5.00361630e+000 3.99434846e+000 2.29932584e+001 0.00000000e+000 0.00000000e+000 0.00000000e+000 1.00000000e+000
 1.00000000e+000 3.40104298e+001 2.39942916e+001 2.19977592e+001 1.70000951e+001 7.80094590e+001 3.80098981e+001 1.01099542e+003 1.00700484e+003 6.99460264e+000 2.99764281e+000 2.29944001e+001 0.00000000e+000 0.00000000e+000 0.00000000e+000 1.00000000e+000
 1.00000000e+000 3.40046415e+001 2.19976947e+001 2.10006935e+001 1.59959240e+001 7.80019089e+001 4.09996668e+001 1.01198839e+003 1.00898666e+003 4.99969581e+000 2.99905391e+000 2.69943469e+001 0.00000000e+000 0.00000000e+000 0.00000000e+000 1.00000000e+000
 1.00000000e+000 3.30030444e+001 2.10008161e+001 2.29970465e+001 1.89941743e+001 9.40021343e+001 4.29989531e+001 1.01298389e+003 1.00898444e+003 7.99811132e+000 4.00012786e+000 2.89960566e+001 0.00000000e+000 0.00000000e+000 0.00000000e+000 1.00000000e+000
 1.00000000e+000 3.40088788e+001 2.29961226e+001 2.19941774e+001 1.69946542e+001 8.30058709e+001 3.60053421e+001 1.01298287e+003 1.00898580e+003 7.99315103e+000 2.99716948e+000 3.39960800e+001 0.00000000e+000 0.00000000e+000 0.00000000e+000 1.00000000e+000
 1.00000000e+000 3.40003719e+001 2.40021916e+001 1.99953316e+001 1.59990905e+001 7.80074655e+001 3.39911154e+001 1.01297717e+003 1.00998606e+003 6.99381753e+000 3.00499064e+000 2.30019470e+001 0.00000000e+000 0.00000000e+000 0.00000000e+000 1.00000000e+000
 1.00000000e+000 3.40129430e+001 2.10064858e+001 2.19977401e+001 1.69904204e+001 9.40084002e+001 3.60039923e+001 1.01497057e+003 1.01099571e+003 6.00350096e+000 2.00007200e+000 1.89998158e+001 0.00000000e+000 0.00000000e+000 0.00000000e+000 1.00000000e+000
 1.00000000e+000 3.40056105e+001 2.19984839e+001 2.10020667e+001 1.69975836e+001 8.30002350e+001 3.60002866e+001 1.01398780e+003 1.00998602e+003 4.99858484e+000 2.99979862e+000 1.39928214e+001 0.00000000e+000 0.00000000e+000 0.00000000e+000 1.00000000e+000
 1.00000000e+000 3.40057153e+001 2.29934713e+001 2.00044247e+001 1.69898981e+001 7.79959540e+001 3.59988544e+001 1.01500330e+003 1.00999106e+003 4.99837131e+000 1.99858113e+000 2.39927780e+001 0.00000000e+000 0.00000000e+000 0.00000000e+000 1.00000000e+000
 1.00000000e+000 3.30090998e+001 2.20011724e+001 2.20001424e+001 1.79920572e+001 7.80055192e+001 4.60009825e+001 1.01499449e+003 1.01099804e+003 3.99274385e+000 1.99911376e+000 1.39903705e+001 0.00000000e+000 0.00000000e+000 0.00000000e+000 1.00000000e+000
 1.00000000e+000 3.30002009e+001 2.10021706e+001 2.09967544e+001 1.79953862e+001 8.80040978e+001 4.10001522e+001 1.01297989e+003 1.00998456e+003 3.99600020e+000 1.99974837e+000 1.39997886e+001 0.00000000e+000 0.00000000e+000 0.00000000e+000 1.00000000e+000
 1.00000000e+000 3.30038867e+001 2.19974695e+001 2.09998974e+001 1.79957724e+001 8.80008122e+001 4.10007161e+001 1.01298708e+003 1.00998632e+003 3.99978365e+000 1.00098350e+000 1.59946096e+001 0.00000000e+000 0.00000000e+000 0.00000000e+000 1.00000000e+000
 1.00000000e+000 3.30038612e+001 2.19993091e+001 2.09986848e+001 1.79963049e+001 8.80023195e+001 4.10005211e+001 1.01298649e+003 1.00998558e+003 3.99712632e+000 1.00005556e+000 9.99610034e+000 0.00000000e+000 0.00000000e+000 0.00000000e+000 1.00000000e+000
 1.00000000e+000 3.20028271e+001 2.19978950e+001 2.00002066e+001 1.59971845e+001 8.30019483e+001 3.79985290e+001 1.01398774e+003 1.01098614e+003 4.99759344e+000 2.00019823e+000 1.29962229e+001 0.00000000e+000 0.00000000e+000 0.00000000e+000 1.00000000e+000
 1.00000000e+000 3.30175639e+001 2.09968774e+001 1.90094883e+001 1.50004710e+001 8.29986298e+001 3.40049508e+001 1.01499760e+003 1.00999341e+003 5.00351964e+000 1.99729226e+000 1.09805921e+001 0.00000000e+000 0.00000000e+000 0.00000000e+000 1.00000000e+000
 1.00000000e+000 3.30074509e+001 2.19964346e+001 2.00024202e+001 9.99609003e+000 7.80003028e+001 2.60010701e+001 1.01499015e+003 1.00998665e+003 5.00049060e+000 1.99999427e+000 1.29930552e+001 0.00000000e+000 0.00000000e+000 0.00000000e+000 1.00000000e+000
 1.00000000e+000 3.10111380e+001 2.09868421e+001 2.10044405e+001 1.60072075e+001 8.80051931e+001 4.30082358e+001 1.01399503e+003 1.00899793e+003 4.00397760e+000 2.00039276e+000 9.99743246e+000 0.00000000e+000 0.00000000e+000 0.00000000e+000 1.00000000e+000
 1.00000000e+000 3.10018518e+001 2.00026855e+001 2.09991067e+001 1.69980763e+001 9.40034962e+001 4.29969251e+001 1.01398467e+003 1.00998363e+003 4.99992409e+000 2.00114649e+000 1.59984596e+001 0.00000000e+000 0.00000000e+000 0.00000000e+000 1.00000000e+000
 1.00000000e+000 2.90041951e+001 1.89993171e+001 2.09973851e+001 1.79959237e+001 9.40027586e+001 5.09993253e+001 1.01598635e+003 1.01098514e+003 3.99963140e+000 1.00088379e+000 1.09947579e+001 0.00000000e+000 0.00000000e+000 0.00000000e+000 1.00000000e+000
 1.00000000e+000 3.00178996e+001 1.79871194e+001 1.90103634e+001 1.40011870e+001 9.39952347e+001 3.70044164e+001 1.01399943e+003 1.01099785e+003 4.00643155e+000 1.00062521e+000 2.29846111e+001 0.00000000e+000 0.00000000e+000 0.00000000e+000 1.00000000e+000
 1.00000000e+000 3.00035903e+001 1.59989867e+001 1.80056960e+001 1.30005987e+001 9.99946876e+001 3.50012734e+001 1.01399391e+003 1.01099185e+003 5.00173106e+000 1.99913482e+000 1.59937816e+001 0.00000000e+000 0.00000000e+000 0.00000000e+000 1.00000000e+000
 1.00000000e+000 3.09791871e+001 1.59734575e+001 1.80032202e+001 1.49978353e+001 9.39889175e+001 4.29688492e+001 1.01497578e+003 1.01198681e+003 2.95772344e+000 1.00289686e+000 8.02363524e+000 0.00000000e+000 0.00000000e+000 0.00000000e+000 1.00000000e+000
 1.00000000e+000 3.20052719e+001 1.69977452e+001 1.90023073e+001 1.29973101e+001 9.99994616e+001 3.10017212e+001 1.01499085e+003 1.01098639e+003 3.99917840e+000 9.98705151e-001 1.09952013e+001 0.00000000e+000 0.00000000e+000 0.00000000e+000 1.00000000e+000
 1.00000000e+000 2.90048260e+001 1.70107685e+001 1.70000516e+001 1.50021341e+001 1.00001494e+002 4.49981664e+001 1.01398439e+003 1.01099566e+003 2.99904724e+000 1.00272531e+000 1.09901068e+001 0.00000000e+000 0.00000000e+000 1.00000000e+000 0.00000000e+000
 1.00000000e+000 3.20038618e+001 1.69974371e+001 1.90057830e+001 1.10016195e+001 8.79941766e+001 2.70013164e+001 1.01398858e+003 1.00399830e+003 4.01130963e+000 9.99213839e-001 1.60105446e+001 0.00000000e+000 1.00000000e+000 0.00000000e+000 1.00000000e+000
 1.00000000e+000 2.90031125e+001 1.69911312e+001 1.89992801e+001 1.49979441e+001 9.39998202e+001 4.19976702e+001 1.01598908e+003 1.01298727e+003 2.99560296e+000 1.00220440e+000 9.99455847e+000 0.00000000e+000 0.00000000e+000 0.00000000e+000 1.00000000e+000
 1.00000000e+000 2.90024468e+001 1.50009139e+001 1.79968988e+001 1.19961556e+001 1.00002525e+002 3.49997826e+001 1.01598323e+003 1.00998494e+003 3.99759614e+000 1.00054640e+000 1.89977339e+001 0.00000000e+000 0.00000000e+000 1.00000000e+000 0.00000000e+000
 1.00000000e+000 3.00034734e+001 1.59891880e+001 1.40071042e+001 1.10021315e+001 7.69924346e+001 3.10005649e+001 1.01199939e+003 1.00899054e+003 3.99310141e+000 1.99876350e+000 1.09931102e+001 0.00000000e+000 0.00000000e+000 1.00000000e+000 0.00000000e+000
 1.00000000e+000 2.99996029e+001 1.59933907e+001 1.49999283e+001 1.10049958e+001 8.20061134e+001 3.29926153e+001 1.01298853e+003 1.00198885e+003 3.99357196e+000 1.00297003e+000 1.10039051e+001 0.00000000e+000 0.00000000e+000 0.00000000e+000 1.00000000e+000
 1.00000000e+000 2.90084030e+001 1.49961193e+001 1.50026396e+001 1.29988466e+001 9.40009890e+001 3.69969029e+001 1.01298709e+003 1.00998543e+003 4.00239260e+000 1.00162897e+000 1.39927347e+001 0.00000000e+000 0.00000000e+000 0.00000000e+000 1.00000000e+000
 1.00000000e+000 3.00114888e+001 1.59931287e+001 1.60048884e+001 1.19969700e+001 8.19998698e+001 3.70025846e+001 1.01499428e+003 1.01199177e+003 4.00219867e+000 9.98867831e-001 2.29930683e+001 0.00000000e+000 0.00000000e+000 1.00000000e+000 0.00000000e+000
 1.00000000e+000 3.00049962e+001 1.99974829e+001 1.60006251e+001 1.19958838e+001 6.80022925e+001 3.30002497e+001 1.01598691e+003 1.01298654e+003 4.00051432e+000 2.99967324e+000 7.09931344e+001 1.00000000e+000 0.00000000e+000 0.00000000e+000 0.00000000e+000
 1.00000000e+000 2.90063850e+001 1.69975388e+001 1.50011499e+001 1.19967357e+001 8.80007506e+001 3.50004289e+001 1.01698831e+003 1.01398623e+003 3.99974203e+000 9.99984191e-001 1.09954033e+001 1.00000000e+000 0.00000000e+000 0.00000000e+000 0.00000000e+000
 1.00000000e+000 2.90106202e+001 1.49948093e+001 1.60154090e+001 1.20074412e+001 9.39853392e+001 3.50043554e+001 1.01799769e+003 1.01499177e+003 3.00492181e+000 9.97798939e-001 1.39871594e+001 0.00000000e+000 0.00000000e+000 0.00000000e+000 1.00000000e+000
 1.00000000e+000 2.90038135e+001 1.49996760e+001 1.49982861e+001 1.09962228e+001 8.80025553e+001 3.30001394e+001 1.01798432e+003 1.01298515e+003 3.99834657e+000 1.00033811e+000 2.29970047e+001 0.00000000e+000 0.00000000e+000 0.00000000e+000 1.00000000e+000
 1.00000000e+000 2.90039140e+001 1.39990103e+001 1.49978525e+001 1.19967807e+001 9.40016804e+001 3.89993725e+001 1.01598408e+003 1.01198515e+003 2.99873284e+000 9.99972180e-001 2.29975938e+001 0.00000000e+000 0.00000000e+000 0.00000000e+000 1.00000000e+000
 1.00000000e+000 2.79975441e+001 1.39883305e+001 1.50005368e+001 1.19961785e+001 9.39978826e+001 3.90021184e+001 1.01599648e+003 1.01299574e+003 3.00661441e+000 9.97433744e-001 1.59934652e+001 0.00000000e+000 0.00000000e+000 0.00000000e+000 1.00000000e+000
 1.00000000e+000 2.90014569e+001 1.40040213e+001 1.60039555e+001 1.29900534e+001 9.99936024e+001 3.69937168e+001 1.01699592e+003 1.01298402e+003 2.99448893e+000 1.00045571e+000 1.39868609e+001 0.00000000e+000 0.00000000e+000 1.00000000e+000 0.00000000e+000
 1.00000000e+000 2.90051372e+001 1.50156642e+001 1.50025760e+001 1.29778066e+001 9.39896255e+001 3.70023052e+001 1.01699659e+003 1.01198272e+003 4.00691737e+000 9.97111615e-001 1.29903341e+001 0.00000000e+000 0.00000000e+000 1.00000000e+000 0.00000000e+000
 1.00000000e+000 3.10030529e+001 1.49963734e+001 1.40033691e+001 8.99944679e+000 8.79936268e+001 2.49988706e+001 1.01599473e+003 1.01198934e+003 4.00064933e+000 9.98158213e-001 1.59997745e+001 0.00000000e+000 0.00000000e+000 0.00000000e+000 1.00000000e+000
 1.00000000e+000 3.10121203e+001 1.49861790e+001 1.30081479e+001 1.00022257e+001 8.20270994e+001 2.70160899e+001 1.01698876e+003 1.01299298e+003 4.01060570e+000 9.92508781e-001 1.90002883e+001 0.00000000e+000 0.00000000e+000 0.00000000e+000 1.00000000e+000
 1.00000000e+000 3.00036209e+001 1.40054522e+001 1.40018295e+001 1.20044246e+001 8.79994250e+001 3.29944465e+001 1.01598278e+003 1.01199020e+003 4.00579159e+000 2.00399719e+000 2.69969778e+001 0.00000000e+000 0.00000000e+000 0.00000000e+000 1.00000000e+000
 1.00000000e+000 3.00035559e+001 1.49980922e+001 1.39990631e+001 1.09981583e+001 8.80022821e+001 3.10010638e+001 1.01598587e+003 1.01198472e+003 4.99843104e+000 1.99983459e+000 2.29952850e+001 0.00000000e+000 0.00000000e+000 0.00000000e+000 1.00000000e+000
 1.00000000e+000 3.00006303e+001 1.40008904e+001 1.30008312e+001 8.99768834e+000 8.20011108e+001 2.70037985e+001 1.01598239e+003 1.01098238e+003 3.99671690e+000 1.99886719e+000 2.59957647e+001 0.00000000e+000 0.00000000e+000 0.00000000e+000 1.00000000e+000
 1.00000000e+000 2.90052323e+001 1.29979836e+001 1.30009157e+001 7.99606297e+000 8.80003488e+001 2.90002976e+001 1.01498762e+003 1.01098626e+003 4.99976243e+000 2.99971087e+000 2.39957963e+001 0.00000000e+000 0.00000000e+000 0.00000000e+000 1.00000000e+000
 1.00000000e+000 2.79971893e+001 1.30129590e+001 1.19923454e+001 5.98458118e+000 8.19946555e+001 2.50111036e+001 1.01599419e+003 1.01298438e+003 4.99873667e+000 2.99224900e+000 2.70019142e+001 0.00000000e+000 0.00000000e+000 0.00000000e+000 1.00000000e+000
 1.00000000e+000 2.70054666e+001 9.99736519e+000 1.09925667e+001 6.99240253e+000 8.80082767e+001 2.79929922e+001 1.01499787e+003 1.01198369e+003 5.00479237e+000 1.00340810e+000 2.29968595e+001 0.00000000e+000 0.00000000e+000 0.00000000e+000 1.00000000e+000
 1.00000000e+000 2.90009724e+001 1.10022060e+001 1.20002704e+001 6.99946657e+000 1.00001706e+002 3.00002097e+001 1.01698417e+003 1.01398719e+003 3.99850512e+000 1.00041906e+000 1.29970177e+001 0.00000000e+000 0.00000000e+000 0.00000000e+000 1.00000000e+000
 1.00000000e+000 2.89919123e+001 1.19917450e+001 1.20223112e+001 1.00016956e+001 9.39866784e+001 3.00084284e+001 1.01798797e+003 1.01399707e+003 4.00330080e+000 9.92925303e-001 1.60050412e+001 0.00000000e+000 0.00000000e+000 0.00000000e+000 1.00000000e+000
 1.00000000e+000 2.90068113e+001 1.29927406e+001 1.29923003e+001 8.98716515e+000 8.20063209e+001 3.39958016e+001 1.01897694e+003 1.01397796e+003 2.99837243e+000 1.00192003e+000 1.10018461e+001 0.00000000e+000 0.00000000e+000 0.00000000e+000 1.00000000e+000
 1.00000000e+000 3.10051354e+001 1.39978356e+001 1.39985312e+001 1.09958794e+001 8.80011248e+001 3.10000549e+001 1.01698430e+003 1.01298525e+003 4.00131527e+000 1.00083243e+000 1.29975095e+001 0.00000000e+000 0.00000000e+000 0.00000000e+000 1.00000000e+000
 1.00000000e+000 3.00036408e+001 1.40001727e+001 1.29982542e+001 6.99600647e+000 9.40023493e+001 2.30010564e+001 1.01698367e+003 1.01298702e+003 3.99760540e+000 1.00046837e+000 1.09982461e+001 0.00000000e+000 0.00000000e+000 0.00000000e+000 1.00000000e+000
 1.00000000e+000 2.79983499e+001 1.40089384e+001 8.98992079e+000 5.99464833e+000 6.70131100e+001 2.50065819e+001 1.01797609e+003 1.01398347e+003 2.99891573e+000 9.99565745e-001 1.60048602e+001 0.00000000e+000 0.00000000e+000 0.00000000e+000 1.00000000e+000
 1.00000000e+000 2.80062070e+001 1.29963542e+001 9.00278105e+000 3.99643134e+000 7.20014712e+001 2.10014462e+001 1.01798937e+003 1.01398679e+003 4.00001329e+000 9.99365907e-001 9.99538006e+000 0.00000000e+000 0.00000000e+000 0.00000000e+000 1.00000000e+000
 1.00000000e+000 2.80039712e+001 1.39938583e+001 8.00230299e+000 6.00235538e+000 6.29954556e+001 2.59868263e+001 1.01700154e+003 1.01398847e+003 4.00690620e+000 1.00490912e+000 9.99595553e+000 0.00000000e+000 0.00000000e+000 0.00000000e+000 1.00000000e+000
 1.00000000e+000 2.70058084e+001 1.59961803e+001 9.99970159e+000 3.99529933e+000 6.30020760e+001 2.30024349e+001 1.01698752e+003 1.01398607e+003 2.99953168e+000 9.99759511e-001 1.29944754e+001 0.00000000e+000 0.00000000e+000 0.00000000e+000 1.00000000e+000
 1.00000000e+000 2.70056307e+001 1.39979793e+001 1.00019921e+001 6.99647203e+000 7.20012819e+001 2.80007597e+001 1.01798850e+003 1.01398636e+003 2.99946952e+000 9.99743534e-001 1.09952945e+001 0.00000000e+000 0.00000000e+000 0.00000000e+000 1.00000000e+000
 1.00000000e+000 2.69805976e+001 1.50268654e+001 1.19843133e+001 7.99538207e+000 7.20097292e+001 3.59933564e+001 1.01695543e+003 1.01199147e+003 2.99313890e+000 9.95558684e-001 1.10199629e+001 0.00000000e+000 0.00000000e+000 0.00000000e+000 1.00000000e+000
 1.00000000e+000 2.39971716e+001 1.19990257e+001 9.99806104e+000 4.99092105e+000 7.70048605e+001 3.29950713e+001 1.01398496e+003 1.00998835e+003 3.99105547e+000 1.00020192e+000 1.39971824e+001 0.00000000e+000 0.00000000e+000 0.00000000e+000 1.00000000e+000
 1.00000000e+000 2.20043901e+001 8.99936148e+000 5.99966622e+000 1.99695057e+000 8.20026029e+001 2.70005732e+001 1.01598581e+003 1.01098600e+003 2.99882007e+000 1.00013458e+000 1.89970856e+001 0.00000000e+000 0.00000000e+000 0.00000000e+000 1.00000000e+000
 1.00000000e+000 2.30082145e+001 7.00033677e+000 6.00014641e+000 1.99821724e+000 8.10090383e+001 2.50039283e+001 1.01898733e+003 1.01599536e+003 2.99313519e+000 1.00193763e+000 2.09887216e+001 0.00000000e+000 0.00000000e+000 0.00000000e+000 1.00000000e+000
 1.00000000e+000 2.10067924e+001 6.99433921e+000 6.00382940e+000 4.00066075e+000 8.10020728e+001 3.30035298e+001 1.01899691e+003 1.01498589e+003 2.99793101e+000 9.93604288e-001 1.89993622e+001 0.00000000e+000 0.00000000e+000 0.00000000e+000 1.00000000e+000
 1.00000000e+000 2.40040985e+001 8.01765610e+000 5.99714117e+000 3.99072061e+000 8.10050966e+001 2.69920142e+001 1.01798039e+003 1.01399286e+003 3.00012571e+000 1.00430573e+000 2.29908966e+001 0.00000000e+000 0.00000000e+000 0.00000000e+000 1.00000000e+000
 1.00000000e+000 2.50033957e+001 8.99777988e+000 6.00163716e+000 2.99768513e+000 7.10010615e+001 2.60025180e+001 1.01598360e+003 1.01198413e+003 3.00069021e+000 1.99882408e+000 2.30001561e+001 0.00000000e+000 0.00000000e+000 0.00000000e+000 1.00000000e+000
 1.00000000e+000 2.60150973e+001 8.99130801e+000 8.01124632e+000 3.99835796e+000 7.59951902e+001 2.60039733e+001 1.01799988e+003 1.01399220e+003 3.00308606e+000 9.98030715e-001 1.09878796e+001 0.00000000e+000 0.00000000e+000 0.00000000e+000 1.00000000e+000
 1.00000000e+000 2.59951224e+001 9.00570232e+000 8.99010751e+000 5.99508539e+000 9.30086768e+001 2.89977560e+001 1.01697450e+003 1.01398044e+003 2.99552948e+000 1.00183046e+000 1.30059813e+001 0.00000000e+000 0.00000000e+000 0.00000000e+000 1.00000000e+000
 1.00000000e+000 2.40049107e+001 9.99819170e+000 8.99929660e+000 6.99598475e+000 8.70022920e+001 3.40006852e+001 1.01698698e+003 1.01298679e+003 2.99844295e+000 9.99969779e-001 1.39973675e+001 0.00000000e+000 0.00000000e+000 0.00000000e+000 1.00000000e+000
 1.00000000e+000 2.50121177e+001 8.99147270e+000 9.99463665e+000 7.99563867e+000 9.30008987e+001 3.40047904e+001 1.01598489e+003 1.01198636e+003 2.00096894e+000 9.99695545e-001 1.29971295e+001 0.00000000e+000 0.00000000e+000 1.00000000e+000 0.00000000e+000
 1.00000000e+000 2.50041619e+001 9.99774002e+000 8.99922061e+000 6.99688982e+000 9.40010815e+001 3.20011069e+001 1.01798594e+003 1.01398719e+003 2.99923655e+000 1.00348999e+000 1.39967238e+001 0.00000000e+000 0.00000000e+000 1.00000000e+000 0.00000000e+000
 1.00000000e+000 2.30013596e+001 8.00450096e+000 8.99808466e+000 2.99981471e+000 9.30050230e+001 2.70022811e+001 1.01898604e+003 1.01598884e+003 3.00140353e+000 9.99378154e-001 1.39953222e+001 0.00000000e+000 0.00000000e+000 1.00000000e+000 0.00000000e+000
 1.00000000e+000 2.30102564e+001 7.99500910e+000 7.00426551e+000 9.97905539e-001 8.69999231e+001 2.30011824e+001 1.01899217e+003 1.01598886e+003 4.00210730e+000 9.99881962e-001 9.99412728e+000 0.00000000e+000 0.00000000e+000 1.00000000e+000 0.00000000e+000
 1.00000000e+000 2.10056717e+001 7.99652821e+000 9.00587676e+000 4.00118249e+000 8.19988544e+001 3.79984003e+001 1.01999435e+003 1.01498968e+003 3.00388358e+000 9.96161584e-001 1.29965183e+001 0.00000000e+000 0.00000000e+000 1.00000000e+000 0.00000000e+000
 1.00000000e+000 2.20121178e+001 5.99500593e+000 8.00595850e+000 4.99934863e+000 9.99978068e+001 3.30055593e+001 1.01799128e+003 1.01398786e+003 2.99651491e+000 9.98331088e-001 1.89854644e+001 0.00000000e+000 0.00000000e+000 1.00000000e+000 0.00000000e+000
 1.00000000e+000 2.20047776e+001 5.99918718e+000 7.99926263e+000 5.00021898e+000 1.00001819e+002 3.79969945e+001 1.01998507e+003 1.01598864e+003 2.99564845e+000 1.00077840e+000 1.39976693e+001 0.00000000e+000 0.00000000e+000 1.00000000e+000 0.00000000e+000
 1.00000000e+000 2.20058242e+001 5.99934851e+000 1.09995330e+001 5.99620291e+000 1.00000839e+002 4.59953908e+001 1.02897995e+003 1.01598693e+003 1.99635838e+000 3.08385791e-003 9.99652519e+000 0.00000000e+000 0.00000000e+000 1.00000000e+000 0.00000000e+000
 1.00000000e+000 2.20049525e+001 7.99787156e+000 1.30007698e+001 7.99810523e+000 1.00001033e+002 4.59991954e+001 1.01998815e+003 1.01598699e+003 1.99933458e+000 -1.26481775e-004 1.29979065e+001 0.00000000e+000 0.00000000e+000 1.00000000e+000 0.00000000e+000
 1.00000000e+000 2.10084842e+001 7.95810711e+000 9.05570032e+000 6.98940835e+000 9.99626781e+001 4.00081587e+001 1.01801008e+003 1.01293980e+003 1.98250660e+000 1.00734548e+000 1.29724251e+001 0.00000000e+000 0.00000000e+000 1.00000000e+000 0.00000000e+000
 1.00000000e+000 2.09950681e+001 5.00234207e+000 9.00031611e+000 5.00127397e+000 9.99985459e+001 3.80022602e+001 1.01598217e+003 1.01198920e+003 1.99877667e+000 -4.23486388e-003 1.09967104e+001 0.00000000e+000 0.00000000e+000 1.00000000e+000 0.00000000e+000
 1.00000000e+000 2.20245891e+001 6.98212419e+000 8.99322002e+000 6.99840461e+000 1.00028561e+002 3.80043008e+001 1.01597609e+003 1.01298799e+003 2.00178109e+000 6.41146733e-003 1.09708490e+001 0.00000000e+000 0.00000000e+000 1.00000000e+000 0.00000000e+000
 1.00000000e+000 2.00029540e+001 8.99517945e+000 1.29979685e+001 7.99802039e+000 9.39999886e+001 4.59991363e+001 1.01798313e+003 1.01398767e+003 1.99705205e+000 2.39388458e-003 1.00017228e+001 0.00000000e+000 0.00000000e+000 1.00000000e+000 0.00000000e+000
 1.00000000e+000 2.10069858e+001 4.99743007e+000 1.00001846e+001 4.99774633e+000 1.00000578e+002 4.59994418e+001 1.01798816e+003 1.01398730e+003 2.99969185e+000 1.05422084e-004 1.39957997e+001 0.00000000e+000 0.00000000e+000 1.00000000e+000 0.00000000e+000
 1.00000000e+000 1.40188415e+001 6.98652084e+000 1.00166683e+001 7.00095088e+000 9.99886689e+001 7.70003608e+001 1.01700883e+003 1.01299489e+003 1.00515923e+000 -4.34589322e-003 1.29852966e+001 0.00000000e+000 0.00000000e+000 1.00000000e+000 0.00000000e+000
 1.00000000e+000 1.50064299e+001 6.99678572e+000 1.00003034e+001 6.99835713e+000 1.00000742e+002 7.19980003e+001 1.01898760e+003 1.01598757e+003 1.99889295e+000 4.33996696e-004 1.39959891e+001 0.00000000e+000 0.00000000e+000 1.00000000e+000 0.00000000e+000
 1.00000000e+000 1.90025791e+001 5.99631452e+000 8.99591018e+000 6.00093178e+000 1.00004124e+002 4.30012799e+001 1.01998379e+003 1.01498928e+003 2.99800209e+000 1.94041714e-003 2.59989403e+001 0.00000000e+000 0.00000000e+000 1.00000000e+000 0.00000000e+000
 1.00000000e+000 2.00092070e+001 5.98009718e+000 7.99834383e+000 4.98264075e+000 9.99984624e+001 4.30024897e+001 1.01797671e+003 1.01501362e+003 2.98798107e+000 9.99867141e-001 2.30100083e+001 0.00000000e+000 0.00000000e+000 1.00000000e+000 0.00000000e+000
 1.00000000e+000 2.20089217e+001 9.99360838e+000 9.00687000e+000 6.00141940e+000 8.79963690e+001 3.80029351e+001 1.01899166e+003 1.01498574e+003 2.00338448e+000 -1.40197176e-003 1.09936762e+001 0.00000000e+000 0.00000000e+000 1.00000000e+000 0.00000000e+000
 1.00000000e+000 2.59998597e+001 1.00010870e+001 8.99714211e+000 6.00758437e+000 9.40048084e+001 2.90016005e+001 1.01798777e+003 1.01499099e+003 3.00005850e+000 7.24356955e-004 1.10010459e+001 0.00000000e+000 0.00000000e+000 1.00000000e+000 0.00000000e+000
 1.00000000e+000 2.40037469e+001 8.99786489e+000 8.97533720e+000 4.98869036e+000 8.69995247e+001 2.89970039e+001 1.01898171e+003 1.01496375e+003 3.00482902e+000 7.08022277e-003 1.40007295e+001 0.00000000e+000 0.00000000e+000 1.00000000e+000 0.00000000e+000
 1.00000000e+000 2.39959757e+001 8.99815072e+000 8.99960168e+000 5.99912893e+000 8.69989807e+001 3.10054275e+001 1.01999135e+003 1.01598703e+003 1.99508592e+000 -2.57056869e-003 6.29974046e+001 0.00000000e+000 0.00000000e+000 1.00000000e+000 0.00000000e+000
 1.00000000e+000 2.50063285e+001 1.09984489e+001 1.00040797e+001 3.99396253e+000 7.69974918e+001 2.59980627e+001 1.01999129e+003 1.01698595e+003 1.99981894e+000 2.32491757e-004 1.29923382e+001 0.00000000e+000 0.00000000e+000 1.00000000e+000 0.00000000e+000
