 1.00000000e+000 7.01380237e+000 6.82642320e+000 8.16601511e+001 1.01726609e+003 -7.56062517e-001
 1.00000000e+000 7.01380237e+000 6.82642320e+000 8.16601511e+001 1.01726609e+003 -7.56062517e-001
 1.00000000e+000 7.01380237e+000 6.82642320e+000 8.16601511e+001 1.01726609e+003 -7.56062517e-001
 1.00000000e+000 8.29451005e+000 5.75935881e+000 8.15860770e+001 1.01753785e+003 5.00069242e-001
 1.00000000e+000 9.66270244e+000 4.63043336e+000 8.14004423e+001 1.01673892e+003 1.83054931e+000
 1.00000000e+000 9.66270244e+000 4.63043336e+000 8.14004423e+001 1.01673892e+003 1.83054931e+000
 1.00000000e+000 1.09434101e+001 3.56336898e+000 8.13263682e+001 1.01701068e+003 3.08668107e+000
 1.00000000e+000 1.07195382e+001 3.70559903e+000 8.15228884e+001 1.01815125e+003 2.91088158e+000
 1.00000000e+000 1.03103766e+001 3.94670602e+000 8.17777676e+001 1.01836092e+003 2.60652803e+000
 1.00000000e+000 9.76050743e+000 4.59341750e+000 8.14536438e+001 1.01874052e+003 1.88475505e+000
 1.00000000e+000 1.14806536e+001 5.41782068e+000 6.81526480e+001 1.01959178e+003 1.20935423e+000
 1.00000000e+000 1.52606164e+001 3.96718796e+000 5.58919955e+001 1.01780694e+003 3.51166545e+000
 1.00000000e+000 1.45786804e+001 4.36903293e+000 5.63167943e+001 1.01815638e+003 3.00440954e+000
 1.00000000e+000 1.29093834e+001 5.46781517e+000 5.78928297e+001 1.01701724e+003 1.58066805e+000
 1.00000000e+000 1.12999105e+001 6.33406712e+000 6.11328761e+001 1.01665114e+003 3.64156087e-001
 1.00000000e+000 7.77450917e+000 7.64467303e+000 7.14808129e+001 1.01605578e+003 -1.58200126e+000
 1.00000000e+000 1.16708650e+001 4.75484069e+000 7.02309001e+001 1.01712261e+003 1.85414577e+000
 1.00000000e+000 1.18072522e+001 4.67447170e+000 7.01459403e+001 1.01705272e+003 1.95559696e+000
 1.00000000e+000 1.18072522e+001 4.67447170e+000 7.01459403e+001 1.01705272e+003 1.95559696e+000
 1.00000000e+000 1.18072522e+001 4.67447170e+000 7.01459403e+001 1.01705272e+003 1.95559696e+000
 1.00000000e+000 1.16708650e+001 4.75484069e+000 7.02309001e+001 1.01712261e+003 1.85414577e+000
 1.00000000e+000 7.77450917e+000 7.64467303e+000 7.14808129e+001 1.01605578e+003 -1.58200126e+000
 1.00000000e+000 1.52606164e+001 3.96718796e+000 5.58919955e+001 1.01780694e+003 3.51166545e+000
 1.00000000e+000 1.45786804e+001 4.36903293e+000 5.63167943e+001 1.01815638e+003 3.00440954e+000
