 1.00000000e+000 1.94323993e+001 8.62292659e+000 1.19637780e+001 6.44598504e+000 9.55604609e+001 4.46436031e+001 1.01754779e+003 1.01380829e+003 3.85947599e+000 1.28760432e-001 1.51307249e+001 0.00000000e+000 0.00000000e+000 1.00000000e+000 0.00000000e+000
 1.00000000e+000 2.04216005e+001 7.17146994e+000 1.02226481e+001 3.32683164e+000 9.38953317e+001 3.96092272e+001 1.01895350e+003 1.01502383e+003 3.71449970e+000 -1.11902060e-001 1.57352922e+001 0.00000000e+000 0.00000000e+000 1.00000000e+000 0.00000000e+000
 1.00000000e+000 1.86669530e+001 7.30203184e+000 1.16001724e+001 3.70643619e+000 9.49888861e+001 4.70918496e+001 1.01948608e+003 1.01773386e+003 3.31615428e+000 7.31079529e-001 1.62117029e+001 0.00000000e+000 0.00000000e+000 1.00000000e+000 0.00000000e+000
 1.00000000e+000 2.02676190e+001 8.42270283e+000 1.14357259e+001 4.63327274e+000 9.35419910e+001 4.20659777e+001 1.01745247e+003 1.01476186e+003 3.27676688e+000 5.09514358e-002 1.58627836e+001 0.00000000e+000 1.00000000e+000 0.00000000e+000 0.00000000e+000
 1.00000000e+000 2.17075787e+001 1.14512222e+001 1.30611754e+001 9.05988352e+000 9.52335909e+001 4.55094834e+001 1.01498850e+003 1.01029625e+003 4.02530457e+000 4.20805458e-001 1.58620694e+001 0.00000000e+000 0.00000000e+000 1.00000000e+000 0.00000000e+000
 1.00000000e+000 2.06510215e+001 9.18173123e+000 1.15623389e+001 6.99886673e+000 9.43360175e+001 4.23019032e+001 1.01636397e+003 1.01202992e+003 3.78735428e+000 3.01048355e-001 1.55017977e+001 0.00000000e+000 0.00000000e+000 1.00000000e+000 0.00000000e+000
 1.00000000e+000 2.16324476e+001 8.43576485e+000 9.45472098e+000 4.29621144e+000 8.87031770e+001 3.67420441e+001 1.02025378e+003 1.01602059e+003 3.73817710e+000 6.98740476e-001 1.70300643e+001 0.00000000e+000 0.00000000e+000 1.00000000e+000 0.00000000e+000
 1.00000000e+000 1.88170145e+001 2.70077511e+000 7.12798528e+000 -1.81414414e+000 8.11790617e+001 2.92188511e+001 1.01754188e+003 1.02097227e+003 -2.98973707e-001 1.44566826e+000 1.72307591e+001 0.00000000e+000 0.00000000e+000 1.00000000e+000 0.00000000e+000
 1.00000000e+000 1.98609551e+001 8.46124149e+000 1.10297449e+001 6.43116546e+000 9.35683019e+001 3.95326549e+001 1.02250151e+003 1.01898113e+003 2.65138797e+000 -1.49193858e+000 1.37163300e+001 0.00000000e+000 0.00000000e+000 0.00000000e+000 1.00000000e+000
 1.00000000e+000 2.27551852e+001 1.07920828e+001 1.20663417e+001 6.63708728e+000 9.39078478e+001 4.23715505e+001 1.02321395e+003 1.01905499e+003 3.83756736e+000 4.58494091e-001 1.75128034e+001 0.00000000e+000 0.00000000e+000 1.00000000e+000 0.00000000e+000
 1.00000000e+000 2.16051165e+001 9.09078089e+000 1.11304546e+001 5.68889362e+000 9.37657486e+001 4.08008227e+001 1.02173360e+003 1.01743148e+003 3.76549213e+000 2.56221552e-001 1.64220366e+001 0.00000000e+000 0.00000000e+000 1.00000000e+000 0.00000000e+000
 1.00000000e+000 2.06692036e+001 7.61623009e+000 1.10989554e+001 4.05584625e+000 9.24220038e+001 3.92701542e+001 1.02304666e+003 1.01945829e+003 3.97223701e+000 5.41116929e-001 1.63800587e+001 0.00000000e+000 0.00000000e+000 1.00000000e+000 0.00000000e+000
 1.00000000e+000 2.04751354e+001 7.41809283e+000 1.03823948e+001 3.85715790e+000 9.32578972e+001 3.73799625e+001 1.02428989e+003 1.02054781e+003 3.41006459e+000 -7.60787798e-001 1.50031169e+001 0.00000000e+000 0.00000000e+000 1.00000000e+000 0.00000000e+000
 1.00000000e+000 2.27271204e+001 8.91830092e+000 1.01029262e+001 4.47521405e+000 8.99468606e+001 3.54158770e+001 1.02349714e+003 1.01867712e+003 3.89512208e+000 1.33594138e-001 1.68533187e+001 0.00000000e+000 1.00000000e+000 0.00000000e+000 0.00000000e+000
 1.00000000e+000 2.16805174e+001 9.14330530e+000 1.15015460e+001 5.79676741e+000 9.26093640e+001 3.84940843e+001 1.02220105e+003 1.01793656e+003 3.77623367e+000 -6.01492088e-002 1.56214824e+001 0.00000000e+000 0.00000000e+000 1.00000000e+000 0.00000000e+000
 1.00000000e+000 2.40127396e+001 1.23729914e+001 1.32666955e+001 8.92257878e+000 9.22892050e+001 4.05335947e+001 1.02153369e+003 1.01652141e+003 4.18522387e+000 1.02811849e+000 1.65249327e+001 0.00000000e+000 0.00000000e+000 1.00000000e+000 0.00000000e+000
 1.00000000e+000 2.42710175e+001 1.33613183e+001 1.49377147e+001 9.07341963e+000 9.06925430e+001 4.29137169e+001 1.02003429e+003 1.01632113e+003 4.16278031e+000 1.56783528e+000 1.72060728e+001 0.00000000e+000 0.00000000e+000 1.00000000e+000 0.00000000e+000
 1.00000000e+000 2.46734370e+001 1.36547890e+001 1.46360991e+001 9.65317632e+000 9.06261107e+001 4.23106912e+001 1.01808144e+003 1.01377319e+003 4.22738380e+000 1.30220350e+000 1.77181328e+001 0.00000000e+000 0.00000000e+000 1.00000000e+000 0.00000000e+000
 1.00000000e+000 2.19404974e+001 1.21535799e+001 1.41650956e+001 9.96715618e+000 9.39993668e+001 4.58629040e+001 1.01921521e+003 1.01508599e+003 4.39275094e+000 1.37541666e+000 1.70648284e+001 0.00000000e+000 0.00000000e+000 1.00000000e+000 0.00000000e+000
 1.00000000e+000 2.16041572e+001 8.40677201e+000 1.04112914e+001 5.31220255e+000 9.35264227e+001 4.12604854e+001 1.01976020e+003 1.01501222e+003 4.28083144e+000 1.04534596e+000 1.85763275e+001 0.00000000e+000 0.00000000e+000 1.00000000e+000 0.00000000e+000
 1.00000000e+000 2.25750082e+001 9.80570071e+000 1.02230458e+001 5.77064326e+000 8.75356346e+001 3.74076039e+001 1.01788987e+003 1.01350743e+003 3.64896049e+000 2.92258090e-001 1.84719466e+001 0.00000000e+000 0.00000000e+000 1.00000000e+000 0.00000000e+000
 1.00000000e+000 2.27492474e+001 1.05148091e+001 1.14801275e+001 6.73545234e+000 9.06677509e+001 3.92374715e+001 1.01856926e+003 1.01387724e+003 4.18655899e+000 9.42169737e-001 1.74428084e+001 0.00000000e+000 0.00000000e+000 1.00000000e+000 0.00000000e+000
 1.00000000e+000 2.42863868e+001 1.12516197e+001 1.17076107e+001 6.27493451e+000 8.85447506e+001 3.65347523e+001 1.01660170e+003 1.01174855e+003 4.32113218e+000 8.06097307e-001 1.84553863e+001 0.00000000e+000 0.00000000e+000 1.00000000e+000 0.00000000e+000
 1.00000000e+000 2.37787750e+001 1.16352044e+001 1.29124876e+001 7.58006124e+000 9.14269567e+001 3.96089176e+001 1.01378885e+003 1.00884936e+003 4.55687968e+000 8.80722512e-001 1.79342694e+001 0.00000000e+000 0.00000000e+000 1.00000000e+000 0.00000000e+000
 1.00000000e+000 2.44005490e+001 1.38685770e+001 1.41634520e+001 9.60157630e+000 8.98162810e+001 4.05621739e+001 1.01366933e+003 1.00879453e+003 4.35407481e+000 5.43439526e-001 1.67643390e+001 0.00000000e+000 0.00000000e+000 1.00000000e+000 0.00000000e+000
 1.00000000e+000 2.65887090e+001 1.40817062e+001 1.43586803e+001 8.79036627e+000 8.89924609e+001 3.93876739e+001 1.01377990e+003 1.00873828e+003 4.79489210e+000 2.43132435e+000 1.89148617e+001 0.00000000e+000 0.00000000e+000 1.00000000e+000 0.00000000e+000
 1.00000000e+000 2.47489616e+001 1.18950030e+001 1.24087685e+001 7.45724353e+000 9.17093272e+001 3.97855641e+001 1.01628314e+003 1.01077809e+003 4.62721626e+000 1.28835659e+000 1.87250388e+001 0.00000000e+000 0.00000000e+000 1.00000000e+000 0.00000000e+000
 1.00000000e+000 2.32700815e+001 1.07414906e+001 1.21002333e+001 7.26450885e+000 9.22112348e+001 3.99853694e+001 1.01580355e+003 1.01050839e+003 4.62373563e+000 1.06169011e+000 1.81127803e+001 0.00000000e+000 0.00000000e+000 1.00000000e+000 0.00000000e+000
 1.00000000e+000 2.25858885e+001 9.35248825e+000 1.09171416e+001 5.57120802e+000 9.22751019e+001 3.78890086e+001 1.01770169e+003 1.01294134e+003 3.86417116e+000 3.38857694e-001 1.65179948e+001 0.00000000e+000 0.00000000e+000 1.00000000e+000 0.00000000e+000
 1.00000000e+000 2.46902002e+001 1.10948124e+001 1.21477214e+001 5.93414214e+000 9.00165478e+001 3.69352136e+001 1.01778109e+003 1.01306918e+003 4.36081226e+000 1.23868152e+000 1.84040932e+001 0.00000000e+000 0.00000000e+000 1.00000000e+000 0.00000000e+000
 1.00000000e+000 2.35087135e+001 9.97441955e+000 1.11210191e+001 5.68803341e+000 9.12898793e+001 3.75571515e+001 1.01685160e+003 1.01200697e+003 4.44239089e+000 1.07648529e+000 1.92562854e+001 0.00000000e+000 0.00000000e+000 1.00000000e+000 0.00000000e+000
 1.00000000e+000 2.33371177e+001 9.49175320e+000 1.02660715e+001 5.04970884e+000 8.77025763e+001 3.52108315e+001 1.01689337e+003 1.01235006e+003 3.58605516e+000 2.74163946e-001 1.79166335e+001 0.00000000e+000 0.00000000e+000 1.00000000e+000 0.00000000e+000
 1.00000000e+000 2.34928044e+001 9.76922144e+000 1.10134930e+001 5.38749668e+000 8.96237857e+001 3.57709306e+001 1.01797332e+003 1.01361436e+003 3.30477301e+000 -2.57712355e-001 1.68933182e+001 0.00000000e+000 0.00000000e+000 0.00000000e+000 1.00000000e+000
 1.00000000e+000 2.55900250e+001 1.23892191e+001 1.16253958e+001 5.63905211e+000 8.35322058e+001 3.32327780e+001 1.01673029e+003 1.01162269e+003 4.51137828e+000 9.06721472e-001 1.81595386e+001 0.00000000e+000 0.00000000e+000 1.00000000e+000 0.00000000e+000
 1.00000000e+000 2.61370869e+001 1.19484646e+001 1.22892851e+001 4.95546769e+000 8.55865458e+001 3.22551330e+001 1.01655658e+003 1.01199846e+003 4.15130078e+000 6.50904548e-001 1.76970830e+001 0.00000000e+000 0.00000000e+000 1.00000000e+000 0.00000000e+000
 1.00000000e+000 2.71800445e+001 1.46624448e+001 1.32121088e+001 7.97885965e+000 8.12820090e+001 3.35445431e+001 1.01666523e+003 1.01204090e+003 4.07532459e+000 9.37318857e-001 1.91747634e+001 0.00000000e+000 0.00000000e+000 1.00000000e+000 0.00000000e+000
 1.00000000e+000 2.65658617e+001 1.51675160e+001 1.41228593e+001 9.53813630e+000 8.40884783e+001 3.59811756e+001 1.01667042e+003 1.01220284e+003 3.98200430e+000 6.76677821e-001 1.85663307e+001 0.00000000e+000 0.00000000e+000 0.00000000e+000 1.00000000e+000
 1.00000000e+000 2.28480490e+001 1.07696356e+001 1.21779526e+001 7.55155425e+000 9.22814796e+001 3.88055120e+001 1.01842681e+003 1.01368213e+003 4.16893239e+000 7.11376410e-001 1.68275701e+001 0.00000000e+000 0.00000000e+000 0.00000000e+000 1.00000000e+000
 1.00000000e+000 2.31316836e+001 9.42101078e+000 1.12934597e+001 4.82617809e+000 9.11123385e+001 3.76012374e+001 1.01966019e+003 1.01527687e+003 4.22861654e+000 1.07690194e+000 1.79436600e+001 0.00000000e+000 0.00000000e+000 0.00000000e+000 1.00000000e+000
 1.00000000e+000 2.45787671e+001 1.11437132e+001 1.23731752e+001 5.53598940e+000 8.69778516e+001 3.58796271e+001 1.01720218e+003 1.01277455e+003 4.42757451e+000 1.31619176e+000 1.79289925e+001 1.00000000e+000 0.00000000e+000 0.00000000e+000 0.00000000e+000
 1.00000000e+000 2.28342898e+001 1.23732161e+001 1.41491501e+001 9.11890186e+000 8.95538080e+001 4.32062744e+001 1.01377754e+003 1.01137676e+003 3.20474344e+000 9.53491039e-001 1.81526340e+001 1.00000000e+000 0.00000000e+000 0.00000000e+000 0.00000000e+000
 1.00000000e+000 2.35037834e+001 1.15261039e+001 1.39793542e+001 6.14960180e+000 8.95747171e+001 4.35550792e+001 1.01601714e+003 1.01349486e+003 4.07850894e+000 1.99379748e+000 1.91981276e+001 0.00000000e+000 0.00000000e+000 0.00000000e+000 1.00000000e+000
 1.00000000e+000 2.31556395e+001 1.07146728e+001 1.28698513e+001 6.67542726e+000 9.01969238e+001 4.20020596e+001 1.01680598e+003 1.01324638e+003 4.22678831e+000 2.14034984e+000 1.88285602e+001 0.00000000e+000 0.00000000e+000 0.00000000e+000 1.00000000e+000
 1.00000000e+000 2.54523695e+001 1.23245187e+001 1.33666319e+001 7.70612379e+000 8.87674747e+001 3.73656261e+001 1.01329715e+003 1.00816969e+003 4.78007803e+000 2.22944412e+000 1.81538275e+001 1.00000000e+000 0.00000000e+000 0.00000000e+000 0.00000000e+000
 1.00000000e+000 2.65891071e+001 1.54695035e+001 1.47064061e+001 1.06295568e+001 8.64806134e+001 3.83628718e+001 1.01476582e+003 1.01000436e+003 3.98600275e+000 6.19006822e-001 1.85311423e+001 0.00000000e+000 0.00000000e+000 1.00000000e+000 0.00000000e+000
 1.00000000e+000 2.38410261e+001 1.31476752e+001 1.39078368e+001 1.05544982e+001 9.32676308e+001 4.38358366e+001 1.01582124e+003 1.01029518e+003 4.86284963e+000 1.80075434e+000 1.80018867e+001 0.00000000e+000 0.00000000e+000 1.00000000e+000 0.00000000e+000
 1.00000000e+000 2.29992305e+001 1.06078548e+001 1.13848175e+001 7.10959941e+000 9.06001019e+001 3.96513395e+001 1.01755639e+003 1.01246194e+003 4.36973838e+000 1.31076838e+000 1.78886844e+001 0.00000000e+000 0.00000000e+000 1.00000000e+000 0.00000000e+000
 1.00000000e+000 2.44381606e+001 1.06874400e+001 1.15673500e+001 6.44883532e+000 9.11590304e+001 3.93518932e+001 1.01792856e+003 1.01255032e+003 4.66677478e+000 2.10506811e+000 1.92842236e+001 0.00000000e+000 0.00000000e+000 1.00000000e+000 0.00000000e+000
 1.00000000e+000 2.53735733e+001 1.20112699e+001 1.21097803e+001 6.86143684e+000 8.79433723e+001 3.78348994e+001 1.01670496e+003 1.01140014e+003 4.78664437e+000 1.92608827e+000 1.98932879e+001 0.00000000e+000 0.00000000e+000 1.00000000e+000 0.00000000e+000
 1.00000000e+000 2.55014190e+001 1.27178852e+001 1.24238805e+001 7.56145143e+000 8.88189360e+001 3.81641024e+001 1.01419382e+003 1.00860147e+003 4.78438122e+000 1.46714432e+000 1.93267007e+001 0.00000000e+000 0.00000000e+000 0.00000000e+000 1.00000000e+000
 1.00000000e+000 2.66165066e+001 1.35350831e+001 1.28905300e+001 7.14939881e+000 8.35563547e+001 3.38281353e+001 1.01705798e+003 1.01235257e+003 4.59419837e+000 1.80872180e+000 1.94525126e+001 0.00000000e+000 0.00000000e+000 1.00000000e+000 0.00000000e+000
 1.00000000e+000 2.89134508e+001 1.42481926e+001 1.43074474e+001 6.21841749e+000 8.26443539e+001 3.44188265e+001 1.01648032e+003 1.01167319e+003 5.66293927e+000 3.90319096e+000 2.22560225e+001 0.00000000e+000 0.00000000e+000 1.00000000e+000 0.00000000e+000
 1.00000000e+000 2.85934353e+001 1.40545695e+001 1.43215819e+001 7.02496435e+000 8.33752253e+001 3.36837173e+001 1.01255835e+003 1.00830297e+003 4.46900860e+000 2.64414436e+000 2.07409996e+001 0.00000000e+000 0.00000000e+000 1.00000000e+000 0.00000000e+000
 1.00000000e+000 2.88290791e+001 1.58760796e+001 1.42464527e+001 8.93388090e+000 8.09532526e+001 3.43866645e+001 1.01159832e+003 1.00686769e+003 4.23396392e+000 2.16157604e+000 1.99581440e+001 0.00000000e+000 0.00000000e+000 1.00000000e+000 0.00000000e+000
 1.00000000e+000 2.76103682e+001 1.64235380e+001 1.57742271e+001 1.05363377e+001 8.48723821e+001 3.73639818e+001 1.00989123e+003 1.00516280e+003 4.23938308e+000 6.75824086e-001 1.83967583e+001 1.00000000e+000 0.00000000e+000 0.00000000e+000 0.00000000e+000
 1.00000000e+000 2.87879666e+001 1.56018843e+001 1.48320799e+001 8.99608682e+000 8.38990739e+001 3.60846465e+001 1.01046724e+003 1.00497231e+003 5.53656073e+000 3.45660667e+000 2.12831782e+001 0.00000000e+000 0.00000000e+000 1.00000000e+000 0.00000000e+000
 1.00000000e+000 2.83863760e+001 1.58804005e+001 1.32045752e+001 8.68758085e+000 7.66602329e+001 3.12299395e+001 1.01194613e+003 1.00742817e+003 3.81526363e+000 1.10428199e+000 2.02087380e+001 0.00000000e+000 0.00000000e+000 1.00000000e+000 0.00000000e+000
 1.00000000e+000 2.77095335e+001 1.34525796e+001 1.20437692e+001 5.97483239e+000 8.00761456e+001 3.21368024e+001 1.01397860e+003 1.00917727e+003 4.53706659e+000 2.16459911e+000 2.13057827e+001 0.00000000e+000 0.00000000e+000 1.00000000e+000 0.00000000e+000
 1.00000000e+000 2.60102069e+001 1.21328991e+001 1.15498860e+001 5.49902536e+000 8.33698615e+001 3.17522451e+001 1.01326862e+003 1.00863003e+003 4.34797651e+000 7.70251847e-001 2.05258701e+001 0.00000000e+000 0.00000000e+000 0.00000000e+000 1.00000000e+000
 1.00000000e+000 2.72902423e+001 1.33854967e+001 1.26365021e+001 5.85759668e+000 8.19279805e+001 3.15631862e+001 1.01222206e+003 1.00767019e+003 4.35196163e+000 9.98070572e-001 2.01831712e+001 0.00000000e+000 0.00000000e+000 1.00000000e+000 0.00000000e+000
 1.00000000e+000 2.79497890e+001 1.62454277e+001 1.46106987e+001 1.00121814e+001 7.99642738e+001 3.30708473e+001 1.01291322e+003 1.00826783e+003 3.77412481e+000 3.52366297e-001 1.85042601e+001 0.00000000e+000 0.00000000e+000 0.00000000e+000 1.00000000e+000
 1.00000000e+000 2.93533214e+001 1.69006312e+001 1.58508995e+001 8.92534680e+000 7.99762629e+001 3.36304609e+001 1.01076266e+003 1.00635911e+003 4.98374679e+000 2.57567490e+000 2.00142243e+001 0.00000000e+000 0.00000000e+000 0.00000000e+000 1.00000000e+000
 1.00000000e+000 3.06242128e+001 1.96483690e+001 1.64606213e+001 1.19553590e+001 8.00478571e+001 3.42827374e+001 1.01020042e+003 1.00487519e+003 4.45549294e+000 1.18372614e+000 1.92761740e+001 0.00000000e+000 0.00000000e+000 0.00000000e+000 1.00000000e+000
 1.00000000e+000 2.88629797e+001 1.76170914e+001 1.65602795e+001 1.17988649e+001 8.61208761e+001 3.77783283e+001 1.01102758e+003 1.00631895e+003 4.40402122e+000 1.50471915e+000 1.98742510e+001 0.00000000e+000 0.00000000e+000 0.00000000e+000 1.00000000e+000
 1.00000000e+000 2.88484197e+001 1.40452644e+001 1.38072852e+001 5.26059119e+000 8.10268831e+001 3.00959977e+001 1.01203144e+003 1.00819915e+003 4.30129671e+000 1.73791839e+000 2.04498313e+001 0.00000000e+000 0.00000000e+000 0.00000000e+000 1.00000000e+000
 1.00000000e+000 3.05652706e+001 1.85470460e+001 1.49792158e+001 1.01751984e+001 7.50573161e+001 3.08908497e+001 1.01205873e+003 1.00753928e+003 3.92505955e+000 1.14411597e+000 2.07489989e+001 0.00000000e+000 1.00000000e+000 0.00000000e+000 0.00000000e+000
 1.00000000e+000 2.83294114e+001 1.60936272e+001 1.34776437e+001 8.92042728e+000 7.90614048e+001 3.25533153e+001 1.01284143e+003 1.00792426e+003 4.34021615e+000 1.76184996e+000 1.97685736e+001 0.00000000e+000 0.00000000e+000 0.00000000e+000 1.00000000e+000
 1.00000000e+000 2.98511479e+001 1.52558337e+001 1.41273980e+001 6.64774000e+000 7.78009925e+001 2.98647624e+001 1.01688452e+003 1.01324573e+003 3.73464387e+000 1.96339262e+000 2.05630479e+001 0.00000000e+000 0.00000000e+000 1.00000000e+000 0.00000000e+000
 1.00000000e+000 2.85092339e+001 1.47534160e+001 1.25707303e+001 6.31324001e+000 7.74536620e+001 3.01132459e+001 1.01760963e+003 1.01339153e+003 4.12511006e+000 1.65871118e+000 2.07406793e+001 0.00000000e+000 0.00000000e+000 1.00000000e+000 0.00000000e+000
 1.00000000e+000 2.77313308e+001 1.32170724e+001 1.16059583e+001 4.91775183e+000 8.07957243e+001 3.07620511e+001 1.01685108e+003 1.01188126e+003 5.10433834e+000 2.24711386e+000 2.21188687e+001 0.00000000e+000 0.00000000e+000 1.00000000e+000 0.00000000e+000
 1.00000000e+000 2.82487718e+001 1.43688635e+001 1.25424644e+001 6.60833727e+000 7.88937070e+001 3.08439498e+001 1.01428807e+003 1.01001426e+003 3.56086365e+000 1.85302064e-001 2.09452478e+001 0.00000000e+000 0.00000000e+000 0.00000000e+000 1.00000000e+000
 1.00000000e+000 2.93388608e+001 1.59231255e+001 1.37372476e+001 6.70835925e+000 7.54235020e+001 2.78435391e+001 1.01573744e+003 1.01243968e+003 3.07342182e+000 -2.56819635e-001 1.95377734e+001 0.00000000e+000 0.00000000e+000 0.00000000e+000 1.00000000e+000
 1.00000000e+000 2.95948241e+001 1.65054791e+001 1.49941099e+001 7.79983072e+000 7.92214217e+001 3.01275312e+001 1.01631670e+003 1.01296188e+003 3.58130430e+000 1.05608243e+000 1.90384788e+001 0.00000000e+000 0.00000000e+000 1.00000000e+000 0.00000000e+000
 1.00000000e+000 3.01835650e+001 1.79874027e+001 1.58169267e+001 1.05821968e+001 8.11716970e+001 3.49182147e+001 1.01391317e+003 1.00884997e+003 4.45783434e+000 1.91176175e+000 1.99327210e+001 0.00000000e+000 0.00000000e+000 1.00000000e+000 0.00000000e+000
 1.00000000e+000 2.92981166e+001 1.72316320e+001 1.44440930e+001 9.25586116e+000 7.84135562e+001 3.26072894e+001 1.01280200e+003 1.00797946e+003 4.03120440e+000 8.99563276e-001 1.90616390e+001 0.00000000e+000 0.00000000e+000 0.00000000e+000 1.00000000e+000
 1.00000000e+000 3.01720470e+001 1.75985834e+001 1.59476202e+001 9.89671624e+000 8.23361971e+001 3.41915910e+001 1.01400672e+003 1.00924911e+003 4.23750310e+000 1.26435802e+000 1.96809471e+001 0.00000000e+000 0.00000000e+000 0.00000000e+000 1.00000000e+000
 1.00000000e+000 3.18216368e+001 1.80985932e+001 1.65938713e+001 8.31896853e+000 7.88513693e+001 3.07768638e+001 1.01374754e+003 1.00995700e+003 4.28876000e+000 2.13570210e+000 2.06119332e+001 0.00000000e+000 0.00000000e+000 0.00000000e+000 1.00000000e+000
 1.00000000e+000 3.07858163e+001 1.90945993e+001 1.51644325e+001 9.95198837e+000 7.50129763e+001 3.04982401e+001 1.01156128e+003 1.00712582e+003 3.91569159e+000 1.00508876e+000 1.95957242e+001 0.00000000e+000 0.00000000e+000 0.00000000e+000 1.00000000e+000
 1.00000000e+000 2.95195688e+001 1.75162212e+001 1.47908070e+001 9.12891480e+000 7.77457153e+001 3.27138400e+001 1.01108411e+003 1.00638916e+003 5.07735860e+000 2.43469053e+000 2.15251961e+001 0.00000000e+000 0.00000000e+000 1.00000000e+000 0.00000000e+000
 1.00000000e+000 2.96387265e+001 1.88242633e+001 1.60361447e+001 1.21935202e+001 8.05258660e+001 3.50537737e+001 1.01339587e+003 1.00845441e+003 3.74775149e+000 4.70656490e-001 1.87067044e+001 0.00000000e+000 0.00000000e+000 1.00000000e+000 0.00000000e+000
 1.00000000e+000 3.04756887e+001 1.79103035e+001 1.52705231e+001 9.59890186e+000 7.84829809e+001 3.24283759e+001 1.01469163e+003 1.01019748e+003 4.31198071e+000 2.19750656e+000 2.04430735e+001 0.00000000e+000 0.00000000e+000 0.00000000e+000 1.00000000e+000
 1.00000000e+000 3.15039729e+001 1.91934000e+001 1.67965374e+001 1.11765726e+001 7.91442126e+001 3.44909287e+001 1.01522817e+003 1.01065255e+003 3.99421202e+000 1.61521651e+000 2.05025198e+001 0.00000000e+000 0.00000000e+000 0.00000000e+000 1.00000000e+000
 1.00000000e+000 3.28242153e+001 2.03370544e+001 1.59637055e+001 1.01339871e+001 7.27923728e+001 3.03183654e+001 1.01410934e+003 1.00995966e+003 3.81748259e+000 1.23732083e+000 2.22212808e+001 0.00000000e+000 0.00000000e+000 0.00000000e+000 1.00000000e+000
 1.00000000e+000 2.98614729e+001 1.95782323e+001 1.71900423e+001 1.28292236e+001 8.17633981e+001 3.92358301e+001 1.01335890e+003 1.00918041e+003 3.92545213e+000 8.82985761e-001 2.13838621e+001 0.00000000e+000 0.00000000e+000 0.00000000e+000 1.00000000e+000
 1.00000000e+000 2.82748471e+001 1.66044299e+001 1.44054927e+001 9.94900393e+000 8.15442872e+001 3.48945131e+001 1.01235738e+003 1.00690004e+003 5.09359617e+000 2.35834800e+000 1.98928530e+001 0.00000000e+000 0.00000000e+000 0.00000000e+000 1.00000000e+000
 1.00000000e+000 2.86262162e+001 1.92317019e+001 1.69221747e+001 1.34816384e+001 8.11871063e+001 3.88323244e+001 1.01190576e+003 1.00769998e+003 3.62834157e+000 7.34234507e-001 1.87433348e+001 0.00000000e+000 0.00000000e+000 0.00000000e+000 1.00000000e+000
 1.00000000e+000 3.02798272e+001 1.89410113e+001 1.84645322e+001 1.31464751e+001 8.81830667e+001 4.06395314e+001 1.01354137e+003 1.00917468e+003 3.65367080e+000 5.52741026e-001 1.97542447e+001 0.00000000e+000 0.00000000e+000 0.00000000e+000 1.00000000e+000
 1.00000000e+000 2.96067791e+001 1.99508506e+001 1.94659254e+001 1.48535641e+001 8.97047752e+001 4.60617236e+001 1.01154330e+003 1.00609502e+003 4.85528821e+000 1.96698973e+000 1.89885346e+001 0.00000000e+000 0.00000000e+000 0.00000000e+000 1.00000000e+000
 1.00000000e+000 2.88479644e+001 1.81103675e+001 1.66139619e+001 1.24273132e+001 8.62375124e+001 4.00654952e+001 1.01179666e+003 1.00593550e+003 5.51582046e+000 2.57342058e+000 2.04769163e+001 0.00000000e+000 0.00000000e+000 0.00000000e+000 1.00000000e+000
 1.00000000e+000 2.95239818e+001 1.71791371e+001 1.57121153e+001 9.64400233e+000 8.45160111e+001 3.64244270e+001 1.01018601e+003 1.00482005e+003 5.39972386e+000 2.43347649e+000 2.12969488e+001 0.00000000e+000 0.00000000e+000 0.00000000e+000 1.00000000e+000
 1.00000000e+000 3.03666523e+001 1.88932783e+001 1.61721999e+001 1.05561335e+001 7.69241172e+001 3.31080250e+001 1.00969894e+003 1.00478085e+003 4.92432684e+000 1.74785443e+000 2.09692964e+001 0.00000000e+000 0.00000000e+000 0.00000000e+000 1.00000000e+000
 1.00000000e+000 3.31945649e+001 2.16545687e+001 1.74887370e+001 1.27138415e+001 7.58329125e+001 3.36830071e+001 1.01103399e+003 1.00517325e+003 5.36867849e+000 2.99849951e+000 2.19841743e+001 0.00000000e+000 0.00000000e+000 0.00000000e+000 1.00000000e+000
 1.00000000e+000 3.43660255e+001 2.26148925e+001 1.63262271e+001 1.07631126e+001 6.77355480e+001 2.72934120e+001 1.01009094e+003 1.00470806e+003 5.08929236e+000 2.49533485e+000 2.19216552e+001 1.00000000e+000 0.00000000e+000 0.00000000e+000 0.00000000e+000
 1.00000000e+000 3.21070002e+001 2.02983013e+001 1.57414642e+001 1.02950954e+001 7.32199977e+001 3.02190644e+001 1.01112710e+003 1.00598364e+003 5.06616233e+000 2.10796936e+000 2.22885807e+001 1.00000000e+000 0.00000000e+000 0.00000000e+000 0.00000000e+000
 1.00000000e+000 3.16693269e+001 1.92251627e+001 1.42071050e+001 8.15628066e+000 6.81937912e+001 2.65248289e+001 1.01252834e+003 1.00797953e+003 4.86994236e+000 2.18961677e+000 2.25140136e+001 0.00000000e+000 0.00000000e+000 0.00000000e+000 1.00000000e+000
 1.00000000e+000 3.33050013e+001 1.98839743e+001 1.47046619e+001 8.21511511e+000 6.61360733e+001 2.57273093e+001 1.01056419e+003 1.00695078e+003 4.35417759e+000 3.22243523e+000 2.37558866e+001 0.00000000e+000 0.00000000e+000 0.00000000e+000 1.00000000e+000
 1.00000000e+000 3.21761791e+001 2.04272160e+001 1.74737669e+001 1.14590491e+001 7.43727904e+001 3.03773944e+001 1.00978658e+003 1.00692867e+003 2.71147068e+000 2.37893305e-001 1.99967572e+001 0.00000000e+000 0.00000000e+000 0.00000000e+000 1.00000000e+000
 1.00000000e+000 2.96414543e+001 1.90031265e+001 1.67127821e+001 1.20752624e+001 7.64644804e+001 3.56843133e+001 1.00935760e+003 1.00686673e+003 2.85820449e+000 7.03514038e-001 2.16746601e+001 0.00000000e+000 0.00000000e+000 0.00000000e+000 1.00000000e+000
 1.00000000e+000 2.95136582e+001 1.86110155e+001 1.72828162e+001 1.33099930e+001 8.45683234e+001 3.95538414e+001 1.01458674e+003 1.01038965e+003 3.06249905e+000 3.28021315e-002 1.95844704e+001 0.00000000e+000 0.00000000e+000 0.00000000e+000 1.00000000e+000
 1.00000000e+000 3.00785807e+001 1.71940440e+001 1.47462329e+001 9.14707987e+000 7.87371758e+001 3.40076752e+001 1.01389919e+003 1.00888109e+003 4.87818896e+000 2.47822638e+000 2.22390687e+001 0.00000000e+000 0.00000000e+000 0.00000000e+000 1.00000000e+000
 1.00000000e+000 3.31649153e+001 1.89561522e+001 1.54741243e+001 8.69508184e+000 7.27659866e+001 2.96553463e+001 1.01121695e+003 1.00640505e+003 4.59207557e+000 2.45630701e+000 2.36412759e+001 0.00000000e+000 0.00000000e+000 0.00000000e+000 1.00000000e+000
 1.00000000e+000 3.32953564e+001 2.05304739e+001 1.55932077e+001 9.13192291e+000 6.87184574e+001 2.67054875e+001 1.01033829e+003 1.00583191e+003 4.68740529e+000 2.25112386e+000 2.24579903e+001 0.00000000e+000 0.00000000e+000 0.00000000e+000 1.00000000e+000
 1.00000000e+000 3.45808909e+001 2.12242559e+001 1.58505404e+001 8.46863916e+000 6.73288520e+001 2.57371203e+001 1.00868557e+003 1.00436368e+003 4.85889140e+000 2.53866027e+000 2.40150980e+001 0.00000000e+000 0.00000000e+000 0.00000000e+000 1.00000000e+000
 1.00000000e+000 3.95332000e+001 2.44636859e+001 1.85199396e+001 7.61283537e+000 5.87102828e+001 2.17494069e+001 1.00720242e+003 1.00359889e+003 5.47770711e+000 4.69552214e+000 2.68381226e+001 0.00000000e+000 0.00000000e+000 0.00000000e+000 1.00000000e+000
 1.00000000e+000 3.69821454e+001 2.32669712e+001 1.57937471e+001 7.66293408e+000 5.90830610e+001 2.11207233e+001 1.00820386e+003 1.00454968e+003 4.23932166e+000 2.17698218e+000 2.48081521e+001 0.00000000e+000 0.00000000e+000 0.00000000e+000 1.00000000e+000
 1.00000000e+000 3.50780767e+001 2.28095221e+001 1.57825260e+001 1.00762821e+001 6.38177276e+001 2.51842493e+001 1.00905718e+003 1.00486201e+003 4.25988680e+000 1.99349003e+000 2.41290436e+001 0.00000000e+000 0.00000000e+000 0.00000000e+000 1.00000000e+000
 1.00000000e+000 3.46648544e+001 2.24092768e+001 1.74663225e+001 1.02148501e+001 6.76884026e+001 2.68493133e+001 1.00868830e+003 1.00552656e+003 3.50882789e+000 1.30865612e+000 2.19988598e+001 0.00000000e+000 0.00000000e+000 0.00000000e+000 1.00000000e+000
 1.00000000e+000 3.63131175e+001 2.11987255e+001 1.57330245e+001 4.64260674e+000 5.99866964e+001 1.85790773e+001 1.00783495e+003 1.00564622e+003 3.51852703e+000 7.21239904e-001 2.46901913e+001 0.00000000e+000 0.00000000e+000 0.00000000e+000 1.00000000e+000
 1.00000000e+000 3.88072110e+001 2.34069174e+001 1.61881901e+001 3.79614228e+000 5.41184917e+001 1.56538314e+001 1.00763809e+003 1.00528897e+003 4.64996896e+000 2.09607170e+000 2.74821177e+001 0.00000000e+000 0.00000000e+000 0.00000000e+000 1.00000000e+000
 1.00000000e+000 3.74187530e+001 2.33210610e+001 1.52126835e+001 6.52661842e+000 5.58285109e+001 1.91139943e+001 1.00470012e+003 1.00064299e+003 5.25298261e+000 3.35339358e+000 2.63885365e+001 0.00000000e+000 0.00000000e+000 0.00000000e+000 1.00000000e+000
 1.00000000e+000 3.75016150e+001 2.54671161e+001 1.69698132e+001 1.01434749e+001 5.85009317e+001 2.23684818e+001 1.00246830e+003 9.98371385e+002 4.53545907e+000 2.14738522e+000 2.47611801e+001 0.00000000e+000 0.00000000e+000 0.00000000e+000 1.00000000e+000
 1.00000000e+000 3.66619902e+001 2.20667458e+001 1.73893356e+001 4.01337628e+000 5.56334886e+001 1.71900157e+001 1.00618165e+003 1.00604411e+003 4.19906260e+000 3.78841037e+000 2.53437735e+001 0.00000000e+000 0.00000000e+000 0.00000000e+000 1.00000000e+000
 1.00000000e+000 3.69846907e+001 2.15692257e+001 1.45841670e+001 2.83062174e+000 5.51544489e+001 1.56156502e+001 1.01145639e+003 1.00937413e+003 3.62331135e+000 1.15508801e+000 2.48695096e+001 0.00000000e+000 0.00000000e+000 0.00000000e+000 1.00000000e+000
 1.00000000e+000 3.60829379e+001 2.18930357e+001 1.36981670e+001 5.84225226e+000 5.84982607e+001 1.96508142e+001 1.01164765e+003 1.00795682e+003 3.58450473e+000 8.15146673e-001 2.46101492e+001 0.00000000e+000 0.00000000e+000 0.00000000e+000 1.00000000e+000
 1.00000000e+000 3.47959388e+001 1.98964285e+001 1.17947854e+001 3.58987305e+000 5.83077296e+001 1.80935028e+001 1.01348660e+003 1.00920166e+003 4.81005013e+000 2.15609999e+000 2.55651946e+001 0.00000000e+000 0.00000000e+000 0.00000000e+000 1.00000000e+000
 1.00000000e+000 3.78263846e+001 2.06493901e+001 1.36961671e+001 -2.05711007e-001 5.15930761e+001 1.24190098e+001 1.01256585e+003 1.01105180e+003 4.21637088e+000 2.43944301e+000 2.72961471e+001 0.00000000e+000 0.00000000e+000 0.00000000e+000 1.00000000e+000
 1.00000000e+000 3.91738233e+001 2.24631814e+001 1.50785341e+001 1.47416064e+000 5.16146944e+001 1.34587449e+001 1.00979138e+003 1.00762729e+003 4.68481318e+000 2.49987831e+000 2.81367637e+001 0.00000000e+000 0.00000000e+000 0.00000000e+000 1.00000000e+000
 1.00000000e+000 3.83969360e+001 2.44233443e+001 1.60147253e+001 7.65771550e+000 5.59419566e+001 1.92470892e+001 1.00817836e+003 1.00437116e+003 4.51597951e+000 2.36775354e+000 2.62506163e+001 1.00000000e+000 0.00000000e+000 0.00000000e+000 0.00000000e+000
 1.00000000e+000 4.01785170e+001 2.53017786e+001 1.71961798e+001 6.47450378e+000 5.54443009e+001 1.85033306e+001 1.00822264e+003 1.00412516e+003 5.57803516e+000 3.50989253e+000 2.72150894e+001 0.00000000e+000 0.00000000e+000 0.00000000e+000 1.00000000e+000
 1.00000000e+000 4.04171270e+001 2.59349278e+001 1.69640681e+001 7.24352021e+000 5.40938498e+001 1.83243378e+001 1.00719130e+003 1.00269602e+003 5.72208398e+000 3.60084947e+000 2.77707675e+001 1.00000000e+000 0.00000000e+000 0.00000000e+000 0.00000000e+000
 1.00000000e+000 4.06311883e+001 2.54469892e+001 1.72340855e+001 5.65662220e+000 5.19525215e+001 1.64976215e+001 1.00677002e+003 1.00338130e+003 5.62960075e+000 4.41063624e+000 2.77037852e+001 1.00000000e+000 0.00000000e+000 0.00000000e+000 0.00000000e+000
 1.00000000e+000 3.98058273e+001 2.61993961e+001 1.59742431e+001 7.74220754e+000 5.17810772e+001 1.77987709e+001 1.00876977e+003 1.00478691e+003 5.13697771e+000 3.75050599e+000 2.71780417e+001 1.00000000e+000 0.00000000e+000 0.00000000e+000 0.00000000e+000
 1.00000000e+000 3.72943454e+001 2.52737051e+001 1.78166188e+001 1.09337283e+001 6.16622537e+001 2.52413725e+001 1.00987482e+003 1.00635451e+003 4.09928779e+000 2.31884144e+000 2.43396203e+001 1.00000000e+000 0.00000000e+000 0.00000000e+000 0.00000000e+000
 1.00000000e+000 3.76327232e+001 2.51837581e+001 1.84435135e+001 1.15333308e+001 6.31038390e+001 2.62279980e+001 1.00744361e+003 1.00392873e+003 4.33120339e+000 2.67044600e+000 2.59749430e+001 0.00000000e+000 0.00000000e+000 0.00000000e+000 1.00000000e+000
 1.00000000e+000 3.61871238e+001 2.51325005e+001 1.92134627e+001 1.36437923e+001 6.72195132e+001 2.96379568e+001 1.00912345e+003 1.00533382e+003 3.67378085e+000 1.20815319e+000 2.32623352e+001 0.00000000e+000 0.00000000e+000 0.00000000e+000 1.00000000e+000
 1.00000000e+000 3.66869512e+001 2.53882343e+001 1.83586271e+001 1.28825047e+001 6.55353945e+001 2.74848270e+001 1.01201562e+003 1.00766497e+003 4.36046376e+000 2.37631956e+000 2.33678767e+001 0.00000000e+000 0.00000000e+000 0.00000000e+000 1.00000000e+000
 1.00000000e+000 3.77506996e+001 2.51109618e+001 1.80770035e+001 1.13948689e+001 6.29312646e+001 2.49186897e+001 1.00922960e+003 1.00565944e+003 3.15119231e+000 4.79737251e-001 2.42549389e+001 0.00000000e+000 0.00000000e+000 0.00000000e+000 1.00000000e+000
 1.00000000e+000 3.78724896e+001 2.48554609e+001 1.73528068e+001 9.78094030e+000 5.98003097e+001 2.27215904e+001 1.00722315e+003 1.00292368e+003 4.88064169e+000 2.69193772e+000 2.54935280e+001 0.00000000e+000 0.00000000e+000 0.00000000e+000 1.00000000e+000
 1.00000000e+000 3.71183606e+001 2.40321384e+001 1.66077039e+001 9.17914879e+000 6.11251218e+001 2.30856158e+001 1.00392877e+003 9.99054087e+002 5.35569997e+000 3.00513347e+000 2.50690159e+001 1.00000000e+000 0.00000000e+000 0.00000000e+000 0.00000000e+000
 1.00000000e+000 3.91158239e+001 2.77369742e+001 2.11810039e+001 1.38039345e+001 6.43888831e+001 2.87427331e+001 1.00221978e+003 9.97973697e+002 5.15105290e+000 3.33905951e+000 2.52656991e+001 0.00000000e+000 0.00000000e+000 0.00000000e+000 1.00000000e+000
 1.00000000e+000 3.48593172e+001 2.47423019e+001 1.92600536e+001 1.47866507e+001 7.03612993e+001 3.14254925e+001 1.00332245e+003 9.99082134e+002 3.57302676e+000 3.55303992e-001 2.18373748e+001 0.00000000e+000 0.00000000e+000 0.00000000e+000 1.00000000e+000
 1.00000000e+000 3.60678300e+001 2.58100424e+001 1.95678005e+001 1.45095696e+001 6.71832316e+001 3.00696177e+001 1.00582837e+003 1.00117035e+003 4.68346227e+000 2.27205612e+000 2.28190623e+001 1.00000000e+000 0.00000000e+000 0.00000000e+000 0.00000000e+000
 1.00000000e+000 3.68957431e+001 2.64693986e+001 2.03601445e+001 1.52039876e+001 6.85069513e+001 3.10492764e+001 1.00477728e+003 1.00027599e+003 4.52651090e+000 2.43104141e+000 2.31937958e+001 0.00000000e+000 0.00000000e+000 0.00000000e+000 1.00000000e+000
 1.00000000e+000 3.73530442e+001 2.66373091e+001 2.12071192e+001 1.54425981e+001 6.94595794e+001 3.15722131e+001 1.00218961e+003 9.98280931e+002 3.73938072e+000 1.28820791e+000 2.30622069e+001 1.00000000e+000 0.00000000e+000 0.00000000e+000 0.00000000e+000
 1.00000000e+000 3.83470377e+001 2.86172136e+001 2.10739467e+001 1.71153228e+001 6.78326966e+001 3.23711630e+001 1.00380215e+003 9.98906430e+002 4.02039252e+000 1.15144676e+000 2.40549502e+001 1.00000000e+000 0.00000000e+000 0.00000000e+000 0.00000000e+000
 1.00000000e+000 3.84366784e+001 2.89155407e+001 2.23475045e+001 1.77448825e+001 6.76619850e+001 3.33237037e+001 1.00518857e+003 1.00047768e+003 4.32814624e+000 1.64764070e+000 2.39463982e+001 1.00000000e+000 0.00000000e+000 0.00000000e+000 0.00000000e+000
 1.00000000e+000 3.96941547e+001 2.95865770e+001 2.27550689e+001 1.68853641e+001 6.59321745e+001 3.06741856e+001 1.00566071e+003 1.00111164e+003 4.79774345e+000 2.96614315e+000 2.35839010e+001 0.00000000e+000 0.00000000e+000 0.00000000e+000 1.00000000e+000
 1.00000000e+000 4.03786797e+001 2.98565804e+001 2.26933622e+001 1.48517126e+001 6.14292385e+001 2.58319072e+001 1.00367355e+003 1.00023513e+003 4.79643527e+000 2.94909122e+000 2.42330107e+001 0.00000000e+000 0.00000000e+000 0.00000000e+000 1.00000000e+000
 1.00000000e+000 3.99967048e+001 2.74218557e+001 2.04419967e+001 1.21498938e+001 6.36639946e+001 2.69375250e+001 1.00422826e+003 9.99325754e+002 7.65595980e+000 4.62909519e+000 3.41004903e+001 0.00000000e+000 0.00000000e+000 0.00000000e+000 1.00000000e+000
 1.00000000e+000 3.88380078e+001 2.78265044e+001 2.07229102e+001 1.45669448e+001 6.53508068e+001 2.92331408e+001 1.00501581e+003 1.00054927e+003 4.51243811e+000 2.22408214e+000 2.42107093e+001 0.00000000e+000 0.00000000e+000 0.00000000e+000 1.00000000e+000
 1.00000000e+000 3.88176840e+001 2.94117534e+001 2.24361984e+001 1.72618996e+001 6.60617637e+001 3.13962794e+001 1.00457827e+003 1.00005877e+003 4.62270363e+000 2.55844154e+000 2.29570326e+001 0.00000000e+000 0.00000000e+000 0.00000000e+000 1.00000000e+000
 1.00000000e+000 3.86225044e+001 2.93039771e+001 2.17527368e+001 1.73313726e+001 6.60405248e+001 3.05553084e+001 1.00311561e+003 9.97606165e+002 5.04311651e+000 2.06189039e+000 2.32264797e+001 0.00000000e+000 0.00000000e+000 0.00000000e+000 1.00000000e+000
 1.00000000e+000 3.63489795e+001 2.60163831e+001 2.16620850e+001 1.42159256e+001 6.77490191e+001 3.23677831e+001 1.00222997e+003 9.98905952e+002 4.71162867e+000 2.82790285e+000 2.33625305e+001 0.00000000e+000 0.00000000e+000 0.00000000e+000 1.00000000e+000
 1.00000000e+000 3.75083747e+001 2.48102582e+001 2.08984139e+001 1.15289101e+001 6.77229356e+001 2.86349522e+001 1.00301835e+003 1.00077002e+003 3.65576523e+000 1.97739395e+000 2.42415174e+001 0.00000000e+000 0.00000000e+000 0.00000000e+000 1.00000000e+000
 1.00000000e+000 3.55456622e+001 2.42988591e+001 2.08869097e+001 1.37715347e+001 7.14414965e+001 3.25200748e+001 1.00253642e+003 1.00027217e+003 3.75346306e+000 2.80532341e+000 2.35588512e+001 0.00000000e+000 0.00000000e+000 0.00000000e+000 1.00000000e+000
 1.00000000e+000 3.82221919e+001 2.74806582e+001 2.30965921e+001 1.53175460e+001 7.08230974e+001 3.06382343e+001 9.99565517e+002 9.96370684e+002 3.97119319e+000 1.50790331e+000 2.27781768e+001 0.00000000e+000 0.00000000e+000 0.00000000e+000 1.00000000e+000
 1.00000000e+000 3.96922512e+001 2.81156662e+001 2.03134252e+001 1.24429569e+001 5.60947894e+001 2.20384395e+001 1.00123227e+003 9.97526722e+002 4.99098597e+000 2.99000725e+000 2.52639496e+001 0.00000000e+000 0.00000000e+000 0.00000000e+000 1.00000000e+000
 1.00000000e+000 3.95146661e+001 3.03598936e+001 2.31876329e+001 1.78209081e+001 6.59661681e+001 3.20578261e+001 1.00167622e+003 9.97150975e+002 4.45422286e+000 1.56151782e+000 2.39545147e+001 0.00000000e+000 0.00000000e+000 0.00000000e+000 1.00000000e+000
 1.00000000e+000 3.64750096e+001 2.68322457e+001 2.13755780e+001 1.59615764e+001 7.04961468e+001 3.29248202e+001 1.00451489e+003 1.00071569e+003 3.73469933e+000 1.06756068e+000 2.20963827e+001 0.00000000e+000 0.00000000e+000 0.00000000e+000 1.00000000e+000
 1.00000000e+000 3.47688679e+001 2.57516376e+001 2.09019792e+001 1.69246811e+001 7.47047774e+001 3.88686833e+001 1.00429183e+003 9.99093147e+002 5.04426895e+000 2.34769185e+000 2.34766013e+001 1.00000000e+000 0.00000000e+000 0.00000000e+000 0.00000000e+000
 1.00000000e+000 3.51349319e+001 2.53442003e+001 2.52069646e+001 1.74068192e+001 8.38413561e+001 4.30871289e+001 1.00482168e+003 1.00239875e+003 2.95235545e+000 1.49661391e-001 2.09640487e+001 0.00000000e+000 0.00000000e+000 0.00000000e+000 1.00000000e+000
 1.00000000e+000 3.43943822e+001 2.36229527e+001 2.19375195e+001 1.52828194e+001 8.05034726e+001 3.77113212e+001 1.00395797e+003 9.99869380e+002 4.76682366e+000 2.77484025e+000 2.15396292e+001 0.00000000e+000 0.00000000e+000 0.00000000e+000 1.00000000e+000
 1.00000000e+000 3.84092442e+001 2.83310625e+001 2.20756886e+001 1.66572719e+001 6.88906555e+001 3.26605318e+001 1.00208065e+003 9.97147643e+002 4.99989782e+000 2.61467389e+000 2.41749190e+001 0.00000000e+000 0.00000000e+000 0.00000000e+000 1.00000000e+000
 1.00000000e+000 4.00016917e+001 3.09127449e+001 2.26864732e+001 1.79802324e+001 6.54311206e+001 3.12823153e+001 1.00254826e+003 9.97214015e+002 5.29142326e+000 2.71725199e+000 2.46792514e+001 0.00000000e+000 0.00000000e+000 0.00000000e+000 1.00000000e+000
 1.00000000e+000 3.87416248e+001 2.91915131e+001 2.19153005e+001 1.54999221e+001 6.01799977e+001 2.61705754e+001 9.99860152e+002 9.96526637e+002 4.54498693e+000 2.46744250e+000 2.37148850e+001 1.00000000e+000 0.00000000e+000 0.00000000e+000 0.00000000e+000
 1.00000000e+000 3.95543185e+001 3.07194404e+001 2.26804255e+001 1.71079301e+001 6.17835768e+001 2.77670031e+001 9.98765517e+002 9.94447087e+002 4.80590419e+000 2.42405699e+000 2.28311871e+001 0.00000000e+000 1.00000000e+000 0.00000000e+000 0.00000000e+000
 1.00000000e+000 4.01009911e+001 2.94053702e+001 2.22292294e+001 1.38500707e+001 5.87701256e+001 2.45092499e+001 9.98537250e+002 9.95424287e+002 4.85289481e+000 3.57801273e+000 2.38874331e+001 1.00000000e+000 0.00000000e+000 0.00000000e+000 0.00000000e+000
 1.00000000e+000 3.94203315e+001 2.87934300e+001 2.22749926e+001 1.30705882e+001 5.90404033e+001 2.41448996e+001 9.98678021e+002 9.95874163e+002 5.11529354e+000 3.56550681e+000 2.40619684e+001 0.00000000e+000 0.00000000e+000 0.00000000e+000 1.00000000e+000
 1.00000000e+000 4.05340762e+001 2.58140801e+001 1.66499365e+001 6.62185208e+000 5.36777538e+001 1.77022507e+001 1.00125519e+003 9.97158973e+002 4.97539097e+000 2.54033062e+000 2.74543333e+001 0.00000000e+000 1.00000000e+000 0.00000000e+000 0.00000000e+000
 1.00000000e+000 4.05930272e+001 2.63760379e+001 1.70807059e+001 6.83156721e+000 5.16957278e+001 1.68415959e+001 1.00296570e+003 9.99205482e+002 5.04555868e+000 2.84063196e+000 2.70005010e+001 0.00000000e+000 1.00000000e+000 0.00000000e+000 0.00000000e+000
 1.00000000e+000 3.91156319e+001 2.87602960e+001 2.22132908e+001 1.52598790e+001 6.68236780e+001 2.89492407e+001 1.00451374e+003 1.00011161e+003 4.99255500e+000 2.29354695e+000 2.37817453e+001 0.00000000e+000 0.00000000e+000 1.00000000e+000 0.00000000e+000
 1.00000000e+000 3.89668246e+001 2.91005023e+001 2.01192015e+001 1.57797499e+001 6.23918811e+001 2.85382149e+001 1.00351301e+003 9.97929924e+002 5.03678009e+000 2.30457761e+000 2.43056537e+001 0.00000000e+000 0.00000000e+000 0.00000000e+000 1.00000000e+000
 1.00000000e+000 3.97934204e+001 2.83799914e+001 2.07815352e+001 1.31079458e+001 6.14897606e+001 2.50630733e+001 1.00330881e+003 9.99262621e+002 4.77787242e+000 2.44072714e+000 2.45608753e+001 0.00000000e+000 0.00000000e+000 0.00000000e+000 1.00000000e+000
 1.00000000e+000 4.03280798e+001 2.81887671e+001 1.86351781e+001 1.15220461e+001 5.66712831e+001 2.29087009e+001 1.00488941e+003 1.00013391e+003 5.53678258e+000 3.74085122e+000 2.68171055e+001 0.00000000e+000 0.00000000e+000 0.00000000e+000 1.00000000e+000
 1.00000000e+000 3.82753198e+001 2.68397379e+001 1.90513699e+001 1.26003039e+001 6.11706328e+001 2.57818477e+001 1.00697067e+003 1.00297403e+003 4.96547628e+000 3.67496667e+000 2.50245630e+001 1.00000000e+000 0.00000000e+000 0.00000000e+000 0.00000000e+000
 1.00000000e+000 3.60112773e+001 2.63478604e+001 1.88007295e+001 1.46069317e+001 6.43677000e+001 2.99799167e+001 1.00336552e+003 9.97956675e+002 5.55163281e+000 3.13460024e+000 2.39184433e+001 0.00000000e+000 0.00000000e+000 0.00000000e+000 1.00000000e+000
 1.00000000e+000 3.52049225e+001 2.49885730e+001 1.95028698e+001 1.52050218e+001 7.29040519e+001 3.42951258e+001 1.00474307e+003 9.99094600e+002 5.25857724e+000 2.94456958e+000 2.24603745e+001 0.00000000e+000 0.00000000e+000 0.00000000e+000 1.00000000e+000
 1.00000000e+000 3.74910969e+001 2.70685730e+001 2.13405669e+001 1.54343986e+001 6.94281941e+001 3.12765262e+001 1.00505830e+003 1.00049355e+003 4.75257772e+000 2.39234310e+000 2.31056694e+001 0.00000000e+000 0.00000000e+000 0.00000000e+000 1.00000000e+000
 1.00000000e+000 3.90756880e+001 2.70813434e+001 1.91939503e+001 1.25646631e+001 6.15937413e+001 2.55101883e+001 1.00429512e+003 9.99506087e+002 4.89429528e+000 2.43724913e+000 2.53607116e+001 0.00000000e+000 0.00000000e+000 0.00000000e+000 1.00000000e+000
 1.00000000e+000 3.89369232e+001 2.77748608e+001 2.04009541e+001 1.33398756e+001 6.24546913e+001 2.64328357e+001 1.00318905e+003 9.98961611e+002 4.76388832e+000 2.30508962e+000 2.44257626e+001 0.00000000e+000 0.00000000e+000 0.00000000e+000 1.00000000e+000
 1.00000000e+000 3.98416574e+001 2.80143957e+001 1.98995245e+001 1.25043063e+001 6.12330212e+001 2.47406601e+001 1.00276938e+003 9.98083285e+002 4.95785361e+000 2.13105041e+000 2.52060394e+001 0.00000000e+000 0.00000000e+000 0.00000000e+000 1.00000000e+000
 1.00000000e+000 4.11561671e+001 2.97819522e+001 2.44562311e+001 1.40155065e+001 5.93784625e+001 2.51828930e+001 1.00112386e+003 9.98096364e+002 5.86394114e+000 4.84664745e+000 2.53495404e+001 0.00000000e+000 0.00000000e+000 0.00000000e+000 1.00000000e+000
 1.00000000e+000 4.20557592e+001 2.85396032e+001 2.01229692e+001 9.27010991e+000 5.31256306e+001 1.87973393e+001 1.00192663e+003 9.99266162e+002 4.28291900e+000 2.33096783e+000 2.66560920e+001 0.00000000e+000 0.00000000e+000 0.00000000e+000 1.00000000e+000
 1.00000000e+000 4.17826224e+001 3.02964563e+001 2.14205364e+001 1.32383218e+001 5.59910495e+001 2.24226616e+001 1.00167974e+003 9.98223556e+002 4.31865385e+000 1.93385615e+000 2.58500831e+001 0.00000000e+000 0.00000000e+000 0.00000000e+000 1.00000000e+000
 1.00000000e+000 4.22336828e+001 3.05446961e+001 2.19546712e+001 1.39497700e+001 5.65557263e+001 2.38220346e+001 1.00155552e+003 9.97717788e+002 4.64846892e+000 2.81044358e+000 2.61870752e+001 0.00000000e+000 0.00000000e+000 0.00000000e+000 1.00000000e+000
 1.00000000e+000 4.19793984e+001 3.09397872e+001 2.33904305e+001 1.50148917e+001 5.74949001e+001 2.60148459e+001 1.00195625e+003 9.98855152e+002 4.72428295e+000 3.77475882e+000 2.59325106e+001 1.00000000e+000 0.00000000e+000 0.00000000e+000 0.00000000e+000
 1.00000000e+000 4.09667318e+001 3.09562939e+001 2.24398455e+001 1.72076055e+001 6.17038504e+001 2.89574742e+001 1.00077297e+003 9.95826362e+002 5.06048476e+000 3.29446056e+000 2.50709536e+001 0.00000000e+000 0.00000000e+000 0.00000000e+000 1.00000000e+000
 1.00000000e+000 4.24249519e+001 3.24920704e+001 2.41320042e+001 1.76850322e+001 5.94243539e+001 2.80151302e+001 9.99003909e+002 9.95026712e+002 4.43515010e+000 2.65589148e+000 2.50242623e+001 0.00000000e+000 0.00000000e+000 1.00000000e+000 0.00000000e+000
 1.00000000e+000 4.15308340e+001 3.15824681e+001 2.49240650e+001 1.95604681e+001 6.65449520e+001 3.34551919e+001 9.99487991e+002 9.95346277e+002 3.84887791e+000 2.03715902e+000 2.48417177e+001 1.00000000e+000 0.00000000e+000 0.00000000e+000 0.00000000e+000
 1.00000000e+000 3.88756476e+001 2.96476963e+001 2.54075767e+001 1.94797776e+001 7.18704572e+001 3.69715034e+001 1.00098556e+003 9.98083079e+002 3.30681939e+000 1.62602311e+000 2.30719221e+001 0.00000000e+000 0.00000000e+000 0.00000000e+000 1.00000000e+000
 1.00000000e+000 3.73205116e+001 2.51875974e+001 2.30382081e+001 1.31387324e+001 7.44537336e+001 3.70530456e+001 1.00132356e+003 9.98138638e+002 5.62207936e+000 4.91587618e+000 2.57847890e+001 0.00000000e+000 0.00000000e+000 0.00000000e+000 1.00000000e+000
 1.00000000e+000 3.42865887e+001 2.57876887e+001 2.15648880e+001 1.78172208e+001 7.48770233e+001 3.81523424e+001 1.00212113e+003 9.98007522e+002 4.08219519e+000 2.08763088e+000 2.11025883e+001 0.00000000e+000 0.00000000e+000 0.00000000e+000 1.00000000e+000
 1.00000000e+000 3.39037721e+001 2.44590465e+001 2.22824353e+001 1.63945614e+001 7.93324727e+001 3.91275433e+001 1.00068001e+003 9.97124639e+002 4.32527355e+000 2.31631337e+000 2.14750684e+001 1.00000000e+000 0.00000000e+000 0.00000000e+000 0.00000000e+000
 1.00000000e+000 3.59853397e+001 2.70452034e+001 2.19070831e+001 1.77515966e+001 7.50226595e+001 3.87135976e+001 1.00031344e+003 9.95376930e+002 4.58085599e+000 2.11296480e+000 2.26534400e+001 0.00000000e+000 0.00000000e+000 0.00000000e+000 1.00000000e+000
 1.00000000e+000 3.59706938e+001 2.76286128e+001 2.22536836e+001 1.90129090e+001 7.58200626e+001 3.96013654e+001 1.00125440e+003 9.95987631e+002 4.44460449e+000 2.07680589e+000 2.13944585e+001 0.00000000e+000 1.00000000e+000 0.00000000e+000 0.00000000e+000
 1.00000000e+000 3.74221658e+001 2.79732535e+001 2.22729921e+001 1.70692075e+001 7.07917773e+001 3.25549549e+001 1.00083653e+003 9.96590081e+002 4.29840199e+000 2.21735207e+000 2.16337589e+001 1.00000000e+000 0.00000000e+000 0.00000000e+000 0.00000000e+000
 1.00000000e+000 3.91440653e+001 2.85758804e+001 2.24804199e+001 1.58258000e+001 6.65404428e+001 2.94403565e+001 1.00025187e+003 9.96695555e+002 3.74611140e+000 1.77769862e+000 2.25164745e+001 1.00000000e+000 0.00000000e+000 0.00000000e+000 0.00000000e+000
 1.00000000e+000 3.93449825e+001 2.88086355e+001 2.36337086e+001 1.48813547e+001 6.49245796e+001 2.96080131e+001 1.00002493e+003 9.97572727e+002 3.90694060e+000 2.36419278e+000 2.28494109e+001 1.00000000e+000 0.00000000e+000 0.00000000e+000 0.00000000e+000
 1.00000000e+000 3.86906684e+001 2.90972882e+001 2.36371628e+001 1.79381332e+001 6.85026578e+001 3.28692253e+001 9.99927655e+002 9.96188191e+002 4.27451237e+000 2.97103718e+000 2.29457310e+001 1.00000000e+000 0.00000000e+000 0.00000000e+000 0.00000000e+000
 1.00000000e+000 3.66717861e+001 2.91639215e+001 2.40569709e+001 2.05231512e+001 7.53442850e+001 4.30707679e+001 1.00177345e+003 9.96986495e+002 4.45940176e+000 2.16275030e+000 2.29475390e+001 0.00000000e+000 0.00000000e+000 0.00000000e+000 1.00000000e+000
 1.00000000e+000 3.50258631e+001 2.79059834e+001 2.45637808e+001 2.00867568e+001 7.96545815e+001 4.69385734e+001 1.00212467e+003 9.97947680e+002 4.84534616e+000 3.03534457e+000 2.26154881e+001 0.00000000e+000 0.00000000e+000 0.00000000e+000 1.00000000e+000
 1.00000000e+000 3.69026577e+001 2.88239370e+001 2.42443073e+001 2.06416301e+001 7.85553575e+001 4.27106257e+001 1.00143246e+003 9.95785587e+002 5.11347035e+000 2.59810838e+000 2.26799204e+001 0.00000000e+000 1.00000000e+000 0.00000000e+000 0.00000000e+000
 1.00000000e+000 3.76284619e+001 2.82718048e+001 2.30300227e+001 1.85668085e+001 7.42604823e+001 3.87400364e+001 1.00000553e+003 9.95126242e+002 5.02634153e+000 2.87023897e+000 2.53406323e+001 1.00000000e+000 0.00000000e+000 0.00000000e+000 0.00000000e+000
 1.00000000e+000 3.50873255e+001 2.79810245e+001 2.46796369e+001 2.06687730e+001 7.80993301e+001 4.63674938e+001 9.99977031e+002 9.96370757e+002 3.98972405e+000 2.48641889e+000 2.20715761e+001 1.00000000e+000 0.00000000e+000 0.00000000e+000 0.00000000e+000
 1.00000000e+000 3.64720813e+001 2.79065364e+001 2.38324808e+001 1.89706533e+001 7.75195258e+001 4.16165725e+001 1.00018352e+003 9.95489777e+002 4.72182370e+000 2.30955499e+000 2.27099542e+001 0.00000000e+000 0.00000000e+000 0.00000000e+000 1.00000000e+000
 1.00000000e+000 3.44801338e+001 2.64931366e+001 2.37507380e+001 1.85097731e+001 7.98916870e+001 4.66197951e+001 9.98824390e+002 9.93869975e+002 6.18421878e+000 4.10816686e+000 2.46685501e+001 0.00000000e+000 0.00000000e+000 0.00000000e+000 1.00000000e+000
 1.00000000e+000 3.79147964e+001 2.88691026e+001 2.52893001e+001 2.10723272e+001 7.93547012e+001 4.52868160e+001 1.00060488e+003 9.95515300e+002 4.87254586e+000 3.66911227e+000 2.43329834e+001 1.00000000e+000 0.00000000e+000 0.00000000e+000 0.00000000e+000
 1.00000000e+000 3.71753014e+001 2.91987575e+001 2.46464568e+001 2.12134913e+001 7.56203213e+001 4.23293807e+001 9.99504133e+002 9.95584178e+002 3.46491380e+000 1.55116017e+000 2.30014146e+001 0.00000000e+000 0.00000000e+000 0.00000000e+000 1.00000000e+000
 1.00000000e+000 3.63835595e+001 2.79012509e+001 2.44714530e+001 2.05826882e+001 8.04458265e+001 4.41744565e+001 1.00210994e+003 9.97978538e+002 3.34666023e+000 1.03217286e+000 2.21565903e+001 0.00000000e+000 0.00000000e+000 0.00000000e+000 1.00000000e+000
 1.00000000e+000 3.77215879e+001 2.83271040e+001 2.42873190e+001 1.97026413e+001 7.57315557e+001 4.06818079e+001 1.00238155e+003 9.98815051e+002 3.28281766e+000 1.80916996e+000 2.33791132e+001 0.00000000e+000 0.00000000e+000 0.00000000e+000 1.00000000e+000
 1.00000000e+000 3.80736392e+001 2.98350052e+001 2.45604879e+001 2.19698972e+001 7.50610446e+001 4.41002307e+001 1.00189289e+003 9.96865994e+002 4.13544329e+000 2.93999592e+000 2.39299201e+001 0.00000000e+000 0.00000000e+000 0.00000000e+000 1.00000000e+000
 1.00000000e+000 3.66112490e+001 2.86335269e+001 2.43101882e+001 1.98264935e+001 7.51754410e+001 4.19054339e+001 1.00227584e+003 9.98130891e+002 4.25405401e+000 2.11673369e+000 2.27759266e+001 1.00000000e+000 0.00000000e+000 0.00000000e+000 0.00000000e+000
 1.00000000e+000 3.67072302e+001 2.77796636e+001 2.42165365e+001 1.89916933e+001 7.79746191e+001 4.33091428e+001 1.00243863e+003 9.98622152e+002 3.95238315e+000 2.03364315e+000 2.33990168e+001 0.00000000e+000 0.00000000e+000 0.00000000e+000 1.00000000e+000
 1.00000000e+000 3.55243782e+001 2.71601654e+001 2.42315673e+001 2.02392235e+001 8.31413390e+001 4.59111636e+001 1.00070506e+003 9.94888341e+002 5.35871058e+000 2.62528235e+000 2.27293574e+001 0.00000000e+000 0.00000000e+000 0.00000000e+000 1.00000000e+000
 1.00000000e+000 3.60709346e+001 2.79786619e+001 2.53310086e+001 2.08114913e+001 8.21272917e+001 5.05341014e+001 1.00300744e+003 9.98344331e+002 4.97488405e+000 3.65290341e+000 2.45146016e+001 0.00000000e+000 0.00000000e+000 0.00000000e+000 1.00000000e+000
 1.00000000e+000 3.57289511e+001 2.70070896e+001 2.38074420e+001 1.92945290e+001 8.03214863e+001 4.48623856e+001 1.00216351e+003 9.97166518e+002 4.81652968e+000 3.06711129e+000 2.21461041e+001 1.00000000e+000 0.00000000e+000 0.00000000e+000 0.00000000e+000
 1.00000000e+000 3.79489927e+001 2.88238329e+001 2.45871769e+001 1.99873876e+001 7.60858645e+001 4.05359577e+001 9.99729699e+002 9.95856452e+002 3.17400629e+000 1.17139001e+000 2.22513973e+001 0.00000000e+000 0.00000000e+000 0.00000000e+000 1.00000000e+000
 1.00000000e+000 3.63260555e+001 2.60989661e+001 2.33887067e+001 1.75676293e+001 8.06713072e+001 4.35978052e+001 9.97748204e+002 9.92646456e+002 5.73277440e+000 4.48354645e+000 2.46569570e+001 0.00000000e+000 0.00000000e+000 0.00000000e+000 1.00000000e+000
 1.00000000e+000 3.46355233e+001 2.63955985e+001 2.49452276e+001 1.90922014e+001 8.32193846e+001 4.77948100e+001 9.99636502e+002 9.96228579e+002 3.79710626e+000 1.91930401e+000 2.11512421e+001 1.00000000e+000 0.00000000e+000 0.00000000e+000 0.00000000e+000
 1.00000000e+000 3.55311540e+001 2.73049454e+001 2.39770880e+001 1.82187143e+001 7.48685627e+001 4.28018460e+001 1.00196836e+003 9.98939813e+002 3.97716419e+000 2.49419213e+000 2.26528897e+001 0.00000000e+000 0.00000000e+000 0.00000000e+000 1.00000000e+000
 1.00000000e+000 3.59566602e+001 2.79386306e+001 2.41284211e+001 2.07097123e+001 7.94252589e+001 4.36536277e+001 1.00394270e+003 9.99811332e+002 3.21338130e+000 5.82867848e-001 2.17071051e+001 1.00000000e+000 0.00000000e+000 0.00000000e+000 0.00000000e+000
 1.00000000e+000 3.69951110e+001 2.89432414e+001 2.39931565e+001 2.04487295e+001 7.59412644e+001 4.17323801e+001 1.00323259e+003 9.98750169e+002 3.59461983e+000 7.41078450e-001 2.26797396e+001 0.00000000e+000 1.00000000e+000 0.00000000e+000 0.00000000e+000
 1.00000000e+000 3.58467089e+001 2.89209122e+001 2.51156820e+001 2.14400969e+001 7.55673963e+001 4.20747465e+001 1.00230752e+003 9.98322667e+002 3.68758022e+000 7.82812213e-001 2.11888030e+001 1.00000000e+000 0.00000000e+000 0.00000000e+000 0.00000000e+000
 1.00000000e+000 3.71259099e+001 3.01614362e+001 2.63879928e+001 2.24972571e+001 7.81051150e+001 4.31644742e+001 1.00276502e+003 9.98714661e+002 3.66527342e+000 9.29783054e-001 2.12514426e+001 0.00000000e+000 1.00000000e+000 0.00000000e+000 0.00000000e+000
 1.00000000e+000 3.69090252e+001 2.87214236e+001 2.47892665e+001 2.04588763e+001 7.55416924e+001 4.12384384e+001 1.00175822e+003 9.97686051e+002 4.28328370e+000 2.45865810e+000 2.29463991e+001 1.00000000e+000 0.00000000e+000 0.00000000e+000 0.00000000e+000
 1.00000000e+000 3.71704897e+001 2.90008163e+001 2.39468894e+001 1.93462503e+001 7.30016356e+001 3.79757002e+001 1.00185250e+003 9.98373715e+002 3.10774255e+000 5.29261443e-001 2.14571726e+001 1.00000000e+000 0.00000000e+000 0.00000000e+000 0.00000000e+000
 1.00000000e+000 3.68185916e+001 2.87626697e+001 2.29709839e+001 1.92960248e+001 7.12494785e+001 3.87144643e+001 1.00029471e+003 9.95829931e+002 4.24765334e+000 2.10694082e+000 2.29610624e+001 1.00000000e+000 0.00000000e+000 0.00000000e+000 0.00000000e+000
 1.00000000e+000 3.74502280e+001 2.97285373e+001 2.29187677e+001 2.02266559e+001 7.09528932e+001 3.85832611e+001 1.00067249e+003 9.95688447e+002 5.80263979e+000 1.94031924e+000 3.10663815e+001 0.00000000e+000 1.00000000e+000 0.00000000e+000 0.00000000e+000
 1.00000000e+000 3.65163693e+001 2.73424687e+001 2.35160559e+001 1.76873321e+001 7.39768940e+001 3.74521789e+001 1.00131662e+003 9.97147440e+002 4.25773976e+000 1.35350252e+000 2.21580456e+001 0.00000000e+000 0.00000000e+000 0.00000000e+000 1.00000000e+000
 1.00000000e+000 3.73117536e+001 2.90546442e+001 2.36529558e+001 1.99671941e+001 7.31378608e+001 3.69853031e+001 1.00122033e+003 9.96605713e+002 4.14723418e+000 1.66502384e+000 2.20717129e+001 0.00000000e+000 0.00000000e+000 0.00000000e+000 1.00000000e+000
 1.00000000e+000 3.79555856e+001 2.87894292e+001 2.35555075e+001 1.92755295e+001 7.33716044e+001 3.75969514e+001 1.00124532e+003 9.96847144e+002 4.15852727e+000 2.28000522e+000 2.34709893e+001 0.00000000e+000 0.00000000e+000 0.00000000e+000 1.00000000e+000
 1.00000000e+000 3.80874359e+001 3.09149008e+001 2.56377598e+001 2.19021508e+001 7.50602225e+001 3.96456862e+001 1.00211301e+003 9.98010391e+002 3.49704278e+000 5.96395635e-001 2.14712045e+001 0.00000000e+000 0.00000000e+000 0.00000000e+000 1.00000000e+000
 1.00000000e+000 3.61487149e+001 2.75169089e+001 2.47209258e+001 1.76936508e+001 7.72343692e+001 4.29114046e+001 1.00442898e+003 1.00026121e+003 5.63326498e+000 3.77109966e+000 2.30581352e+001 1.00000000e+000 0.00000000e+000 0.00000000e+000 0.00000000e+000
 1.00000000e+000 3.58589487e+001 2.81035742e+001 2.40561549e+001 2.01757643e+001 7.98706326e+001 4.41592294e+001 1.00373387e+003 9.98280798e+002 5.42461468e+000 3.39764897e+000 2.19095664e+001 1.00000000e+000 0.00000000e+000 0.00000000e+000 0.00000000e+000
 1.00000000e+000 3.67309360e+001 2.83966798e+001 2.42434342e+001 1.98585101e+001 7.77848066e+001 4.18789020e+001 1.00306774e+003 9.98120611e+002 4.76206750e+000 2.75348118e+000 2.18045442e+001 0.00000000e+000 0.00000000e+000 0.00000000e+000 1.00000000e+000
 1.00000000e+000 3.45592550e+001 2.63892311e+001 2.30702556e+001 1.94584980e+001 8.35873037e+001 4.65757375e+001 1.00432380e+003 9.98464973e+002 5.71736271e+000 3.50445328e+000 2.28523961e+001 1.00000000e+000 0.00000000e+000 0.00000000e+000 0.00000000e+000
 1.00000000e+000 3.27834757e+001 2.54092380e+001 2.39846308e+001 1.90514970e+001 8.52174689e+001 5.04065368e+001 1.00624967e+003 1.00245079e+003 4.40018006e+000 2.64565758e+000 2.09110087e+001 1.00000000e+000 0.00000000e+000 0.00000000e+000 0.00000000e+000
 1.00000000e+000 3.27750583e+001 2.49612790e+001 2.28848832e+001 1.85470118e+001 8.41005292e+001 4.86197084e+001 1.00482372e+003 1.00008780e+003 5.46774949e+000 3.92121311e+000 2.23249077e+001 1.00000000e+000 0.00000000e+000 0.00000000e+000 0.00000000e+000
 1.00000000e+000 3.39864597e+001 2.64209998e+001 2.52563394e+001 2.09291028e+001 8.68041350e+001 5.05292518e+001 1.00631090e+003 1.00258862e+003 3.25296992e+000 1.05243144e+000 2.01931948e+001 0.00000000e+000 1.00000000e+000 0.00000000e+000 0.00000000e+000
 1.00000000e+000 3.47877725e+001 2.62895323e+001 2.31196907e+001 1.95196612e+001 8.19534989e+001 4.43017123e+001 1.00533488e+003 9.99823304e+002 5.07035732e+000 2.61479248e+000 2.23539509e+001 1.00000000e+000 0.00000000e+000 0.00000000e+000 0.00000000e+000
 1.00000000e+000 3.51156034e+001 2.78747517e+001 2.46372046e+001 2.07597861e+001 8.11091988e+001 4.46609386e+001 1.00846615e+003 1.00449950e+003 3.72729628e+000 1.43963619e+000 2.03736859e+001 1.00000000e+000 0.00000000e+000 0.00000000e+000 0.00000000e+000
 1.00000000e+000 3.64854516e+001 2.81401931e+001 2.50697980e+001 1.94960543e+001 7.75371536e+001 4.17734640e+001 1.00769372e+003 1.00458257e+003 3.34623701e+000 9.40998667e-001 2.19485873e+001 1.00000000e+000 0.00000000e+000 0.00000000e+000 0.00000000e+000
 1.00000000e+000 3.57186315e+001 2.66900682e+001 2.43580874e+001 1.87423353e+001 7.96513483e+001 4.24870091e+001 1.00676783e+003 1.00347930e+003 3.31139230e+000 9.74661132e-001 2.18481938e+001 1.00000000e+000 0.00000000e+000 0.00000000e+000 0.00000000e+000
 1.00000000e+000 3.46101026e+001 2.59628245e+001 2.38864648e+001 1.85804641e+001 8.09372095e+001 4.35050039e+001 1.00509697e+003 1.00175331e+003 3.70053813e+000 1.65726048e+000 2.15679864e+001 1.00000000e+000 0.00000000e+000 0.00000000e+000 0.00000000e+000
 1.00000000e+000 3.54673456e+001 2.78887308e+001 2.57252829e+001 2.09944587e+001 8.00594834e+001 4.47032725e+001 1.00460602e+003 1.00108648e+003 4.14893662e+000 2.48827756e+000 2.16402463e+001 1.00000000e+000 0.00000000e+000 0.00000000e+000 0.00000000e+000
 1.00000000e+000 3.65263771e+001 2.88108035e+001 2.55846157e+001 2.19842912e+001 8.39443020e+001 4.57548778e+001 1.00602198e+003 1.00104380e+003 4.10471465e+000 1.46421386e+000 2.10762029e+001 0.00000000e+000 1.00000000e+000 0.00000000e+000 0.00000000e+000
 1.00000000e+000 3.28875136e+001 2.49009914e+001 2.32393743e+001 1.77679045e+001 8.27145274e+001 4.74877497e+001 1.00707755e+003 1.00337105e+003 4.37929802e+000 2.44746476e+000 2.10001415e+001 1.00000000e+000 0.00000000e+000 0.00000000e+000 0.00000000e+000
 1.00000000e+000 3.30980516e+001 2.55681634e+001 2.37215392e+001 1.94149505e+001 8.53147166e+001 4.95041858e+001 1.00726216e+003 1.00300213e+003 4.33975800e+000 2.35078038e+000 2.06710024e+001 1.00000000e+000 0.00000000e+000 0.00000000e+000 0.00000000e+000
 1.00000000e+000 3.31902186e+001 2.59777792e+001 2.36073110e+001 1.93970812e+001 8.38350435e+001 4.75736921e+001 1.00640026e+003 1.00190757e+003 4.39190083e+000 1.73318954e+000 2.01427552e+001 0.00000000e+000 0.00000000e+000 0.00000000e+000 1.00000000e+000
 1.00000000e+000 3.45927665e+001 2.60585611e+001 2.35015798e+001 1.89693978e+001 8.43173658e+001 4.69141880e+001 1.00775158e+003 1.00274839e+003 4.79651629e+000 2.44103220e+000 2.21259361e+001 1.00000000e+000 0.00000000e+000 0.00000000e+000 0.00000000e+000
 1.00000000e+000 3.54652872e+001 2.69489153e+001 2.45722800e+001 2.03247149e+001 8.15015129e+001 4.39215434e+001 1.00800809e+003 1.00510300e+003 2.25473888e+000 -3.20848721e-002 2.10862451e+001 0.00000000e+000 0.00000000e+000 1.00000000e+000 0.00000000e+000
 1.00000000e+000 3.33293404e+001 2.57256107e+001 2.44545842e+001 1.83162206e+001 8.23872085e+001 4.93540895e+001 1.00643247e+003 1.00253274e+003 5.67202173e+000 4.46033353e+000 2.25094686e+001 0.00000000e+000 0.00000000e+000 0.00000000e+000 1.00000000e+000
 1.00000000e+000 3.55376008e+001 2.82789213e+001 2.62079661e+001 2.18323587e+001 8.60955847e+001 4.92668489e+001 1.00949462e+003 1.00571367e+003 3.04769161e+000 2.90375525e-001 2.00504133e+001 0.00000000e+000 0.00000000e+000 0.00000000e+000 1.00000000e+000
 1.00000000e+000 3.51073050e+001 2.75511702e+001 2.55048133e+001 2.06844389e+001 8.36213071e+001 4.76854336e+001 1.00927098e+003 1.00587442e+003 3.64234148e+000 1.65297564e+000 2.12511353e+001 0.00000000e+000 0.00000000e+000 0.00000000e+000 1.00000000e+000
 1.00000000e+000 3.53084285e+001 2.63050490e+001 2.50589026e+001 1.65065409e+001 7.94439555e+001 4.21139108e+001 1.00579146e+003 1.00352891e+003 4.33858313e+000 2.92455778e+000 2.15026200e+001 1.00000000e+000 0.00000000e+000 0.00000000e+000 0.00000000e+000
 1.00000000e+000 3.29057892e+001 2.41704087e+001 2.26718293e+001 1.67953001e+001 8.08707251e+001 4.44168879e+001 1.00476113e+003 1.00113075e+003 5.02869744e+000 3.36466332e+000 2.25313568e+001 1.00000000e+000 0.00000000e+000 0.00000000e+000 0.00000000e+000
 1.00000000e+000 3.27192685e+001 2.46671686e+001 2.40811452e+001 1.85437977e+001 8.48998318e+001 4.80144493e+001 1.00530911e+003 1.00209429e+003 3.64766555e+000 1.58447568e+000 2.01044590e+001 1.00000000e+000 0.00000000e+000 0.00000000e+000 0.00000000e+000
 1.00000000e+000 3.38114641e+001 2.58760126e+001 2.32583306e+001 1.98242006e+001 8.46828654e+001 4.63909936e+001 1.00435841e+003 9.99516568e+002 4.47694637e+000 2.44067207e+000 2.09430929e+001 0.00000000e+000 1.00000000e+000 0.00000000e+000 0.00000000e+000
 1.00000000e+000 3.43895930e+001 2.57635447e+001 2.27797461e+001 1.85575238e+001 8.20300257e+001 4.25660857e+001 1.00348551e+003 9.98418646e+002 4.54285354e+000 2.04020456e+000 2.03810099e+001 1.00000000e+000 0.00000000e+000 0.00000000e+000 0.00000000e+000
 1.00000000e+000 3.45672765e+001 2.59834588e+001 2.27776481e+001 1.87951698e+001 8.10000475e+001 4.19317642e+001 1.00483905e+003 1.00020698e+003 3.79096829e+000 1.01142104e+000 2.02936736e+001 1.00000000e+000 0.00000000e+000 0.00000000e+000 0.00000000e+000
 1.00000000e+000 3.42904888e+001 2.62884802e+001 2.39789190e+001 1.87854269e+001 8.03180197e+001 4.48516417e+001 1.00609534e+003 1.00291163e+003 3.38580570e+000 7.99579240e-001 2.16393407e+001 0.00000000e+000 0.00000000e+000 0.00000000e+000 1.00000000e+000
 1.00000000e+000 3.41048289e+001 2.52317226e+001 2.42480774e+001 1.74438223e+001 8.53610142e+001 4.78507669e+001 1.00579451e+003 1.00196210e+003 4.68358649e+000 2.75719563e+000 2.16754320e+001 1.00000000e+000 0.00000000e+000 0.00000000e+000 0.00000000e+000
 1.00000000e+000 3.09865240e+001 2.34661149e+001 2.38088244e+001 1.63229434e+001 8.68929978e+001 5.41305604e+001 1.00421055e+003 1.00108794e+003 5.40310657e+000 3.67347807e+000 2.25410103e+001 0.00000000e+000 1.00000000e+000 0.00000000e+000 0.00000000e+000
 1.00000000e+000 3.00109860e+001 2.25934496e+001 2.40536819e+001 1.54016001e+001 8.59945943e+001 5.42703785e+001 1.00452991e+003 1.00253615e+003 5.27240203e+000 4.01422349e+000 2.23515915e+001 0.00000000e+000 0.00000000e+000 0.00000000e+000 1.00000000e+000
 1.00000000e+000 3.00308094e+001 2.16125464e+001 2.17096372e+001 1.61174596e+001 8.75491490e+001 5.20978514e+001 1.00954109e+003 1.00592919e+003 5.07511822e+000 3.90745446e+000 2.22676872e+001 1.00000000e+000 0.00000000e+000 0.00000000e+000 0.00000000e+000
 1.00000000e+000 3.22260078e+001 2.38942574e+001 2.31928738e+001 1.71644441e+001 8.62481295e+001 4.88070024e+001 1.00996328e+003 1.00554497e+003 5.28063527e+000 3.03325376e+000 2.10545439e+001 1.00000000e+000 0.00000000e+000 0.00000000e+000 0.00000000e+000
 1.00000000e+000 3.38586005e+001 2.50776639e+001 2.22417746e+001 1.83187907e+001 8.34678126e+001 4.30296149e+001 1.00897420e+003 1.00318242e+003 5.42899209e+000 2.82570218e+000 2.12077003e+001 1.00000000e+000 0.00000000e+000 0.00000000e+000 0.00000000e+000
 1.00000000e+000 3.41345824e+001 2.46438406e+001 2.21324290e+001 1.75982869e+001 8.19440719e+001 4.35360604e+001 1.00735292e+003 1.00208214e+003 5.00818220e+000 2.82382344e+000 2.22037320e+001 0.00000000e+000 0.00000000e+000 0.00000000e+000 1.00000000e+000
 1.00000000e+000 3.40792586e+001 2.53209214e+001 2.31648911e+001 1.80838303e+001 8.10713825e+001 4.44597137e+001 1.00784353e+003 1.00348345e+003 4.92950660e+000 2.99181224e+000 2.25950242e+001 0.00000000e+000 1.00000000e+000 0.00000000e+000 0.00000000e+000
 1.00000000e+000 3.47109340e+001 2.59766090e+001 2.31949415e+001 1.94437592e+001 8.40998814e+001 4.42092377e+001 1.00949579e+003 1.00401554e+003 4.85121755e+000 2.40276489e+000 2.13965290e+001 0.00000000e+000 1.00000000e+000 0.00000000e+000 0.00000000e+000
 1.00000000e+000 3.46317509e+001 2.58617023e+001 2.29886474e+001 1.90624480e+001 8.46086966e+001 4.45000314e+001 1.01071278e+003 1.00534005e+003 4.56056535e+000 1.95510249e+000 2.08444603e+001 0.00000000e+000 0.00000000e+000 0.00000000e+000 1.00000000e+000
 1.00000000e+000 3.45526708e+001 2.57357808e+001 2.32227883e+001 1.89035447e+001 8.38010999e+001 4.36667519e+001 1.00938258e+003 1.00412577e+003 4.56371796e+000 1.81816809e+000 2.04202925e+001 0.00000000e+000 0.00000000e+000 0.00000000e+000 1.00000000e+000
 1.00000000e+000 3.47343315e+001 2.61750208e+001 2.31299656e+001 1.85915371e+001 7.88195775e+001 4.00645723e+001 1.00856840e+003 1.00391256e+003 4.45334723e+000 2.11517191e+000 1.98764610e+001 1.00000000e+000 0.00000000e+000 0.00000000e+000 0.00000000e+000
 1.00000000e+000 3.64502782e+001 2.72201771e+001 2.43531681e+001 1.94932314e+001 8.07079060e+001 4.32359599e+001 1.00948710e+003 1.00494595e+003 4.09056944e+000 2.25748630e+000 2.15062950e+001 1.00000000e+000 0.00000000e+000 0.00000000e+000 0.00000000e+000
 1.00000000e+000 3.53055952e+001 2.68829286e+001 2.39302739e+001 1.96071760e+001 8.28578581e+001 4.34318070e+001 1.00820544e+003 1.00337008e+003 4.32482070e+000 1.78980098e+000 2.04912771e+001 1.00000000e+000 0.00000000e+000 0.00000000e+000 0.00000000e+000
 1.00000000e+000 3.56959790e+001 2.66501299e+001 2.36169756e+001 1.87761664e+001 8.25303305e+001 4.11498664e+001 1.00763243e+003 1.00260585e+003 4.64295489e+000 2.02464717e+000 2.09416492e+001 1.00000000e+000 0.00000000e+000 0.00000000e+000 0.00000000e+000
 1.00000000e+000 3.54562185e+001 2.66513602e+001 2.38281698e+001 1.88457384e+001 7.86231241e+001 3.83279199e+001 1.00804769e+003 1.00415122e+003 3.95680878e+000 1.64812126e+000 2.05003249e+001 0.00000000e+000 1.00000000e+000 0.00000000e+000 0.00000000e+000
 1.00000000e+000 3.57590568e+001 2.57522119e+001 2.33839876e+001 1.82823873e+001 8.27483561e+001 4.03046268e+001 1.00887636e+003 1.00411022e+003 4.14233192e+000 1.48571328e+000 2.13998734e+001 0.00000000e+000 0.00000000e+000 0.00000000e+000 1.00000000e+000
 1.00000000e+000 3.50973729e+001 2.61422128e+001 2.36652149e+001 1.84633651e+001 8.08138393e+001 4.03820043e+001 1.01017783e+003 1.00676016e+003 3.57397772e+000 1.40833010e+000 2.09004734e+001 0.00000000e+000 0.00000000e+000 0.00000000e+000 1.00000000e+000
 1.00000000e+000 3.46658028e+001 2.55034245e+001 2.23238543e+001 1.81246619e+001 8.13646794e+001 4.03395372e+001 1.00916056e+003 1.00425617e+003 4.38961642e+000 1.90455089e+000 2.07899378e+001 0.00000000e+000 0.00000000e+000 0.00000000e+000 1.00000000e+000
 1.00000000e+000 3.47479851e+001 2.47771162e+001 2.17913535e+001 1.69774996e+001 8.05433376e+001 3.89189861e+001 1.00816580e+003 1.00332318e+003 4.55926383e+000 2.21205276e+000 2.16006019e+001 0.00000000e+000 0.00000000e+000 0.00000000e+000 1.00000000e+000
 1.00000000e+000 3.41673081e+001 2.56196618e+001 2.32107430e+001 1.88476036e+001 8.28174559e+001 4.22837688e+001 1.00871485e+003 1.00442545e+003 4.04794688e+000 1.68952802e+000 2.00014107e+001 0.00000000e+000 0.00000000e+000 0.00000000e+000 1.00000000e+000
 1.00000000e+000 3.52327621e+001 2.62916797e+001 2.23563303e+001 1.81267415e+001 7.88662584e+001 3.81255054e+001 1.00892132e+003 1.00448294e+003 3.95487312e+000 1.75760880e+000 1.98636483e+001 0.00000000e+000 0.00000000e+000 0.00000000e+000 1.00000000e+000
 1.00000000e+000 3.60334183e+001 2.68814502e+001 2.36304585e+001 1.88018758e+001 8.01207402e+001 4.25203541e+001 1.00911833e+003 1.00416982e+003 4.74495678e+000 2.84231356e+000 2.17811606e+001 0.00000000e+000 0.00000000e+000 0.00000000e+000 1.00000000e+000
 1.00000000e+000 3.55680532e+001 2.67242728e+001 2.31985581e+001 1.95299406e+001 8.04969836e+001 4.22260199e+001 1.01051255e+003 1.00574682e+003 3.95138901e+000 1.63347302e+000 2.14765135e+001 0.00000000e+000 0.00000000e+000 0.00000000e+000 1.00000000e+000
 1.00000000e+000 3.49089115e+001 2.56083651e+001 2.26057175e+001 1.82160625e+001 7.91590399e+001 4.07123389e+001 1.00959112e+003 1.00611190e+003 2.80622132e+000 6.61529995e-001 2.07490266e+001 0.00000000e+000 0.00000000e+000 0.00000000e+000 1.00000000e+000
 1.00000000e+000 3.14838699e+001 2.40599905e+001 2.16450204e+001 1.87004766e+001 8.33779236e+001 4.61813890e+001 1.00969972e+003 1.00548286e+003 3.83895522e+000 1.32971899e+000 2.03426308e+001 0.00000000e+000 0.00000000e+000 1.00000000e+000 0.00000000e+000
 1.00000000e+000 3.09054570e+001 2.34016195e+001 2.24914106e+001 1.82322692e+001 8.61603554e+001 4.81267907e+001 1.00947077e+003 1.00623200e+003 3.26107160e+000 9.91610939e-001 1.89570578e+001 0.00000000e+000 1.00000000e+000 0.00000000e+000 1.00000000e+000
 1.00000000e+000 3.22575306e+001 2.35999003e+001 2.30385094e+001 1.81762952e+001 8.72692072e+001 4.77559080e+001 1.00812608e+003 1.00501746e+003 2.54415469e+000 4.29195357e-002 1.93097978e+001 0.00000000e+000 0.00000000e+000 0.00000000e+000 1.00000000e+000
 1.00000000e+000 3.23203889e+001 2.20067600e+001 1.96962482e+001 1.50469177e+001 8.55543996e+001 4.23587311e+001 1.00611853e+003 9.99942430e+002 5.79875255e+000 3.28457596e+000 2.13791011e+001 0.00000000e+000 0.00000000e+000 0.00000000e+000 1.00000000e+000
 1.00000000e+000 3.38144207e+001 2.21006347e+001 1.97778890e+001 1.33025225e+001 8.00201371e+001 3.50363352e+001 1.00656969e+003 1.00187217e+003 4.33265165e+000 1.39715188e+000 2.08929636e+001 0.00000000e+000 0.00000000e+000 1.00000000e+000 0.00000000e+000
 1.00000000e+000 3.50128938e+001 2.25591555e+001 1.93863237e+001 1.26267436e+001 7.51345310e+001 3.29153990e+001 1.00737396e+003 1.00243154e+003 5.01069253e+000 3.05045142e+000 2.27058287e+001 0.00000000e+000 0.00000000e+000 1.00000000e+000 0.00000000e+000
 1.00000000e+000 3.39913441e+001 2.16991646e+001 1.79228045e+001 1.15723921e+001 7.09140900e+001 3.02676814e+001 1.00959580e+003 1.00499845e+003 4.59817370e+000 2.56765488e+000 2.17951681e+001 0.00000000e+000 0.00000000e+000 0.00000000e+000 1.00000000e+000
 1.00000000e+000 3.37782344e+001 2.29556677e+001 1.87158179e+001 1.40929343e+001 7.47847140e+001 3.27959970e+001 1.01267121e+003 1.00800683e+003 3.58685644e+000 6.08555582e-001 2.01665491e+001 0.00000000e+000 0.00000000e+000 0.00000000e+000 1.00000000e+000
 1.00000000e+000 3.26076497e+001 2.08449388e+001 1.79606546e+001 1.13162375e+001 7.91587056e+001 3.24339902e+001 1.01432222e+003 1.00957373e+003 4.52660238e+000 1.42687238e+000 1.96765710e+001 0.00000000e+000 0.00000000e+000 0.00000000e+000 1.00000000e+000
 1.00000000e+000 3.21930180e+001 2.01991502e+001 1.71902645e+001 1.15188047e+001 8.01693279e+001 3.40971362e+001 1.01437805e+003 1.00898218e+003 4.64368716e+000 1.62691974e+000 2.01818223e+001 0.00000000e+000 0.00000000e+000 0.00000000e+000 1.00000000e+000
 1.00000000e+000 3.09366623e+001 2.07430371e+001 1.79537284e+001 1.29801407e+001 7.59563246e+001 3.18125961e+001 1.01371404e+003 1.00902160e+003 4.48982556e+000 1.36905539e+000 1.80582420e+001 0.00000000e+000 0.00000000e+000 0.00000000e+000 1.00000000e+000
 1.00000000e+000 3.32739343e+001 2.27117671e+001 1.68246699e+001 1.25930098e+001 7.11637617e+001 3.04268305e+001 1.01392721e+003 1.00831282e+003 4.89389299e+000 1.95000227e+000 2.06769625e+001 0.00000000e+000 0.00000000e+000 0.00000000e+000 1.00000000e+000
 1.00000000e+000 3.21880736e+001 2.14863501e+001 1.74665913e+001 1.27418974e+001 7.66668682e+001 3.30173457e+001 1.01532696e+003 1.01097649e+003 3.66642489e+000 8.44351897e-001 1.95542280e+001 0.00000000e+000 0.00000000e+000 0.00000000e+000 1.00000000e+000
 1.00000000e+000 3.19908841e+001 1.95443387e+001 1.59888597e+001 9.37685575e+000 7.55075286e+001 3.01101363e+001 1.01303799e+003 1.00858576e+003 4.40001089e+000 1.48429122e+000 2.09085989e+001 0.00000000e+000 0.00000000e+000 0.00000000e+000 1.00000000e+000
 1.00000000e+000 3.15406928e+001 1.94676465e+001 1.63896540e+001 1.03457859e+001 7.83486874e+001 3.20023163e+001 1.01223900e+003 1.00719109e+003 4.43902214e+000 1.08053408e+000 1.97741097e+001 0.00000000e+000 0.00000000e+000 0.00000000e+000 1.00000000e+000
 1.00000000e+000 3.17515910e+001 2.17886929e+001 1.98597603e+001 1.41207794e+001 8.17754739e+001 3.56394105e+001 1.01276927e+003 1.00820716e+003 4.76220072e+000 1.71103963e+000 1.89067805e+001 0.00000000e+000 0.00000000e+000 0.00000000e+000 1.00000000e+000
 1.00000000e+000 3.07236240e+001 1.77938791e+001 1.52118910e+001 8.21200840e+000 7.71789442e+001 2.89562751e+001 1.01462551e+003 1.01062497e+003 3.51374742e+000 -2.11812171e-001 1.95208570e+001 0.00000000e+000 0.00000000e+000 0.00000000e+000 1.00000000e+000
 1.00000000e+000 3.19481577e+001 1.80417136e+001 1.40881836e+001 6.45973217e+000 7.23530171e+001 2.61336350e+001 1.01536749e+003 1.01070884e+003 4.50228473e+000 1.48554136e+000 2.09588840e+001 0.00000000e+000 0.00000000e+000 1.00000000e+000 0.00000000e+000
 1.00000000e+000 3.15714101e+001 1.82087331e+001 1.40606113e+001 7.12666875e+000 7.13994150e+001 2.59732883e+001 1.01601669e+003 1.01118843e+003 4.53171169e+000 1.44642175e+000 2.03830851e+001 0.00000000e+000 0.00000000e+000 1.00000000e+000 0.00000000e+000
 1.00000000e+000 3.06602214e+001 1.71964721e+001 1.32746544e+001 6.24998807e+000 7.12323122e+001 2.56524591e+001 1.01582815e+003 1.01165013e+003 4.38692999e+000 1.67612787e+000 2.10235490e+001 1.00000000e+000 0.00000000e+000 0.00000000e+000 0.00000000e+000
 1.00000000e+000 3.07513797e+001 1.70148726e+001 1.31285638e+001 6.06879229e+000 7.17064650e+001 2.54618898e+001 1.01466225e+003 1.01058307e+003 3.62663966e+000 3.27824390e-001 2.03547512e+001 0.00000000e+000 0.00000000e+000 0.00000000e+000 1.00000000e+000
 1.00000000e+000 3.04589663e+001 1.73435585e+001 1.28537460e+001 6.50953787e+000 7.16373506e+001 2.57504430e+001 1.01524818e+003 1.01053023e+003 4.26849513e+000 9.87087376e-001 2.00869325e+001 0.00000000e+000 0.00000000e+000 0.00000000e+000 1.00000000e+000
 1.00000000e+000 3.01113134e+001 1.59226056e+001 1.27606518e+001 5.00366719e+000 7.25904134e+001 2.53095436e+001 1.01687516e+003 1.01285754e+003 4.14444839e+000 1.30391060e+000 2.03386458e+001 0.00000000e+000 0.00000000e+000 0.00000000e+000 1.00000000e+000
 1.00000000e+000 3.27826957e+001 2.02904679e+001 1.23106847e+001 8.00232239e+000 6.60059781e+001 2.45386523e+001 1.01553636e+003 1.01006950e+003 3.90722145e+000 5.73090271e-001 2.15134969e+001 0.00000000e+000 0.00000000e+000 0.00000000e+000 1.00000000e+000
 1.00000000e+000 2.97901511e+001 1.66730083e+001 1.27860489e+001 6.61441047e+000 7.25372105e+001 2.61522085e+001 1.01672460e+003 1.01225090e+003 3.99065712e+000 8.43811187e-001 1.93942445e+001 0.00000000e+000 0.00000000e+000 1.00000000e+000 0.00000000e+000
 1.00000000e+000 2.92156405e+001 1.56473611e+001 1.29970945e+001 6.22831146e+000 7.74699105e+001 2.82638912e+001 1.01902982e+003 1.01471635e+003 3.72210555e+000 2.89372386e-002 1.93392084e+001 0.00000000e+000 0.00000000e+000 0.00000000e+000 1.00000000e+000
 1.00000000e+000 3.00776332e+001 1.69239490e+001 1.67801134e+001 8.46647417e+000 8.18598588e+001 3.16389261e+001 1.01735187e+003 1.01402550e+003 4.17544093e+000 1.42573810e+000 1.99061544e+001 0.00000000e+000 0.00000000e+000 0.00000000e+000 1.00000000e+000
 1.00000000e+000 3.04341158e+001 1.78104950e+001 1.32537235e+001 8.33684709e+000 7.12472999e+001 2.72724433e+001 1.01499778e+003 1.01038668e+003 3.48582254e+000 3.89336303e-001 1.95880980e+001 0.00000000e+000 0.00000000e+000 0.00000000e+000 1.00000000e+000
 1.00000000e+000 2.98869640e+001 1.88239073e+001 1.58418320e+001 9.53222055e+000 7.36850689e+001 3.08250340e+001 1.01490196e+003 1.01121589e+003 3.56993930e+000 3.15234438e-003 1.85559579e+001 0.00000000e+000 0.00000000e+000 1.00000000e+000 0.00000000e+000
 1.00000000e+000 3.03337728e+001 1.85436457e+001 1.65394302e+001 9.34661256e+000 7.79119858e+001 3.32520266e+001 1.01816882e+003 1.01492979e+003 3.31591768e+000 9.43120348e-002 1.92210461e+001 0.00000000e+000 0.00000000e+000 1.00000000e+000 0.00000000e+000
 1.00000000e+000 2.87973733e+001 1.77571453e+001 1.53889569e+001 1.14029460e+001 8.28885059e+001 3.52270008e+001 1.02033897e+003 1.01586500e+003 2.95122241e+000 -6.57419902e-001 1.73419069e+001 0.00000000e+000 0.00000000e+000 0.00000000e+000 1.00000000e+000
 1.00000000e+000 2.91318084e+001 1.82597543e+001 1.59723600e+001 1.20235282e+001 8.36227035e+001 3.66468099e+001 1.01891159e+003 1.01381599e+003 3.97332052e+000 1.00830523e+000 1.78709842e+001 0.00000000e+000 0.00000000e+000 0.00000000e+000 1.00000000e+000
 1.00000000e+000 3.01117537e+001 1.79418369e+001 1.52608131e+001 9.92693852e+000 7.95176284e+001 3.39016828e+001 1.01889974e+003 1.01400807e+003 4.46396332e+000 1.59719342e+000 2.07084699e+001 0.00000000e+000 0.00000000e+000 1.00000000e+000 0.00000000e+000
 1.00000000e+000 2.86505872e+001 1.70486327e+001 1.58650460e+001 9.53700591e+000 8.12065110e+001 3.35205051e+001 1.01730354e+003 1.01368205e+003 3.63828990e+000 6.74725093e-001 1.77484793e+001 0.00000000e+000 0.00000000e+000 1.00000000e+000 0.00000000e+000
 1.00000000e+000 2.85019105e+001 1.77357715e+001 1.56301121e+001 1.01128313e+001 8.19103609e+001 3.50642871e+001 1.01446236e+003 1.00985549e+003 4.30433124e+000 8.63090152e-001 1.75666925e+001 0.00000000e+000 0.00000000e+000 1.00000000e+000 0.00000000e+000
 1.00000000e+000 2.99828758e+001 1.85802816e+001 1.59667637e+001 1.10248159e+001 8.00880233e+001 3.51526633e+001 1.01404803e+003 1.00889869e+003 4.83791600e+000 2.35211772e+000 1.95780466e+001 0.00000000e+000 0.00000000e+000 1.00000000e+000 0.00000000e+000
 1.00000000e+000 3.03756558e+001 1.82403431e+001 1.54774244e+001 8.61759990e+000 7.34138067e+001 2.95167537e+001 1.01203361e+003 1.00833023e+003 4.26202845e+000 1.54645599e+000 2.03765215e+001 0.00000000e+000 0.00000000e+000 1.00000000e+000 0.00000000e+000
 1.00000000e+000 2.90410574e+001 1.82932595e+001 1.50689003e+001 1.13521082e+001 8.04055176e+001 3.57041852e+001 1.01123591e+003 1.00586373e+003 4.41332603e+000 1.18174475e+000 1.94791687e+001 0.00000000e+000 0.00000000e+000 1.00000000e+000 0.00000000e+000
 1.00000000e+000 2.67188472e+001 1.53764071e+001 1.52583631e+001 1.00364322e+001 8.93176614e+001 3.72829006e+001 1.01102483e+003 1.00606069e+003 4.69716804e+000 1.52731565e+000 1.75059633e+001 0.00000000e+000 0.00000000e+000 1.00000000e+000 0.00000000e+000
 1.00000000e+000 2.46042552e+001 1.35634401e+001 1.40518501e+001 8.59834788e+000 8.64356914e+001 3.74750833e+001 1.01422420e+003 1.01141484e+003 3.04834353e+000 6.36498760e-001 1.63158332e+001 0.00000000e+000 0.00000000e+000 1.00000000e+000 0.00000000e+000
 1.00000000e+000 2.61963361e+001 1.71409705e+001 1.85636940e+001 1.16987438e+001 8.87108347e+001 4.95770949e+001 1.01578403e+003 1.01309984e+003 4.36067834e+000 2.30166001e+000 1.98342699e+001 0.00000000e+000 0.00000000e+000 1.00000000e+000 0.00000000e+000
 1.00000000e+000 2.84443423e+001 1.86618374e+001 1.86443702e+001 1.37315975e+001 8.94983389e+001 4.71485356e+001 1.01481921e+003 1.01075209e+003 4.14084445e+000 2.08467174e+000 1.94684595e+001 0.00000000e+000 1.00000000e+000 0.00000000e+000 0.00000000e+000
 1.00000000e+000 2.91128819e+001 1.95699520e+001 1.86375263e+001 1.41075533e+001 8.72925004e+001 4.50319276e+001 1.01202600e+003 1.00748164e+003 4.39594723e+000 2.01557487e+000 1.94240313e+001 0.00000000e+000 0.00000000e+000 1.00000000e+000 0.00000000e+000
 1.00000000e+000 2.85596125e+001 1.82680420e+001 1.72761106e+001 1.26342202e+001 8.79996032e+001 4.13806785e+001 1.01242250e+003 1.00750661e+003 4.02947781e+000 6.79800489e-001 1.77721684e+001 0.00000000e+000 0.00000000e+000 1.00000000e+000 0.00000000e+000
 1.00000000e+000 2.70608592e+001 1.66012798e+001 1.60933682e+001 1.18412546e+001 8.84354354e+001 3.85033945e+001 1.01488778e+003 1.01040695e+003 3.57391428e+000 2.65718788e-001 1.62439688e+001 0.00000000e+000 0.00000000e+000 0.00000000e+000 0.00000000e+000
 1.00000000e+000 2.61017706e+001 1.38815027e+001 1.38479510e+001 7.46580733e+000 8.28467697e+001 3.20581231e+001 1.01634301e+003 1.01267101e+003 3.76836273e+000 3.45484111e-001 1.73579849e+001 1.00000000e+000 1.00000000e+000 0.00000000e+000 0.00000000e+000
 1.00000000e+000 2.47296966e+001 1.25652940e+001 1.14343188e+001 7.46799338e+000 8.47896925e+001 3.39275270e+001 1.01807134e+003 1.01304387e+003 3.75589974e+000 -1.93939032e-001 1.75310022e+001 0.00000000e+000 0.00000000e+000 1.00000000e+000 0.00000000e+000
 1.00000000e+000 2.44267186e+001 1.08983099e+001 9.41821125e+000 4.77145980e+000 8.27311020e+001 3.08969902e+001 1.01927343e+003 1.01424825e+003 3.48817160e+000 -5.99517019e-001 1.75265236e+001 0.00000000e+000 0.00000000e+000 1.00000000e+000 0.00000000e+000
 1.00000000e+000 2.48167203e+001 1.04614411e+001 1.00365042e+001 3.44757135e+000 8.19640833e+001 2.86591512e+001 1.01977548e+003 1.01570813e+003 3.11418581e+000 -6.39682198e-001 1.64660235e+001 0.00000000e+000 0.00000000e+000 0.00000000e+000 1.00000000e+000
 1.00000000e+000 2.63458510e+001 1.24155484e+001 1.14976545e+001 4.67552651e+000 8.18816053e+001 3.03354903e+001 1.01926482e+003 1.01488692e+003 3.59127509e+000 -2.17135115e-001 1.76833360e+001 0.00000000e+000 0.00000000e+000 0.00000000e+000 1.00000000e+000
 1.00000000e+000 2.40514029e+001 1.07328401e+001 1.07356500e+001 4.64536952e+000 8.67726961e+001 3.25775182e+001 1.01971286e+003 1.01530722e+003 3.57649374e+000 -3.27826892e-001 1.60321306e+001 0.00000000e+000 1.00000000e+000 0.00000000e+000 0.00000000e+000
 1.00000000e+000 2.47411500e+001 1.18156565e+001 1.12175615e+001 6.22676510e+000 8.56434261e+001 3.33954430e+001 1.01802606e+003 1.01356255e+003 3.11996311e+000 -7.77194845e-001 1.65694324e+001 0.00000000e+000 1.00000000e+000 0.00000000e+000 0.00000000e+000
 1.00000000e+000 2.62002324e+001 1.18778709e+001 1.18653429e+001 4.76548223e+000 8.45132381e+001 3.13278692e+001 1.01789840e+003 1.01419711e+003 3.12411285e+000 -1.49730428e-001 1.76454006e+001 0.00000000e+000 1.00000000e+000 0.00000000e+000 0.00000000e+000
 1.00000000e+000 2.69518453e+001 1.32161061e+001 1.20691581e+001 6.28502004e+000 8.37096268e+001 3.24535783e+001 1.01643977e+003 1.01140685e+003 3.85739353e+000 2.28322502e-001 1.84907511e+001 0.00000000e+000 0.00000000e+000 1.00000000e+000 0.00000000e+000
 1.00000000e+000 2.49328789e+001 1.21162940e+001 1.15427421e+001 6.28339484e+000 8.59374069e+001 3.37453437e+001 1.01833995e+003 1.01370074e+003 3.36828806e+000 -7.76500891e-001 1.67819149e+001 0.00000000e+000 0.00000000e+000 1.00000000e+000 0.00000000e+000
 1.00000000e+000 2.37717867e+001 1.01921797e+001 9.99314649e+000 4.82658369e+000 8.64718185e+001 3.23971869e+001 1.02016497e+003 1.01583398e+003 3.03555687e+000 -5.76921093e-001 1.62381294e+001 0.00000000e+000 0.00000000e+000 0.00000000e+000 1.00000000e+000
 1.00000000e+000 2.34036686e+001 1.08407778e+001 9.90244100e+000 6.05742682e+000 8.63346385e+001 3.47080825e+001 1.02018671e+003 1.01554047e+003 3.00652438e+000 -7.60299632e-001 1.63709798e+001 0.00000000e+000 0.00000000e+000 0.00000000e+000 1.00000000e+000
 1.00000000e+000 2.41432502e+001 1.19060276e+001 1.09378969e+001 6.92050346e+000 8.55907274e+001 3.41230157e+001 1.01913722e+003 1.01414083e+003 3.30910748e+000 -8.82060078e-001 1.60657141e+001 0.00000000e+000 0.00000000e+000 0.00000000e+000 1.00000000e+000
 1.00000000e+000 2.42313741e+001 1.20041979e+001 1.15813497e+001 7.14835399e+000 8.78108234e+001 3.56910075e+001 1.01961847e+003 1.01460423e+003 3.89365329e+000 4.02777963e-001 1.62340017e+001 0.00000000e+000 0.00000000e+000 0.00000000e+000 1.00000000e+000
 1.00000000e+000 2.56842835e+001 1.24307989e+001 1.25644771e+001 6.91656274e+000 8.92405426e+001 3.59812515e+001 1.02043459e+003 1.01602644e+003 3.31689537e+000 -1.41851860e-001 1.73619693e+001 0.00000000e+000 0.00000000e+000 0.00000000e+000 1.00000000e+000
 1.00000000e+000 2.43853123e+001 1.16230631e+001 1.08365532e+001 5.97290485e+000 8.48287369e+001 3.30274200e+001 1.01842637e+003 1.01345079e+003 3.94726483e+000 2.65885784e-001 1.67009842e+001 0.00000000e+000 0.00000000e+000 1.00000000e+000 0.00000000e+000
 1.00000000e+000 2.53416929e+001 1.22468989e+001 1.24149714e+001 6.56062324e+000 8.61930969e+001 3.35496832e+001 1.01684537e+003 1.01260611e+003 3.33223218e+000 -2.70335791e-001 1.66024661e+001 0.00000000e+000 0.00000000e+000 1.00000000e+000 0.00000000e+000
 1.00000000e+000 2.69876730e+001 1.41382603e+001 1.26958451e+001 7.69931673e+000 8.45794424e+001 3.48156668e+001 1.01646391e+003 1.01123689e+003 3.75610345e+000 -1.47347009e-002 1.80957034e+001 0.00000000e+000 0.00000000e+000 1.00000000e+000 0.00000000e+000
 1.00000000e+000 2.73381760e+001 1.50964815e+001 1.33502506e+001 9.11421489e+000 8.49569417e+001 3.65236922e+001 1.01552453e+003 1.01007376e+003 4.01453376e+000 7.76042320e-001 1.84099079e+001 0.00000000e+000 0.00000000e+000 1.00000000e+000 0.00000000e+000
 1.00000000e+000 2.51627950e+001 1.29717067e+001 1.25601579e+001 8.23111328e+000 8.80573196e+001 3.67948509e+001 1.01715859e+003 1.01249619e+003 3.41864889e+000 4.66409972e-002 1.70262006e+001 0.00000000e+000 0.00000000e+000 1.00000000e+000 0.00000000e+000
 1.00000000e+000 2.30150920e+001 9.31305563e+000 9.40863039e+000 3.92268946e+000 8.34649440e+001 3.15823707e+001 1.01742418e+003 1.01364791e+003 3.11140305e+000 9.54057804e-002 1.67434400e+001 0.00000000e+000 0.00000000e+000 1.00000000e+000 0.00000000e+000
 1.00000000e+000 2.36318178e+001 1.12206596e+001 1.03758753e+001 6.19248456e+000 8.58406277e+001 3.29586323e+001 1.01728100e+003 1.01252589e+003 3.15882207e+000 -9.52698675e-001 1.55899528e+001 0.00000000e+000 0.00000000e+000 1.00000000e+000 0.00000000e+000
 1.00000000e+000 2.34859936e+001 1.31378865e+001 1.16342200e+001 8.75968290e+000 8.55761513e+001 3.64330229e+001 1.01635184e+003 1.01136006e+003 3.73967151e+000 -3.15386414e-002 1.53795545e+001 0.00000000e+000 0.00000000e+000 1.00000000e+000 0.00000000e+000
 1.00000000e+000 2.47963239e+001 1.20906243e+001 1.22986127e+001 7.29202387e+000 8.85381879e+001 3.62048849e+001 1.01660330e+003 1.01159128e+003 4.28952193e+000 1.34903983e+000 1.71263426e+001 0.00000000e+000 0.00000000e+000 1.00000000e+000 0.00000000e+000
 1.00000000e+000 2.44417630e+001 1.12063918e+001 1.08047449e+001 6.11608884e+000 8.73146426e+001 3.61877308e+001 1.01681758e+003 1.01152607e+003 4.27927509e+000 1.26612483e+000 1.81045002e+001 0.00000000e+000 0.00000000e+000 0.00000000e+000 1.00000000e+000
 1.00000000e+000 2.46687921e+001 1.29020290e+001 1.15833900e+001 8.05535272e+000 8.51945467e+001 3.47111236e+001 1.01799192e+003 1.01327322e+003 3.32747900e+000 1.21199581e-001 1.61866103e+001 0.00000000e+000 0.00000000e+000 0.00000000e+000 1.00000000e+000
 1.00000000e+000 2.39605161e+001 1.09477068e+001 1.12408661e+001 6.16661335e+000 8.96406843e+001 3.58186075e+001 1.01885892e+003 1.01399874e+003 3.97992757e+000 6.94952658e-001 1.68826471e+001 0.00000000e+000 0.00000000e+000 0.00000000e+000 0.00000000e+000
 1.00000000e+000 2.46295493e+001 1.40222520e+001 1.36956102e+001 1.08506973e+001 9.01785223e+001 4.29663593e+001 1.02006063e+003 1.01512137e+003 3.77927727e+000 1.15393862e+000 1.73080810e+001 0.00000000e+000 0.00000000e+000 1.00000000e+000 0.00000000e+000
 1.00000000e+000 2.43209164e+001 1.16050858e+001 1.25032054e+001 7.49150682e+000 9.15048384e+001 3.94203241e+001 1.01973981e+003 1.01468117e+003 4.30689838e+000 1.33551807e+000 1.75610012e+001 0.00000000e+000 0.00000000e+000 0.00000000e+000 1.00000000e+000
 1.00000000e+000 2.46055923e+001 1.17888224e+001 1.22047434e+001 7.57519944e+000 9.10925252e+001 3.81155907e+001 1.01958066e+003 1.01453137e+003 3.60149875e+000 4.31272106e-002 1.70254956e+001 0.00000000e+000 0.00000000e+000 1.00000000e+000 0.00000000e+000
 1.00000000e+000 2.32746180e+001 9.38234495e+000 1.06841069e+001 4.92812332e+000 9.18228938e+001 3.60456301e+001 1.02094923e+003 1.01622442e+003 3.97172434e+000 8.06868528e-001 1.69702887e+001 0.00000000e+000 0.00000000e+000 1.00000000e+000 0.00000000e+000
 1.00000000e+000 2.29815328e+001 9.43595362e+000 9.68762875e+000 4.96867546e+000 8.77243989e+001 3.42588715e+001 1.02218861e+003 1.01725262e+003 3.39741381e+000 -4.61361654e-001 1.64106079e+001 0.00000000e+000 0.00000000e+000 1.00000000e+000 0.00000000e+000
 1.00000000e+000 2.29102110e+001 9.58649065e+000 9.66325740e+000 5.37784545e+000 8.78751779e+001 3.55990615e+001 1.02303781e+003 1.01833830e+003 3.34685347e+000 -1.05007002e-001 1.72879458e+001 0.00000000e+000 0.00000000e+000 1.00000000e+000 0.00000000e+000
 1.00000000e+000 2.26435842e+001 8.59877650e+000 9.79643985e+000 4.36274189e+000 9.32486582e+001 3.75946515e+001 1.02325511e+003 1.01839007e+003 3.75747327e+000 2.48074144e-001 1.73151050e+001 0.00000000e+000 0.00000000e+000 1.00000000e+000 0.00000000e+000
 1.00000000e+000 2.16048104e+001 7.64538055e+000 8.87361638e+000 3.92347605e+000 8.97744312e+001 3.58714362e+001 1.02100457e+003 1.01657873e+003 3.19884991e+000 -5.11602369e-001 1.71464081e+001 0.00000000e+000 0.00000000e+000 1.00000000e+000 0.00000000e+000
 1.00000000e+000 2.26415726e+001 8.60293709e+000 9.35448479e+000 4.11040458e+000 8.90550081e+001 3.43329701e+001 1.02024070e+003 1.01589013e+003 3.06079437e+000 -3.72708248e-001 1.64049293e+001 0.00000000e+000 0.00000000e+000 1.00000000e+000 0.00000000e+000
 1.00000000e+000 2.28716529e+001 8.55437902e+000 9.03372026e+000 3.40694945e+000 8.67173054e+001 3.33268558e+001 1.01935838e+003 1.01484084e+003 3.85412484e+000 8.66896762e-001 1.76333914e+001 0.00000000e+000 0.00000000e+000 0.00000000e+000 1.00000000e+000
 1.00000000e+000 2.22852830e+001 8.97772452e+000 9.70438300e+000 5.30628417e+000 8.96305089e+001 3.73177718e+001 1.01712979e+003 1.01254648e+003 3.36793969e+000 -1.29907204e-001 1.76726529e+001 0.00000000e+000 0.00000000e+000 1.00000000e+000 0.00000000e+000
 1.00000000e+000 2.61415762e+001 9.70831262e+000 1.21781225e+001 8.64669987e-001 8.58464733e+001 2.89472137e+001 1.01712925e+003 1.01449835e+003 3.09970173e+000 -7.02057074e-001 1.75476645e+001 0.00000000e+000 0.00000000e+000 1.00000000e+000 0.00000000e+000
 1.00000000e+000 2.17520488e+001 7.85630734e+000 9.01655567e+000 3.66724106e+000 9.04222506e+001 3.46487237e+001 1.01678716e+003 1.01209258e+003 3.59680529e+000 1.48852869e-002 1.58868045e+001 0.00000000e+000 0.00000000e+000 1.00000000e+000 0.00000000e+000
 1.00000000e+000 2.09357316e+001 7.52096610e+000 8.78006227e+000 3.78603130e+000 9.13890608e+001 3.49648750e+001 1.01681291e+003 1.01230256e+003 3.42733168e+000 -4.27889898e-001 1.54785387e+001 0.00000000e+000 0.00000000e+000 1.00000000e+000 0.00000000e+000
 1.00000000e+000 2.11414626e+001 8.01325876e+000 9.14155657e+000 4.38079818e+000 9.21147301e+001 3.66224678e+001 1.01615214e+003 1.01116228e+003 3.62377363e+000 -4.57725485e-001 1.54178241e+001 0.00000000e+000 1.00000000e+000 0.00000000e+000 0.00000000e+000
 1.00000000e+000 2.07399259e+001 7.80430690e+000 1.01442371e+001 4.48654494e+000 9.44649667e+001 4.05200055e+001 1.01614121e+003 1.01160817e+003 3.77238033e+000 -1.46699871e-001 1.61457311e+001 0.00000000e+000 1.00000000e+000 0.00000000e+000 0.00000000e+000
 1.00000000e+000 2.07454049e+001 7.48732071e+000 1.01334752e+001 3.68379720e+000 9.34409096e+001 3.97023454e+001 1.01780823e+003 1.01397054e+003 3.64489937e+000 9.89032415e-002 1.65864415e+001 0.00000000e+000 1.00000000e+000 0.00000000e+000 0.00000000e+000
