 1.00000000e+000 1.80101917e+001 4.99484765e+000 1.99994673e+000 -4.00990017e+000 7.60027674e+001 2.19992010e+001 1.01899127e+003 1.01499012e+003 4.99724810e+000 1.00019960e+000 1.29933495e+001 0.00000000e+000 0.00000000e+000 1.00000000e+000 0.00000000e+000
 1.00000000e+000 1.90021676e+001 2.00252903e+000 2.99828832e+000 -2.00217336e+000 9.30019345e+001 2.59973339e+001 1.02099252e+003 1.01599290e+003 3.00040454e+000 1.00143324e+000 1.39989157e+001 0.00000000e+000 0.00000000e+000 1.00000000e+000 0.00000000e+000
 1.00000000e+000 1.99867137e+001 5.01265517e+000 4.97721275e+000 -1.00188060e+000 7.60104854e+001 2.79995560e+001 1.02297476e+003 1.01798655e+003 2.98672124e+000 2.99947486e-003 1.30116642e+001 0.00000000e+000 0.00000000e+000 1.00000000e+000 0.00000000e+000
 1.00000000e+000 1.90013558e+001 4.99499511e+000 5.00698995e+000 1.00675994e+000 8.69924197e+001 3.00056016e+001 1.02200351e+003 1.01799056e+003 2.99858533e+000 -2.58041430e-003 2.29923195e+001 0.00000000e+000 0.00000000e+000 1.00000000e+000 0.00000000e+000
 1.00000000e+000 2.20049188e+001 7.99627333e+000 6.99789603e+000 -2.99740639e+000 7.10038986e+001 2.00049916e+001 1.02099396e+003 1.01699768e+003 3.00131170e+000 -1.52517568e-003 1.40020593e+001 0.00000000e+000 0.00000000e+000 1.00000000e+000 0.00000000e+000
 1.00000000e+000 2.20034287e+001 1.09999749e+001 1.00010841e+001 1.99766856e+000 8.20003803e+001 2.99973740e+001 1.01999319e+003 1.01599237e+003 3.00015228e+000 1.17021336e-003 1.39970641e+001 0.00000000e+000 0.00000000e+000 0.00000000e+000 1.00000000e+000
 1.00000000e+000 2.50003340e+001 1.00024822e+001 1.19969919e+001 4.99774657e+000 9.40020549e+001 2.79979443e+001 1.02198896e+003 1.01599131e+003 1.99878578e+000 1.30002044e-003 1.39996301e+001 0.00000000e+000 0.00000000e+000 1.00000000e+000 0.00000000e+000
 1.00000000e+000 2.70016960e+001 1.20014048e+001 1.49979445e+001 7.99683488e+000 8.20006823e+001 3.19978528e+001 1.01899077e+003 1.01499166e+003 2.99904165e+000 1.21967744e-003 1.39987043e+001 0.00000000e+000 0.00000000e+000 1.00000000e+000 0.00000000e+000
 1.00000000e+000 2.40049575e+001 1.59982043e+001 1.60004994e+001 1.30034064e+001 8.80015066e+001 4.99996306e+001 1.01799571e+003 1.01299441e+003 3.00220779e+000 1.00007484e+000 1.39958422e+001 0.00000000e+000 0.00000000e+000 1.00000000e+000 0.00000000e+000
 1.00000000e+000 2.29999579e+001 1.40021142e+001 1.39973488e+001 9.99778379e+000 9.40020518e+001 4.59973901e+001 1.01698994e+003 1.01299195e+003 3.99820590e+000 7.26956016e-004 1.89994495e+001 0.00000000e+000 0.00000000e+000 0.00000000e+000 1.00000000e+000
 1.00000000e+000 1.80022566e+001 1.20007488e+001 1.19986344e+001 2.99835825e+000 8.80011699e+001 4.19971575e+001 1.01899207e+003 1.01499176e+003 3.99987027e+000 1.02758739e-003 2.29975112e+001 1.00000000e+000 0.00000000e+000 0.00000000e+000 0.00000000e+000
 1.00000000e+000 1.79990954e+001 5.00276370e+000 5.99271320e+000 2.00171340e+000 1.00007399e+002 3.69988653e+001 1.01998647e+003 1.01598962e+003 4.99846819e+000 1.82762145e-003 2.60014017e+001 0.00000000e+000 0.00000000e+000 1.00000000e+000 0.00000000e+000
 1.00000000e+000 1.90021503e+001 6.00205787e+000 5.99792894e+000 1.99832345e+000 1.00002097e+002 3.19976579e+001 1.01898898e+003 1.01499261e+003 5.99862333e+000 1.09732914e-003 2.39984258e+001 0.00000000e+000 0.00000000e+000 1.00000000e+000 0.00000000e+000
 1.00000000e+000 1.99991934e+001 4.99849651e+000 5.99399332e+000 9.93255203e-001 9.30067618e+001 2.79980590e+001 1.01998495e+003 1.01499303e+003 4.98787995e+000 1.00091003e+000 2.59995789e+001 0.00000000e+000 0.00000000e+000 1.00000000e+000 0.00000000e+000
 1.00000000e+000 2.20020834e+001 9.00118618e+000 7.99941929e+000 2.99780724e+000 7.60015489e+001 2.89980482e+001 1.01899176e+003 1.01499193e+003 3.99984358e+000 1.00084776e+000 2.59974914e+001 0.00000000e+000 0.00000000e+000 1.00000000e+000 0.00000000e+000
 1.00000000e+000 2.30019678e+001 9.00130769e+000 8.99934020e+000 4.99747713e+000 1.00000989e+002 3.29980059e+001 1.02099196e+003 1.01599253e+003 3.99969782e+000 1.00079771e+000 2.59976986e+001 0.00000000e+000 0.00000000e+000 0.00000000e+000 1.00000000e+000
 1.00000000e+000 2.39986141e+001 1.30043611e+001 1.39975668e+001 8.99958512e+000 8.79997102e+001 4.09928849e+001 1.01999618e+003 1.01299200e+003 4.00023509e+000 2.81658371e-003 2.29954716e+001 0.00000000e+000 0.00000000e+000 1.00000000e+000 0.00000000e+000
 1.00000000e+000 2.10008731e+001 1.40005037e+001 1.49995762e+001 7.99868605e+000 9.39988436e+001 5.59966485e+001 1.01298763e+003 1.00898804e+003 3.00187443e+000 1.00079724e+000 2.60000619e+001 0.00000000e+000 0.00000000e+000 1.00000000e+000 0.00000000e+000
 1.00000000e+000 1.60014283e+001 9.00181325e+000 9.99608496e+000 4.99821018e+000 9.40029848e+001 4.79934585e+001 1.01398987e+003 1.01099161e+003 2.99540098e+000 1.00414632e+000 2.60027444e+001 0.00000000e+000 0.00000000e+000 0.00000000e+000 1.00000000e+000
 1.00000000e+000 1.69947131e+001 4.00378022e+000 6.99547853e+000 -9.97586853e-001 9.99997812e+001 3.10028450e+001 1.01698073e+003 1.01299211e+003 3.98540050e+000 1.00181883e+000 2.59996119e+001 0.00000000e+000 0.00000000e+000 1.00000000e+000 0.00000000e+000
 1.00000000e+000 1.59974660e+001 3.00893312e+000 5.00189198e+000 -5.98760097e+000 8.69991699e+001 2.29968581e+001 1.01798884e+003 1.01400107e+003 4.99504284e+000 1.00362627e+000 2.69938073e+001 0.00000000e+000 0.00000000e+000 1.00000000e+000 0.00000000e+000
 1.00000000e+000 1.50011000e+001 2.00348807e+000 2.99812644e+000 -4.00166155e+000 9.30016004e+001 2.69972796e+001 1.01599113e+003 1.01299211e+003 2.99982262e+000 1.00144562e+000 2.29984499e+001 0.00000000e+000 0.00000000e+000 1.00000000e+000 0.00000000e+000
 1.00000000e+000 1.60000612e+001 5.00312278e+000 1.99921405e+000 -3.00251083e+000 7.10009307e+001 2.89988608e+001 1.01598498e+003 1.01198846e+003 3.99770536e+000 1.00037171e+000 2.39996622e+001 0.00000000e+000 0.00000000e+000 1.00000000e+000 0.00000000e+000
 1.00000000e+000 1.89966055e+001 5.99903280e+000 9.94692221e-001 -8.00750932e+000 6.60011558e+001 1.49962214e+001 1.01799506e+003 1.01399246e+003 4.99724654e+000 1.99749857e+000 1.40025922e+001 0.00000000e+000 0.00000000e+000 0.00000000e+000 1.00000000e+000
 1.00000000e+000 1.80034488e+001 8.00061176e+000 5.00090511e+000 -4.00122836e+000 6.70013717e+001 2.39985721e+001 1.01599369e+003 1.01299296e+003 5.00052524e+000 2.00068098e+000 1.39971439e+001 0.00000000e+000 0.00000000e+000 0.00000000e+000 1.00000000e+000
 1.00000000e+000 1.60047068e+001 6.00763978e+000 3.99555034e+000 -4.66531616e-003 8.69946779e+001 3.40075309e+001 1.01600507e+003 1.01299064e+003 4.00785291e+000 9.96110190e-001 2.29896535e+001 0.00000000e+000 0.00000000e+000 0.00000000e+000 1.00000000e+000
 1.00000000e+000 1.60044608e+001 4.00143653e+000 4.00494330e+000 -4.99551340e+000 8.09943041e+001 2.29995997e+001 1.01899125e+003 1.01399478e+003 3.99905545e+000 9.97358549e-001 2.59958014e+001 0.00000000e+000 0.00000000e+000 1.00000000e+000 0.00000000e+000
 1.00000000e+000 1.50048956e+001 1.99872674e+000 1.00332104e+000 -4.00101235e+000 8.69971576e+001 2.89971980e+001 1.01699857e+003 1.01299006e+003 4.00215823e+000 1.00070593e+000 1.59932488e+001 0.00000000e+000 0.00000000e+000 1.00000000e+000 0.00000000e+000
 1.00000000e+000 1.79954873e+001 6.00662148e+000 6.99184333e+000 -1.00440049e+000 8.20065023e+001 3.19963032e+001 1.01398081e+003 1.00898922e+003 4.99548031e+000 1.00201766e+000 2.10063565e+001 0.00000000e+000 0.00000000e+000 1.00000000e+000 0.00000000e+000
 1.00000000e+000 1.79973921e+001 5.00497496e+000 5.99805316e+000 -1.00375592e+000 9.30010938e+001 2.79967171e+001 1.01398874e+003 1.00898931e+003 4.99596523e+000 1.00068969e+000 1.89982169e+001 0.00000000e+000 0.00000000e+000 0.00000000e+000 1.00000000e+000
 1.00000000e+000 1.80012143e+001 4.00100982e+000 5.00077993e+000 -1.16356289e-003 9.30018751e+001 3.19974164e+001 1.01699345e+003 1.01299372e+003 4.00045792e+000 6.06991478e-004 2.29959589e+001 0.00000000e+000 0.00000000e+000 1.00000000e+000 0.00000000e+000
 1.00000000e+000 1.80206424e+001 4.01270615e+000 4.01963692e+000 -2.00252536e+000 9.29793021e+001 2.59910702e+001 1.01598809e+003 1.01296477e+003 3.99694538e+000 1.00720502e+000 1.39773064e+001 0.00000000e+000 0.00000000e+000 1.00000000e+000 0.00000000e+000
 1.00000000e+000 1.80043750e+001 4.99585844e+000 1.00050307e+001 -3.00147507e+000 8.19978768e+001 2.60009930e+001 1.01599902e+003 1.01099419e+003 2.99961413e+000 9.97865160e-001 1.39933299e+001 0.00000000e+000 0.00000000e+000 1.00000000e+000 0.00000000e+000
 1.00000000e+000 1.80027375e+001 1.00000551e+001 7.99928410e+000 2.99776900e+000 8.20015990e+001 4.19975673e+001 1.01299147e+003 1.00899187e+003 2.99975628e+000 2.00057478e+000 2.59975559e+001 0.00000000e+000 1.00000000e+000 0.00000000e+000 0.00000000e+000
 1.00000000e+000 1.99833739e+001 7.99642568e+000 1.20035371e+001 6.00023344e+000 9.99980156e+001 4.00043201e+001 1.01400328e+003 1.00999123e+003 3.99020765e+000 -6.40506937e-003 2.30099570e+001 0.00000000e+000 1.00000000e+000 0.00000000e+000 0.00000000e+000
 1.00000000e+000 1.60015675e+001 7.99941704e+000 1.19961977e+001 6.99777242e+000 1.00001327e+002 6.79970220e+001 1.01698922e+003 1.01299295e+003 1.99738525e+000 1.00394569e+000 2.09971176e+001 0.00000000e+000 0.00000000e+000 1.00000000e+000 0.00000000e+000
 1.00000000e+000 2.00069741e+001 7.00056031e+000 1.19999585e+001 -2.00288233e+000 1.00001007e+002 2.29995594e+001 1.01599319e+003 1.01199376e+003 2.99971537e+000 1.94677892e-003 1.39929472e+001 0.00000000e+000 0.00000000e+000 1.00000000e+000 0.00000000e+000
 1.00000000e+000 2.00101099e+001 8.99607972e+000 8.00120173e+000 -3.70284784e-003 8.69981187e+001 3.00023219e+001 1.01499519e+003 1.01099318e+003 3.99713558e+000 1.00028268e+000 1.89908101e+001 0.00000000e+000 0.00000000e+000 1.00000000e+000 0.00000000e+000
 1.00000000e+000 1.59969209e+001 1.00088634e+001 7.00513954e+000 2.99306095e+000 8.19906084e+001 4.19938622e+001 1.01698435e+003 1.01399048e+003 3.99881605e+000 9.99790357e-001 2.39998766e+001 0.00000000e+000 0.00000000e+000 0.00000000e+000 1.00000000e+000
 1.00000000e+000 1.70022218e+001 4.00182238e+000 5.99738081e+000 2.99591795e+000 1.00002387e+002 4.19971557e+001 1.01898938e+003 1.01399184e+003 3.99767888e+000 1.09524717e-003 3.39970734e+001 0.00000000e+000 0.00000000e+000 0.00000000e+000 1.00000000e+000
 1.00000000e+000 1.79941755e+001 3.99629851e+000 4.99763199e+000 -1.00985078e+000 9.29929101e+001 3.00021201e+001 1.01700248e+003 1.01399031e+003 5.98960733e+000 -7.50480528e-003 2.59915501e+001 0.00000000e+000 0.00000000e+000 1.00000000e+000 0.00000000e+000
 1.00000000e+000 1.90005482e+001 4.00271501e+000 3.99697759e+000 -5.00224892e+000 8.70030619e+001 1.89982045e+001 1.01798801e+003 1.01499077e+003 6.99870216e+000 1.00132781e+000 2.29998054e+001 0.00000000e+000 0.00000000e+000 1.00000000e+000 0.00000000e+000
 1.00000000e+000 1.89919805e+001 3.99367218e+000 2.97220925e+000 -5.00089053e+000 8.10189710e+001 1.89695409e+001 1.02004328e+003 1.01598364e+003 7.02426056e+000 1.01332926e+000 3.40078626e+001 0.00000000e+000 0.00000000e+000 0.00000000e+000 1.00000000e+000
 1.00000000e+000 2.10065413e+001 3.99600888e+000 -9.95809406e-001 -7.00187640e+000 6.50016638e+001 1.69980149e+001 1.01800113e+003 1.01499261e+003 5.00445543e+000 2.00046940e+000 3.39936794e+001 0.00000000e+000 0.00000000e+000 0.00000000e+000 1.00000000e+000
 1.00000000e+000 2.20059988e+001 4.99763850e+000 4.00264339e+000 -1.00113637e+000 7.00009067e+001 2.29998723e+001 1.01899568e+003 1.01499413e+003 6.00203763e+000 1.00019563e+000 1.89962193e+001 0.00000000e+000 0.00000000e+000 0.00000000e+000 1.00000000e+000
 1.00000000e+000 2.49975488e+001 7.00611480e+000 5.99454989e+000 -3.00206537e+000 8.10066827e+001 1.69991455e+001 1.01998378e+003 1.01599141e+003 5.99504026e+000 1.00137956e+000 2.60007590e+001 0.00000000e+000 0.00000000e+000 0.00000000e+000 1.00000000e+000
 1.00000000e+000 2.60113403e+001 7.99422581e+000 1.10049032e+001 2.99938568e+000 8.69979879e+001 2.29976386e+001 1.01700792e+003 1.01299525e+003 5.00904666e+000 1.00091209e+000 3.19889562e+001 0.00000000e+000 0.00000000e+000 0.00000000e+000 1.00000000e+000
 1.00000000e+000 2.60064760e+001 1.10054735e+001 1.10002459e+001 5.00317875e+000 8.80028619e+001 2.59963545e+001 1.01598787e+003 1.01199613e+003 4.00221305e+000 1.00273500e+000 2.29967573e+001 0.00000000e+000 0.00000000e+000 1.00000000e+000 0.00000000e+000
 1.00000000e+000 2.50081847e+001 9.99723522e+000 1.10141275e+001 5.00236985e+000 9.39975158e+001 2.79996684e+001 1.01499276e+003 1.01201592e+003 4.99808126e+000 -7.61549424e-004 1.89842621e+001 0.00000000e+000 0.00000000e+000 1.00000000e+000 0.00000000e+000
 1.00000000e+000 2.49908177e+001 1.10262686e+001 1.10032172e+001 2.99152360e+000 9.39845110e+001 2.40001027e+001 1.01597713e+003 1.01298448e+003 7.00974816e+000 9.99649474e-001 2.29888197e+001 0.00000000e+000 0.00000000e+000 1.00000000e+000 0.00000000e+000
 1.00000000e+000 2.60028673e+001 1.00002516e+001 8.99926695e+000 1.99770156e+000 8.20009667e+001 2.09994087e+001 1.01799236e+003 1.01399214e+003 5.00059491e+000 1.00054006e+000 1.39974559e+001 0.00000000e+000 0.00000000e+000 1.00000000e+000 0.00000000e+000
 1.00000000e+000 2.59966500e+001 1.29974690e+001 1.09923643e+001 4.01007368e+000 8.20093743e+001 2.60061926e+001 1.01898312e+003 1.01399148e+003 4.99949771e+000 9.98711470e-001 1.60055188e+001 0.00000000e+000 0.00000000e+000 1.00000000e+000 0.00000000e+000
 1.00000000e+000 2.70046639e+001 1.29920145e+001 1.60045660e+001 9.00151886e+000 8.19950875e+001 3.39953237e+001 1.01598369e+003 1.01099743e+003 3.99537120e+000 2.00192056e+000 3.70041954e+001 0.00000000e+000 0.00000000e+000 0.00000000e+000 1.00000000e+000
 1.00000000e+000 2.60086385e+001 1.69883074e+001 1.60113073e+001 1.19999160e+001 8.79906693e+001 4.20040112e+001 1.01401495e+003 1.01099752e+003 3.00277509e+000 9.96616704e-001 2.39889524e+001 0.00000000e+000 0.00000000e+000 0.00000000e+000 1.00000000e+000
 1.00000000e+000 2.50038835e+001 1.59985581e+001 1.49991535e+001 3.99471684e+000 8.20010483e+001 2.69926462e+001 1.01499007e+003 1.01198821e+003 3.99700488e+000 1.00731953e+000 2.29964793e+001 0.00000000e+000 0.00000000e+000 0.00000000e+000 1.00000000e+000
 1.00000000e+000 2.40061045e+001 1.19985165e+001 7.00414467e+000 1.99710198e+000 5.40003398e+001 2.40010130e+001 1.01499308e+003 1.01199618e+003 5.00043348e+000 1.99935766e+000 2.89954829e+001 0.00000000e+000 0.00000000e+000 0.00000000e+000 1.00000000e+000
 1.00000000e+000 3.20102487e+001 9.99066244e+000 5.00994919e+000 9.99338621e-001 7.09937759e+001 1.60009824e+001 1.01599721e+003 1.01199718e+003 4.00494034e+000 9.99040049e-001 2.69955867e+001 0.00000000e+000 0.00000000e+000 0.00000000e+000 1.00000000e+000
 1.00000000e+000 2.70008256e+001 9.99974298e+000 7.99881350e+000 9.97937929e-001 6.20016103e+001 1.79994655e+001 1.01699110e+003 1.01399138e+003 6.00072604e+000 1.00143352e+000 2.69964818e+001 0.00000000e+000 0.00000000e+000 0.00000000e+000 1.00000000e+000
 1.00000000e+000 2.99977058e+001 1.20037059e+001 8.99574722e+000 1.99671642e+000 6.70039353e+001 1.69968664e+001 1.01698787e+003 1.01198863e+003 4.99832177e+000 1.00175539e+000 2.59992102e+001 0.00000000e+000 0.00000000e+000 0.00000000e+000 1.00000000e+000
 1.00000000e+000 3.40041798e+001 1.59988557e+001 1.60062311e+001 4.98997324e+000 8.19910504e+001 1.59946352e+001 1.01200020e+003 1.00799343e+003 5.00132910e+000 1.00024168e+000 1.59934328e+001 0.00000000e+000 0.00000000e+000 0.00000000e+000 1.00000000e+000
 1.00000000e+000 3.40030723e+001 1.60006794e+001 1.69964021e+001 1.99735538e+000 9.99998666e+001 1.39989550e+001 1.01199040e+003 1.00899242e+003 4.00022198e+000 1.00160826e+000 1.39979021e+001 0.00000000e+000 0.00000000e+000 1.00000000e+000 0.00000000e+000
 1.00000000e+000 3.10045288e+001 1.79979887e+001 1.70015211e+001 1.29974152e+001 8.79984424e+001 3.29983433e+001 1.01399545e+003 1.00899317e+003 3.00132855e+000 1.00059179e+000 2.29948291e+001 0.00000000e+000 0.00000000e+000 1.00000000e+000 0.00000000e+000
 1.00000000e+000 3.30025239e+001 1.50002025e+001 1.69988562e+001 6.99749164e+000 8.80007024e+001 1.99996181e+001 1.01199215e+003 1.00799210e+003 4.00039632e+000 1.72158516e-003 2.09971791e+001 0.00000000e+000 0.00000000e+000 0.00000000e+000 1.00000000e+000
 1.00000000e+000 3.29986962e+001 1.70026889e+001 1.39990270e+001 4.99928216e+000 8.20033226e+001 1.69980785e+001 1.01198904e+003 1.00899217e+003 4.99922383e+000 1.87899941e-003 2.39978312e+001 0.00000000e+000 0.00000000e+000 1.00000000e+000 0.00000000e+000
 1.00000000e+000 3.49988157e+001 1.70034369e+001 1.69954399e+001 4.99730353e+000 7.70032504e+001 1.59983953e+001 1.01398763e+003 1.00999003e+003 4.99975224e+000 1.00193732e+000 2.30011875e+001 0.00000000e+000 0.00000000e+000 1.00000000e+000 0.00000000e+000
 1.00000000e+000 3.19978291e+001 2.00020014e+001 1.99989320e+001 1.40010742e+001 8.79979379e+001 3.69969063e+001 1.01498845e+003 1.01098255e+003 3.00109157e+000 1.00128818e+000 2.09958833e+001 0.00000000e+000 0.00000000e+000 0.00000000e+000 1.00000000e+000
 1.00000000e+000 3.10037334e+001 1.89988587e+001 2.09991344e+001 1.39982812e+001 9.40001506e+001 3.79980651e+001 1.01399223e+003 1.00999282e+003 3.00064203e+000 1.00078821e+000 1.59970897e+001 0.00000000e+000 0.00000000e+000 1.00000000e+000 0.00000000e+000
 1.00000000e+000 2.99988806e+001 1.59967529e+001 1.99981885e+001 6.99819229e+000 9.39988984e+001 2.50003602e+001 1.01598777e+003 1.01098457e+003 4.99926121e+000 -4.40582365e-004 2.30014515e+001 0.00000000e+000 0.00000000e+000 1.00000000e+000 0.00000000e+000
 1.00000000e+000 2.99997791e+001 1.60019093e+001 1.29977554e+001 6.99749716e+000 7.70026909e+001 2.49990618e+001 1.01698737e+003 1.01199108e+003 4.99877159e+000 1.00068647e+000 3.19990060e+001 0.00000000e+000 0.00000000e+000 1.00000000e+000 0.00000000e+000
 1.00000000e+000 3.10090908e+001 1.59960048e+001 1.30033152e+001 5.99728106e+000 8.19934500e+001 2.09999278e+001 1.01499908e+003 1.01099386e+003 5.00236395e+000 1.00199170e+000 2.69939844e+001 0.00000000e+000 0.00000000e+000 1.00000000e+000 0.00000000e+000
 1.00000000e+000 2.99994485e+001 2.00076546e+001 1.39924914e+001 7.99971337e+000 6.40071641e+001 2.49945802e+001 1.01498219e+003 1.01099346e+003 5.00154113e+000 2.00417216e+000 2.70007109e+001 0.00000000e+000 0.00000000e+000 1.00000000e+000 0.00000000e+000
 1.00000000e+000 2.60022090e+001 1.69998290e+001 1.39992605e+001 8.99772415e+000 8.20016346e+001 3.59977361e+001 1.01499098e+003 1.01099216e+003 4.99989134e+000 1.00088877e+000 2.29972904e+001 0.00000000e+000 0.00000000e+000 0.00000000e+000 1.00000000e+000
 1.00000000e+000 3.00017931e+001 1.39995975e+001 1.29982744e+001 5.00008194e+000 8.20024426e+001 2.00000862e+001 1.01599013e+003 1.01099231e+003 7.00036270e+000 1.00164351e+000 1.89993772e+001 0.00000000e+000 0.00000000e+000 1.00000000e+000 0.00000000e+000
 1.00000000e+000 3.09914309e+001 1.50160049e+001 1.29959476e+001 3.99240424e+000 7.69964274e+001 1.79968013e+001 1.01298897e+003 1.00798727e+003 6.99253036e+000 1.00071466e+000 2.69998004e+001 0.00000000e+000 0.00000000e+000 0.00000000e+000 1.00000000e+000
 1.00000000e+000 3.40034786e+001 1.79979170e+001 1.29988231e+001 7.99699932e+000 6.80005817e+001 1.99997558e+001 1.01199337e+003 1.00799198e+003 4.99890452e+000 1.00041306e+000 1.89959030e+001 0.00000000e+000 0.00000000e+000 0.00000000e+000 1.00000000e+000
 1.00000000e+000 3.60035381e+001 1.89996172e+001 1.30199119e+001 5.00839754e+000 6.79815207e+001 1.50052631e+001 1.01001936e+003 1.00499477e+003 4.98982112e+000 9.90762708e-001 2.70085251e+001 0.00000000e+000 0.00000000e+000 0.00000000e+000 1.00000000e+000
 1.00000000e+000 3.70009312e+001 2.00001707e+001 1.30001377e+001 1.99840896e+000 6.00012905e+001 1.09997479e+001 1.00799090e+003 1.00299182e+003 7.99995618e+000 1.00051312e+000 2.39976813e+001 0.00000000e+000 0.00000000e+000 0.00000000e+000 1.00000000e+000
 1.00000000e+000 3.40038256e+001 2.19942654e+001 1.70031789e+001 7.00321563e+000 5.69991457e+001 2.39993434e+001 1.00700162e+003 1.00298889e+003 4.00134126e+000 9.95472934e-001 2.29909987e+001 0.00000000e+000 0.00000000e+000 0.00000000e+000 1.00000000e+000
 1.00000000e+000 3.30018803e+001 1.99997212e+001 1.19996358e+001 7.99653675e+000 5.60025637e+001 2.19990927e+001 1.00899159e+003 1.00499122e+003 4.00005655e+000 2.00033449e+000 2.29972759e+001 0.00000000e+000 0.00000000e+000 0.00000000e+000 1.00000000e+000
 1.00000000e+000 3.30022424e+001 1.80051956e+001 1.39964538e+001 2.00055137e+000 7.70051251e+001 1.39985296e+001 1.00998793e+003 1.00599769e+003 7.00062085e+000 1.00253854e+000 2.89971448e+001 0.00000000e+000 0.00000000e+000 0.00000000e+000 1.00000000e+000
 1.00000000e+000 3.50040646e+001 1.59994101e+001 1.50015123e+001 3.00256620e+000 6.80042888e+001 1.40000651e+001 1.00999503e+003 1.00599984e+003 5.00201918e+000 2.00067583e+000 2.59966487e+001 0.00000000e+000 0.00000000e+000 0.00000000e+000 1.00000000e+000
 1.00000000e+000 3.39966480e+001 1.90056217e+001 1.49949747e+001 1.99875312e+000 7.80035765e+001 1.29973975e+001 1.01198537e+003 1.00699158e+003 4.99913184e+000 1.00204729e+000 2.30015445e+001 0.00000000e+000 0.00000000e+000 0.00000000e+000 1.00000000e+000
 1.00000000e+000 3.30081038e+001 1.69919053e+001 1.20072437e+001 5.99624169e+000 6.79920649e+001 2.00074959e+001 1.01200292e+003 1.00799035e+003 4.00451303e+000 9.96710928e-001 2.29929308e+001 0.00000000e+000 0.00000000e+000 1.00000000e+000 0.00000000e+000
 1.00000000e+000 3.40052580e+001 1.79992757e+001 1.19997064e+001 1.98565521e+000 6.40063934e+001 1.39958297e+001 1.01099702e+003 1.00699210e+003 4.99811926e+000 1.00370159e+000 2.09946555e+001 0.00000000e+000 0.00000000e+000 0.00000000e+000 1.00000000e+000
 1.00000000e+000 3.40040752e+001 1.89938656e+001 1.30156128e+001 6.00372989e+000 5.59973464e+001 1.69973034e+001 1.01201359e+003 1.00699700e+003 7.01445936e+000 9.97492056e-001 2.59861796e+001 0.00000000e+000 0.00000000e+000 0.00000000e+000 1.00000000e+000
 1.00000000e+000 3.50017062e+001 1.90000721e+001 1.30005071e+001 5.99748568e+000 6.40005805e+001 1.59988364e+001 1.00999372e+003 1.00599317e+003 5.00008969e+000 2.00053597e+000 2.59963292e+001 0.00000000e+000 0.00000000e+000 0.00000000e+000 1.00000000e+000
 1.00000000e+000 3.50008393e+001 2.10000638e+001 1.19997544e+001 3.99734591e+000 5.30023561e+001 1.49987615e+001 1.00799204e+003 1.00399236e+003 3.99997395e+000 1.00070318e+000 3.69966123e+001 0.00000000e+000 0.00000000e+000 0.00000000e+000 1.00000000e+000
 1.00000000e+000 3.49965585e+001 2.19990663e+001 1.30051749e+001 3.98433536e+000 4.99890916e+001 1.49923553e+001 1.00900137e+003 1.00498601e+003 4.99612994e+000 9.99324604e-001 2.39952936e+001 1.00000000e+000 0.00000000e+000 0.00000000e+000 0.00000000e+000
 1.00000000e+000 3.60004756e+001 1.99966632e+001 1.20010261e+001 3.99650181e+000 5.60007096e+001 1.40004325e+001 1.00999512e+003 1.00499074e+003 4.99914222e+000 9.99270218e-001 1.39975172e+001 0.00000000e+000 0.00000000e+000 0.00000000e+000 1.00000000e+000
 1.00000000e+000 3.50061225e+001 2.49940386e+001 1.10020961e+001 5.99531992e+000 3.59981531e+001 1.99977314e+001 1.00800067e+003 1.00299329e+003 4.00017545e+000 3.00103310e+000 2.69951558e+001 0.00000000e+000 0.00000000e+000 0.00000000e+000 1.00000000e+000
 1.00000000e+000 3.10032080e+001 1.90008082e+001 1.39970351e+001 6.99408605e+000 6.80065292e+001 2.50004813e+001 1.01198752e+003 1.00598824e+003 4.99903792e+000 2.00012967e+000 2.59961859e+001 0.00000000e+000 0.00000000e+000 0.00000000e+000 1.00000000e+000
 1.00000000e+000 3.50004190e+001 2.09966679e+001 1.40021942e+001 7.99862693e+000 5.69996632e+001 2.09988586e+001 1.01099741e+003 1.00499327e+003 4.99881210e+000 2.00013691e+000 2.59957568e+001 1.00000000e+000 0.00000000e+000 0.00000000e+000 0.00000000e+000
 1.00000000e+000 2.60044755e+001 1.80002652e+001 1.50017127e+001 9.99941802e+000 7.69968011e+001 4.19985171e+001 1.01299547e+003 1.00699281e+003 3.00503196e+000 1.99888347e+000 2.59984148e+001 0.00000000e+000 0.00000000e+000 0.00000000e+000 1.00000000e+000
 1.00000000e+000 2.90072288e+001 1.79955868e+001 1.50047144e+001 1.09982189e+001 7.79972774e+001 3.49995892e+001 1.01200037e+003 1.00699570e+003 5.00235294e+000 1.00001310e+000 2.69920744e+001 1.00000000e+000 0.00000000e+000 0.00000000e+000 0.00000000e+000
 1.00000000e+000 2.59997872e+001 1.70035754e+001 1.59968410e+001 1.20017612e+001 8.79987595e+001 4.39942214e+001 1.01600076e+003 1.00899619e+003 5.00559389e+000 3.00075636e+000 2.30013261e+001 1.00000000e+000 0.00000000e+000 0.00000000e+000 0.00000000e+000
 1.00000000e+000 2.80011695e+001 1.50005585e+001 1.49981879e+001 8.99717328e+000 8.20012310e+001 2.99973152e+001 1.01899108e+003 1.01499151e+003 6.00011794e+000 2.00100403e+000 2.29988855e+001 0.00000000e+000 1.00000000e+000 0.00000000e+000 0.00000000e+000
 1.00000000e+000 3.10044648e+001 1.69838792e+001 1.30029251e+001 7.00351730e+000 7.69992133e+001 2.19876767e+001 1.01599949e+003 1.01299338e+003 5.99666787e+000 1.00805620e+000 2.09917629e+001 1.00000000e+000 0.00000000e+000 0.00000000e+000 0.00000000e+000
 1.00000000e+000 3.39967426e+001 1.99995587e+001 1.40008331e+001 1.19998209e+001 6.39999030e+001 2.60000238e+001 1.01399486e+003 1.00899268e+003 5.99891214e+000 9.99404511e-001 3.39970492e+001 0.00000000e+000 0.00000000e+000 0.00000000e+000 1.00000000e+000
 1.00000000e+000 3.49987220e+001 2.00006031e+001 1.49983006e+001 1.09995730e+001 7.30047439e+001 2.29982478e+001 1.01199144e+003 1.00799130e+003 4.99995208e+000 1.00059182e+000 2.89981725e+001 0.00000000e+000 0.00000000e+000 0.00000000e+000 1.00000000e+000
 1.00000000e+000 3.60000632e+001 2.00004641e+001 1.49983226e+001 8.99753324e+000 6.80027704e+001 1.89973459e+001 1.01198974e+003 1.00699204e+003 4.99915835e+000 3.00092625e+000 2.89978066e+001 0.00000000e+000 0.00000000e+000 0.00000000e+000 1.00000000e+000
 1.00000000e+000 3.60018969e+001 2.30062882e+001 1.70009143e+001 1.30044751e+001 6.89992482e+001 2.69968783e+001 1.00799638e+003 1.00299615e+003 4.00475230e+000 2.99865440e+000 2.39939044e+001 0.00000000e+000 0.00000000e+000 0.00000000e+000 1.00000000e+000
 1.00000000e+000 3.60023738e+001 2.49987578e+001 1.70007418e+001 1.29974413e+001 5.40009744e+001 2.49983566e+001 1.00899400e+003 1.00499301e+003 4.00055358e+000 2.00045243e+000 4.19949949e+001 0.00000000e+000 0.00000000e+000 0.00000000e+000 1.00000000e+000
 1.00000000e+000 3.79949546e+001 2.50091492e+001 2.09934572e+001 6.99405412e+000 7.40010819e+001 1.59947494e+001 1.00798451e+003 1.00299030e+003 3.99398247e+000 2.00280728e+000 2.29981743e+001 0.00000000e+000 0.00000000e+000 0.00000000e+000 1.00000000e+000
 1.00000000e+000 3.90021181e+001 2.39989997e+001 1.60000020e+001 6.99688092e+000 6.10014553e+001 1.39989721e+001 1.00699314e+003 1.00299215e+003 7.00002841e+000 2.00055156e+000 2.89960456e+001 0.00000000e+000 1.00000000e+000 0.00000000e+000 0.00000000e+000
 1.00000000e+000 3.89890798e+001 2.70086177e+001 1.39945078e+001 8.99491495e+000 3.90014785e+001 1.59943846e+001 1.00698351e+003 1.00298328e+003 4.99320682e+000 2.00182370e+000 1.90004844e+001 0.00000000e+000 0.00000000e+000 0.00000000e+000 1.00000000e+000
 1.00000000e+000 3.69975931e+001 2.60011268e+001 1.69965245e+001 7.99749314e+000 5.40012572e+001 1.89982079e+001 1.00898812e+003 1.00299083e+003 4.00153477e+000 2.00056734e+000 3.40017212e+001 0.00000000e+000 0.00000000e+000 0.00000000e+000 1.00000000e+000
 1.00000000e+000 3.30022284e+001 2.19992928e+001 1.10008856e+001 5.99662583e+000 5.00008563e+001 1.79988103e+001 1.00999384e+003 1.00599280e+003 5.00004415e+000 4.00027317e+000 2.39954174e+001 0.00000000e+000 0.00000000e+000 0.00000000e+000 1.00000000e+000
 1.00000000e+000 3.59716114e+001 2.10313541e+001 1.19848061e+001 2.98304656e+000 5.60053280e+001 1.29814542e+001 1.00796271e+003 1.00397160e+003 6.97758366e+000 2.00283079e+000 3.20076579e+001 0.00000000e+000 0.00000000e+000 0.00000000e+000 1.00000000e+000
 1.00000000e+000 3.79985201e+001 2.30011640e+001 1.29972609e+001 2.99538363e+000 4.40026555e+001 1.10009728e+001 1.00898533e+003 1.00498869e+003 7.99408458e+000 1.99975065e+000 2.69979579e+001 0.00000000e+000 0.00000000e+000 0.00000000e+000 1.00000000e+000
 1.00000000e+000 4.00088251e+001 2.29945363e+001 1.00074701e+001 4.99785458e+000 3.79979072e+001 1.20009199e+001 1.00900386e+003 1.00499590e+003 5.00293635e+000 9.99320742e-001 2.29891920e+001 0.00000000e+000 0.00000000e+000 0.00000000e+000 1.00000000e+000
 1.00000000e+000 4.00040588e+001 2.39984087e+001 1.19996358e+001 3.99836451e+000 4.40028842e+001 1.09993009e+001 1.00699566e+003 1.00399499e+003 5.00073456e+000 2.00082679e+000 2.59939727e+001 0.00000000e+000 0.00000000e+000 0.00000000e+000 1.00000000e+000
 1.00000000e+000 4.10005000e+001 2.59982373e+001 1.20016294e+001 5.00062063e+000 3.90036790e+001 1.20005431e+001 1.00799845e+003 1.00499646e+003 5.00105246e+000 2.00002695e+000 2.69963215e+001 0.00000000e+000 0.00000000e+000 0.00000000e+000 1.00000000e+000
 1.00000000e+000 4.10050046e+001 2.59931663e+001 1.00066904e+001 4.00065820e+000 3.39947861e+001 1.09916046e+001 1.01000492e+003 1.00599952e+003 6.99609120e+000 2.00271322e+000 2.29880028e+001 0.00000000e+000 0.00000000e+000 0.00000000e+000 1.00000000e+000
 1.00000000e+000 4.10072377e+001 2.50016595e+001 1.20039710e+001 4.99690344e+000 3.60052533e+001 1.09949771e+001 1.00999097e+003 1.00499146e+003 4.99989304e+000 1.00186892e+000 3.39975025e+001 0.00000000e+000 0.00000000e+000 0.00000000e+000 1.00000000e+000
 1.00000000e+000 4.10004455e+001 2.79995208e+001 1.00022352e+001 3.99920727e+000 3.00007844e+001 1.19989801e+001 1.00899617e+003 1.00499412e+003 5.00023638e+000 2.00034466e+000 2.29966645e+001 0.00000000e+000 0.00000000e+000 0.00000000e+000 1.00000000e+000
 1.00000000e+000 4.10095934e+001 2.90018115e+001 1.10010851e+001 4.99264143e+000 2.90052010e+001 1.19892125e+001 1.00797877e+003 1.00299173e+003 5.00577083e+000 2.00477467e+000 2.59945412e+001 0.00000000e+000 0.00000000e+000 0.00000000e+000 1.00000000e+000
 1.00000000e+000 4.10013162e+001 2.59991686e+001 1.20022370e+001 3.99712477e+000 3.90003988e+001 1.09983541e+001 1.00399459e+003 9.99992498e+002 5.00012934e+000 1.00041214e+000 2.69955795e+001 0.00000000e+000 0.00000000e+000 0.00000000e+000 1.00000000e+000
 1.00000000e+000 4.09943175e+001 2.49976278e+001 9.99805637e+000 3.99738047e+000 3.40070737e+001 1.09977377e+001 1.00399268e+003 9.99991846e+002 4.99418310e+000 1.00059915e+000 2.70035932e+001 0.00000000e+000 0.00000000e+000 0.00000000e+000 1.00000000e+000
 1.00000000e+000 4.09994566e+001 2.60008261e+001 9.99611184e+000 3.99820301e+000 3.40071295e+001 1.09986183e+001 1.00399164e+003 9.99989034e+002 3.99632594e+000 2.00153378e+000 1.39949690e+001 0.00000000e+000 0.00000000e+000 0.00000000e+000 1.00000000e+000
 1.00000000e+000 4.29909115e+001 2.50068095e+001 9.99377412e+000 4.99789926e+000 3.60045809e+001 1.09982345e+001 1.00598950e+003 1.00098617e+003 4.99411234e+000 1.00190000e+000 1.89961063e+001 0.00000000e+000 0.00000000e+000 0.00000000e+000 1.00000000e+000
 1.00000000e+000 4.29985469e+001 2.80012839e+001 9.99867458e+000 4.99777164e+000 2.70044251e+001 1.09989081e+001 1.00398993e+003 9.98992109e+002 4.99823410e+000 2.00076426e+000 1.89989630e+001 0.00000000e+000 0.00000000e+000 0.00000000e+000 1.00000000e+000
 1.00000000e+000 4.09996394e+001 2.79998409e+001 1.10008620e+001 6.99570519e+000 2.90003467e+001 1.29999906e+001 1.00199661e+003 9.96991418e+002 2.99997212e+000 9.99691360e-001 2.59949002e+001 0.00000000e+000 0.00000000e+000 0.00000000e+000 1.00000000e+000
 1.00000000e+000 4.40125530e+001 2.59749084e+001 1.19988691e+001 3.98283783e+000 3.50309540e+001 9.01738816e+000 9.99994786e+002 9.96058415e+002 4.00328417e+000 9.89921659e-001 2.40513957e+001 0.00000000e+000 0.00000000e+000 0.00000000e+000 1.00000000e+000
 1.00000000e+000 4.39926267e+001 3.20115168e+001 7.99831558e+000 3.99337079e+000 2.10009959e+001 9.99747719e+000 1.00197926e+003 9.97989014e+002 2.98882215e+000 1.00104995e+000 2.69945435e+001 0.00000000e+000 0.00000000e+000 0.00000000e+000 1.00000000e+000
 1.00000000e+000 3.59789198e+001 2.60146504e+001 1.39707846e+001 6.00315098e+000 3.90184805e+001 1.60013679e+001 1.00596683e+003 9.99974514e+002 3.98373893e+000 1.00238875e+000 4.70096728e+001 0.00000000e+000 1.00000000e+000 0.00000000e+000 0.00000000e+000
 1.00000000e+000 3.90096831e+001 2.59948916e+001 1.09996428e+001 8.00865219e+000 3.60077026e+001 1.60051511e+001 1.00599450e+003 1.00099628e+003 5.00368420e+000 2.00072296e+000 3.39871940e+001 1.00000000e+000 0.00000000e+000 0.00000000e+000 0.00000000e+000
 1.00000000e+000 3.79927309e+001 2.80001863e+001 9.98914735e+000 6.99598029e+000 3.00065724e+001 1.50006832e+001 1.00698330e+003 1.00299157e+003 4.99725599e+000 3.00089232e+000 1.89997340e+001 0.00000000e+000 0.00000000e+000 0.00000000e+000 1.00000000e+000
 1.00000000e+000 4.00090210e+001 2.79876947e+001 1.00039165e+001 3.99755911e+000 3.20011847e+001 1.29967118e+001 1.00701689e+003 1.00199679e+003 4.00833109e+000 1.00052669e+000 3.69934823e+001 0.00000000e+000 0.00000000e+000 0.00000000e+000 1.00000000e+000
 1.00000000e+000 3.80014632e+001 2.69982988e+001 1.10053779e+001 8.00191775e+000 3.39969631e+001 1.70018281e+001 1.00799869e+003 1.00299217e+003 4.00046828e+000 2.99882301e+000 2.69932291e+001 0.00000000e+000 0.00000000e+000 0.00000000e+000 1.00000000e+000
 1.00000000e+000 3.70016125e+001 2.59992077e+001 1.10009263e+001 8.99856528e+000 3.90019109e+001 1.79982243e+001 1.00699394e+003 1.00299319e+003 5.00065700e+000 2.00064671e+000 2.69964925e+001 0.00000000e+000 0.00000000e+000 0.00000000e+000 1.00000000e+000
 1.00000000e+000 3.80020932e+001 2.49986375e+001 1.19947847e+001 8.99303951e+000 4.10023079e+001 1.69965589e+001 1.00698687e+003 1.00098874e+003 4.99951829e+000 2.00215950e+000 2.69954277e+001 1.00000000e+000 0.00000000e+000 0.00000000e+000 0.00000000e+000
 1.00000000e+000 4.00030547e+001 2.59986126e+001 1.30018649e+001 8.00078494e+000 3.89988763e+001 1.39995825e+001 1.00499806e+003 9.99993123e+002 4.99866149e+000 3.00022519e+000 2.59966597e+001 1.00000000e+000 0.00000000e+000 0.00000000e+000 0.00000000e+000
 1.00000000e+000 3.89979581e+001 2.70049707e+001 1.19997644e+001 9.99952239e+000 3.50037765e+001 1.79954373e+001 1.00698991e+003 1.00299317e+003 4.00072503e+000 3.00142739e+000 2.10010232e+001 0.00000000e+000 0.00000000e+000 0.00000000e+000 1.00000000e+000
 1.00000000e+000 3.49935543e+001 2.30078463e+001 1.99976505e+001 1.09983939e+001 6.49968095e+001 2.39956666e+001 1.01198851e+003 1.00297889e+003 3.99664959e+000 1.00141969e+000 3.49909147e+001 0.00000000e+000 0.00000000e+000 0.00000000e+000 1.00000000e+000
 1.00000000e+000 3.90035916e+001 2.49980392e+001 2.00020636e+001 1.39983504e+001 6.49985268e+001 2.19989022e+001 1.00599713e+003 1.00099421e+003 5.00036492e+000 2.00032392e+000 1.89949061e+001 1.00000000e+000 0.00000000e+000 0.00000000e+000 0.00000000e+000
 1.00000000e+000 4.10119708e+001 3.09963931e+001 1.80047157e+001 1.29912762e+001 4.29902296e+001 1.89997611e+001 1.00500258e+003 1.00000017e+003 2.99914211e+000 1.99884395e+000 2.39922191e+001 1.00000000e+000 0.00000000e+000 0.00000000e+000 0.00000000e+000
 1.00000000e+000 4.30007351e+001 2.60006080e+001 1.89973527e+001 1.19969429e+001 5.40012510e+001 1.69980808e+001 1.00199089e+003 9.95993493e+002 3.99961739e+000 2.00125087e+000 3.19961520e+001 1.00000000e+000 0.00000000e+000 0.00000000e+000 0.00000000e+000
 1.00000000e+000 3.80055382e+001 2.79950419e+001 2.09981219e+001 9.99825381e+000 4.59988343e+001 2.39969421e+001 1.00098577e+003 9.95993175e+002 3.00889648e+000 2.00670127e+000 2.69891340e+001 1.00000000e+000 0.00000000e+000 0.00000000e+000 0.00000000e+000
 1.00000000e+000 3.19934214e+001 2.19983238e+001 2.09917691e+001 1.19948534e+001 7.80011313e+001 3.50034777e+001 1.00697989e+003 9.99981005e+002 4.99143869e+000 2.99726512e+000 3.20070598e+001 1.00000000e+000 0.00000000e+000 0.00000000e+000 0.00000000e+000
 1.00000000e+000 2.90025799e+001 2.09961990e+001 2.09996266e+001 1.69963624e+001 8.29983392e+001 5.09965007e+001 1.00799432e+003 1.00199172e+003 5.00040713e+000 2.00012421e+000 2.69984385e+001 1.00000000e+000 0.00000000e+000 0.00000000e+000 0.00000000e+000
 1.00000000e+000 2.60020800e+001 1.70008907e+001 2.09997148e+001 1.69997883e+001 9.99977632e+001 5.69981506e+001 1.00599184e+003 1.00199327e+003 4.99866248e+000 1.00005825e+000 3.69954053e+001 1.00000000e+000 0.00000000e+000 0.00000000e+000 0.00000000e+000
 1.00000000e+000 2.90051840e+001 2.19994615e+001 2.20022733e+001 1.89968700e+001 8.79981429e+001 6.19941531e+001 1.00699259e+003 1.00099240e+003 5.00265240e+000 2.00037374e+000 2.69949092e+001 1.00000000e+000 0.00000000e+000 0.00000000e+000 0.00000000e+000
 1.00000000e+000 3.30000238e+001 2.10005565e+001 2.19971663e+001 1.89990657e+001 9.40014555e+001 4.89969056e+001 1.00698950e+003 1.00199077e+003 4.99787554e+000 1.99973956e+000 2.29985325e+001 1.00000000e+000 0.00000000e+000 0.00000000e+000 0.00000000e+000
 1.00000000e+000 3.29983364e+001 2.39952635e+001 2.00057758e+001 1.59977483e+001 7.29914226e+001 3.79966612e+001 1.00600407e+003 1.00199027e+003 4.99681986e+000 3.99896027e+000 2.29936370e+001 1.00000000e+000 0.00000000e+000 0.00000000e+000 0.00000000e+000
 1.00000000e+000 3.59936993e+001 2.50063365e+001 2.09903145e+001 1.59964984e+001 7.80049717e+001 3.59962781e+001 1.00497877e+003 1.00198666e+003 4.99452241e+000 2.00263046e+000 2.30021482e+001 1.00000000e+000 0.00000000e+000 0.00000000e+000 0.00000000e+000
 1.00000000e+000 3.39938989e+001 2.00110240e+001 2.09929577e+001 1.49982059e+001 7.80033304e+001 3.59937891e+001 1.01098012e+003 1.00298326e+003 7.99140913e+000 1.00310049e+000 4.70009284e+001 0.00000000e+000 0.00000000e+000 0.00000000e+000 1.00000000e+000
 1.00000000e+000 3.70020638e+001 2.50008573e+001 2.10012823e+001 1.29982240e+001 7.79982254e+001 2.90004359e+001 1.00699580e+003 1.00199300e+003 5.00421892e+000 1.99911332e+000 2.59959063e+001 1.00000000e+000 0.00000000e+000 0.00000000e+000 0.00000000e+000
 1.00000000e+000 3.59997671e+001 2.50016892e+001 1.79984786e+001 1.29982503e+001 6.50010254e+001 2.49986783e+001 1.00399294e+003 9.99994342e+002 3.99809385e+000 3.00060264e+000 1.59978795e+001 1.00000000e+000 0.00000000e+000 0.00000000e+000 0.00000000e+000
 1.00000000e+000 3.79992988e+001 2.60000090e+001 1.79961938e+001 9.99739381e+000 5.70032123e+001 2.40000595e+001 1.00398534e+003 1.00099235e+003 6.99749776e+000 2.00009084e+000 2.90044206e+001 1.00000000e+000 0.00000000e+000 0.00000000e+000 0.00000000e+000
 1.00000000e+000 3.70039980e+001 2.49961795e+001 1.80101288e+001 1.49935772e+001 5.69886706e+001 2.69978583e+001 1.00500706e+003 1.00099475e+003 6.99723365e+000 2.99711499e+000 2.29925902e+001 1.00000000e+000 0.00000000e+000 0.00000000e+000 0.00000000e+000
 1.00000000e+000 3.90002726e+001 2.49988410e+001 1.99993506e+001 1.19992643e+001 6.50003726e+001 2.89974979e+001 1.00299299e+003 9.98992992e+002 5.99770876e+000 1.00083397e+000 3.39970494e+001 0.00000000e+000 0.00000000e+000 0.00000000e+000 1.00000000e+000
 1.00000000e+000 3.69987938e+001 2.50026027e+001 1.99965474e+001 1.49976024e+001 6.50026078e+001 2.79974569e+001 1.00499044e+003 9.99993235e+002 5.99785248e+000 3.00112372e+000 1.59996776e+001 1.00000000e+000 0.00000000e+000 0.00000000e+000 0.00000000e+000
 1.00000000e+000 3.80062477e+001 2.49984500e+001 2.09989372e+001 9.99781869e+000 7.79977867e+001 2.89968719e+001 1.00399366e+003 9.99993371e+002 5.00088134e+000 2.00164915e+000 1.39942567e+001 0.00000000e+000 0.00000000e+000 0.00000000e+000 1.00000000e+000
 1.00000000e+000 3.30056814e+001 2.69954208e+001 2.10080424e+001 1.69966479e+001 6.09973884e+001 4.29963676e+001 1.00599984e+003 1.00299457e+003 7.00039151e+000 2.99749600e+000 2.09924378e+001 0.00000000e+000 0.00000000e+000 0.00000000e+000 1.00000000e+000
 1.00000000e+000 3.80020039e+001 2.69994520e+001 2.10008898e+001 1.89983929e+001 6.59992896e+001 3.29981315e+001 1.00599477e+003 1.00099322e+003 6.99999182e+000 4.00001399e+000 1.89963782e+001 0.00000000e+000 0.00000000e+000 0.00000000e+000 1.00000000e+000
 1.00000000e+000 3.49873575e+001 2.80149445e+001 2.19866838e+001 1.69974622e+001 7.00005655e+001 3.39961048e+001 1.00498373e+003 9.97985135e+002 6.99677398e+000 4.00107550e+000 2.59987741e+001 0.00000000e+000 0.00000000e+000 0.00000000e+000 1.00000000e+000
 1.00000000e+000 3.90005483e+001 2.69986843e+001 2.29929504e+001 1.70066566e+001 7.40084058e+001 2.70020809e+001 1.00098717e+003 9.95999119e+002 8.00615501e+000 3.00198611e+000 1.90105779e+001 0.00000000e+000 0.00000000e+000 0.00000000e+000 1.00000000e+000
 1.00000000e+000 3.20074711e+001 2.59925512e+001 2.20067622e+001 1.90021107e+001 7.79941825e+001 4.89996722e+001 1.00300536e+003 9.96998229e+002 7.00186645e+000 2.99615783e+000 2.89925822e+001 1.00000000e+000 0.00000000e+000 0.00000000e+000 0.00000000e+000
 1.00000000e+000 3.39829183e+001 2.59934216e+001 2.29926070e+001 2.09904129e+001 7.79996856e+001 4.90136341e+001 1.00499516e+003 9.98997953e+002 7.00567079e+000 3.99758933e+000 2.09923171e+001 0.00000000e+000 0.00000000e+000 0.00000000e+000 1.00000000e+000
 1.00000000e+000 3.30006280e+001 2.60006602e+001 2.29961412e+001 2.09990695e+001 7.80037315e+001 5.19985957e+001 1.00398882e+003 9.99993602e+002 6.99897864e+000 3.00050554e+000 2.30003953e+001 0.00000000e+000 1.00000000e+000 0.00000000e+000 0.00000000e+000
 1.00000000e+000 3.50032376e+001 2.59984509e+001 2.39997694e+001 1.99970690e+001 7.40014760e+001 4.69935714e+001 1.00399285e+003 9.98994616e+002 5.00440598e+000 4.00239401e+000 2.29930812e+001 0.00000000e+000 0.00000000e+000 0.00000000e+000 1.00000000e+000
 1.00000000e+000 3.50025413e+001 2.79986460e+001 2.49976457e+001 1.99991470e+001 7.40015161e+001 4.69993951e+001 1.00299236e+003 9.97991358e+002 5.00378149e+000 3.00133539e+000 1.90029330e+001 0.00000000e+000 0.00000000e+000 0.00000000e+000 1.00000000e+000
 1.00000000e+000 3.39945984e+001 2.90001544e+001 2.39971732e+001 2.09969820e+001 7.40007183e+001 4.89968560e+001 1.00199143e+003 9.96989096e+002 6.99698443e+000 2.99881436e+000 2.39981446e+001 1.00000000e+000 0.00000000e+000 0.00000000e+000 0.00000000e+000
 1.00000000e+000 3.19990462e+001 2.60007842e+001 2.49974441e+001 2.19970040e+001 8.90006943e+001 5.89971174e+001 9.99989669e+002 9.95991601e+002 6.99820771e+000 1.00039446e+000 2.29998312e+001 0.00000000e+000 0.00000000e+000 0.00000000e+000 1.00000000e+000
 1.00000000e+000 3.49996150e+001 2.59985441e+001 2.39945808e+001 2.09915278e+001 8.40029533e+001 4.59939243e+001 9.96992979e+002 9.92994951e+002 4.99986818e+000 3.00157992e+000 2.30037027e+001 1.00000000e+000 0.00000000e+000 0.00000000e+000 0.00000000e+000
 1.00000000e+000 3.00008137e+001 2.59994677e+001 2.80011905e+001 2.19977416e+001 9.39975815e+001 6.59955281e+001 9.97993474e+002 9.92996446e+002 4.99916078e+000 2.00180051e+000 1.39956788e+001 1.00000000e+000 0.00000000e+000 0.00000000e+000 0.00000000e+000
 1.00000000e+000 2.80040399e+001 2.49973681e+001 2.50015130e+001 2.19984143e+001 9.39970289e+001 7.79964291e+001 9.98996137e+002 9.93993539e+002 4.00012540e+000 9.99950546e-001 1.39956938e+001 1.00000000e+000 0.00000000e+000 0.00000000e+000 0.00000000e+000
 1.00000000e+000 3.29964320e+001 2.60070554e+001 2.49986905e+001 2.20015620e+001 8.39939019e+001 5.89910219e+001 9.96992543e+002 9.92990874e+002 4.99714793e+000 2.00122004e+000 1.59961311e+001 0.00000000e+000 1.00000000e+000 0.00000000e+000 0.00000000e+000
 1.00000000e+000 3.40096862e+001 2.59994297e+001 2.40110251e+001 2.19999981e+001 8.89985335e+001 5.19926640e+001 9.97994174e+002 9.94997411e+002 1.00041323e+001 2.99780670e+000 1.89901905e+001 0.00000000e+000 1.00000000e+000 0.00000000e+000 0.00000000e+000
 1.00000000e+000 3.30057450e+001 2.69971238e+001 2.40065390e+001 2.19950373e+001 7.89918350e+001 5.19957382e+001 1.00000108e+003 9.96993610e+002 9.99994423e+000 3.99957160e+000 2.29899334e+001 0.00000000e+000 0.00000000e+000 0.00000000e+000 1.00000000e+000
 1.00000000e+000 3.40058546e+001 2.39953851e+001 2.40035870e+001 1.79983120e+001 8.39962873e+001 4.59983897e+001 1.00299973e+003 9.96994699e+002 8.00124795e+000 1.99972354e+000 1.89938222e+001 0.00000000e+000 0.00000000e+000 0.00000000e+000 1.00000000e+000
 1.00000000e+000 3.30008649e+001 2.59999543e+001 2.39976529e+001 1.99982570e+001 8.90016556e+001 5.19986283e+001 1.00299086e+003 9.98992426e+002 4.99796843e+000 3.00063643e+000 1.89984625e+001 0.00000000e+000 1.00000000e+000 0.00000000e+000 0.00000000e+000
 1.00000000e+000 3.29981634e+001 2.79991494e+001 2.39976623e+001 1.69968634e+001 6.99996230e+001 4.59913334e+001 1.00298640e+003 9.98990251e+002 6.99528158e+000 3.00245990e+000 2.29989338e+001 0.00000000e+000 0.00000000e+000 0.00000000e+000 1.00000000e+000
 1.00000000e+000 3.60057336e+001 2.79953769e+001 2.50044169e+001 2.09980621e+001 7.39956719e+001 4.09983556e+001 1.00200043e+003 9.96994207e+002 4.00192608e+000 1.99973824e+000 2.39925311e+001 0.00000000e+000 0.00000000e+000 0.00000000e+000 1.00000000e+000
 1.00000000e+000 3.30001261e+001 2.40001535e+001 2.49978221e+001 1.79976371e+001 7.90012409e+001 4.29966310e+001 1.00199161e+003 9.97991177e+002 3.99902885e+000 1.00113606e+000 2.89970834e+001 0.00000000e+000 0.00000000e+000 0.00000000e+000 1.00000000e+000
 1.00000000e+000 3.30026890e+001 2.69995485e+001 2.40025258e+001 1.99988655e+001 7.39952149e+001 5.19955475e+001 1.00299631e+003 9.99993549e+002 4.00478582e+000 2.00096318e+000 3.39971720e+001 1.00000000e+000 0.00000000e+000 0.00000000e+000 0.00000000e+000
 1.00000000e+000 3.69932067e+001 2.80523423e+001 2.50092269e+001 2.00384625e+001 7.89868876e+001 3.89753218e+001 1.00198988e+003 9.98024176e+002 4.03396662e+000 2.01373761e+000 1.29858017e+001 1.00000000e+000 0.00000000e+000 0.00000000e+000 0.00000000e+000
 1.00000000e+000 3.20014995e+001 2.59987361e+001 2.50016098e+001 2.09975089e+001 7.89976189e+001 5.79980779e+001 1.00199686e+003 9.97993100e+002 3.99738198e+000 2.99747517e+000 2.29951293e+001 0.00000000e+000 0.00000000e+000 0.00000000e+000 1.00000000e+000
 1.00000000e+000 3.20028481e+001 2.50029054e+001 2.39990473e+001 1.99919236e+001 8.29964666e+001 5.49901205e+001 1.00299093e+003 9.97991597e+002 3.99919942e+000 2.00344459e+000 1.89958148e+001 0.00000000e+000 0.00000000e+000 0.00000000e+000 1.00000000e+000
 1.00000000e+000 3.39961914e+001 2.20119731e+001 2.49999053e+001 1.79935105e+001 8.89880061e+001 4.59768746e+001 1.00098722e+003 9.96985280e+002 4.00128526e+000 7.68680251e-003 7.09832438e+001 0.00000000e+000 1.00000000e+000 0.00000000e+000 0.00000000e+000
 1.00000000e+000 3.50034253e+001 2.59970751e+001 2.40030482e+001 2.09998624e+001 8.29944384e+001 4.59949270e+001 1.00100051e+003 9.96994476e+002 6.00242617e+000 3.00106158e+000 1.39924990e+001 1.00000000e+000 0.00000000e+000 0.00000000e+000 0.00000000e+000
 1.00000000e+000 3.49998889e+001 2.70058505e+001 2.39941165e+001 2.19998440e+001 8.40059902e+001 4.69930657e+001 1.00098655e+003 9.97988731e+002 4.99732081e+000 3.00393793e+000 1.60060427e+001 0.00000000e+000 0.00000000e+000 0.00000000e+000 1.00000000e+000
 1.00000000e+000 3.69982694e+001 2.70016840e+001 2.39965050e+001 1.99978950e+001 8.40012972e+001 4.09974108e+001 1.00098910e+003 9.96990815e+002 4.99710515e+000 4.00061264e+000 1.60000257e+001 0.00000000e+000 0.00000000e+000 0.00000000e+000 1.00000000e+000
 1.00000000e+000 3.80040036e+001 2.79983802e+001 2.40004689e+001 1.99982117e+001 7.39993116e+001 4.19989548e+001 9.99997023e+002 9.95994380e+002 5.00035138e+000 3.00011167e+000 2.29951729e+001 0.00000000e+000 0.00000000e+000 0.00000000e+000 1.00000000e+000
 1.00000000e+000 3.69988416e+001 2.70012639e+001 2.49971635e+001 1.99967739e+001 7.90001902e+001 3.89975409e+001 9.99989948e+002 9.95991319e+002 3.99775948e+000 2.00085394e+000 2.59985908e+001 0.00000000e+000 0.00000000e+000 0.00000000e+000 1.00000000e+000
 1.00000000e+000 3.29927895e+001 2.80077786e+001 2.59954531e+001 1.99927768e+001 7.89998837e+001 4.59945384e+001 9.98976429e+002 9.95984128e+002 3.99843818e+000 3.00615522e+000 2.69988535e+001 0.00000000e+000 0.00000000e+000 0.00000000e+000 1.00000000e+000
 1.00000000e+000 2.90066384e+001 2.69920646e+001 2.49968211e+001 2.09997751e+001 7.90101133e+001 6.59996332e+001 1.00098132e+003 9.96990213e+002 3.98776437e+000 2.99478207e+000 2.30029773e+001 0.00000000e+000 0.00000000e+000 0.00000000e+000 1.00000000e+000
 1.00000000e+000 3.20020547e+001 2.59930799e+001 2.40062839e+001 2.10008412e+001 8.89918534e+001 5.49929391e+001 1.00000339e+003 9.95997182e+002 4.00473278e+000 1.99911873e+000 1.90006251e+001 0.00000000e+000 0.00000000e+000 0.00000000e+000 1.00000000e+000
 1.00000000e+000 3.29995938e+001 2.70010510e+001 2.49980293e+001 2.09978223e+001 8.39996884e+001 5.49966182e+001 9.99990878e+002 9.95991032e+002 4.99797441e+000 2.00075781e+000 1.39980840e+001 1.00000000e+000 0.00000000e+000 0.00000000e+000 0.00000000e+000
 1.00000000e+000 3.29904807e+001 2.50033262e+001 2.49879060e+001 2.00081990e+001 8.90064168e+001 5.49998590e+001 1.00198566e+003 9.98978247e+002 4.99665165e+000 2.00157844e+000 2.59978587e+001 1.00000000e+000 0.00000000e+000 0.00000000e+000 0.00000000e+000
 1.00000000e+000 3.30074283e+001 2.59942481e+001 2.50048610e+001 2.19986079e+001 9.39945542e+001 5.49983027e+001 1.00300194e+003 9.98995506e+002 4.00252030e+000 2.99942183e+000 2.09927734e+001 1.00000000e+000 0.00000000e+000 0.00000000e+000 0.00000000e+000
 1.00000000e+000 3.39985684e+001 2.69985330e+001 2.49945784e+001 2.10002258e+001 8.40004836e+001 4.89958680e+001 1.00098760e+003 9.95984834e+002 4.00018830e+000 3.00100349e+000 2.40021177e+001 0.00000000e+000 0.00000000e+000 0.00000000e+000 1.00000000e+000
 1.00000000e+000 3.20061979e+001 2.49977359e+001 2.60000883e+001 2.19941810e+001 9.39997599e+001 6.20005056e+001 9.98993171e+002 9.94989487e+002 4.00017310e+000 2.99805702e+000 2.09955320e+001 0.00000000e+000 0.00000000e+000 0.00000000e+000 1.00000000e+000
 1.00000000e+000 3.10064146e+001 2.39978684e+001 2.50032286e+001 2.10026038e+001 9.39962168e+001 6.19978379e+001 1.00199793e+003 9.97998099e+002 4.00369414e+000 4.00217887e+000 2.29926589e+001 1.00000000e+000 0.00000000e+000 0.00000000e+000 0.00000000e+000
 1.00000000e+000 3.29969048e+001 2.30110548e+001 2.69932517e+001 1.99956884e+001 9.40065233e+001 5.49926521e+001 1.00298817e+003 9.99989003e+002 4.00048748e+000 1.99901109e+000 2.29995324e+001 0.00000000e+000 0.00000000e+000 0.00000000e+000 1.00000000e+000
 1.00000000e+000 3.49946444e+001 2.49963627e+001 2.49972445e+001 2.19994268e+001 9.39950470e+001 4.89975734e+001 1.00298833e+003 9.97981825e+002 4.00136454e+000 2.99793174e+000 2.40123907e+001 1.00000000e+000 0.00000000e+000 0.00000000e+000 0.00000000e+000
 1.00000000e+000 3.39989897e+001 2.70012143e+001 2.29974605e+001 1.99978535e+001 7.90008129e+001 4.89970392e+001 1.00099034e+003 9.96991888e+002 3.99827532e+000 3.00076297e+000 2.29992888e+001 1.00000000e+000 0.00000000e+000 0.00000000e+000 0.00000000e+000
 1.00000000e+000 3.39867055e+001 2.80030543e+001 2.39858021e+001 1.99982739e+001 6.60068339e+001 4.89977427e+001 1.00098051e+003 9.96983090e+002 4.99086815e+000 3.00112958e+000 2.40103420e+001 0.00000000e+000 0.00000000e+000 0.00000000e+000 1.00000000e+000
 1.00000000e+000 3.50012461e+001 2.69993330e+001 2.39999851e+001 1.99978465e+001 7.39996945e+001 4.39972192e+001 1.00199283e+003 9.98993074e+002 3.99951766e+000 3.00037896e+000 1.89977222e+001 0.00000000e+000 0.00000000e+000 0.00000000e+000 1.00000000e+000
 1.00000000e+000 3.60016707e+001 2.79986691e+001 2.39989047e+001 1.89978422e+001 6.99999580e+001 3.89987626e+001 1.00099325e+003 9.97992303e+002 3.99687122e+000 2.99954387e+000 2.29983695e+001 0.00000000e+000 0.00000000e+000 0.00000000e+000 1.00000000e+000
 1.00000000e+000 3.30096642e+001 2.49929488e+001 2.40062578e+001 1.89983833e+001 8.29944002e+001 4.89989320e+001 1.00300623e+003 9.99997407e+002 5.00146920e+000 1.99912852e+000 2.39895905e+001 0.00000000e+000 0.00000000e+000 0.00000000e+000 1.00000000e+000
 1.00000000e+000 3.29940448e+001 2.50048075e+001 2.49985251e+001 1.89973196e+001 9.39954466e+001 5.09928013e+001 1.00398926e+003 9.98984356e+002 3.99469246e+000 3.00177698e+000 2.09948936e+001 1.00000000e+000 0.00000000e+000 0.00000000e+000 0.00000000e+000
 1.00000000e+000 3.39998386e+001 2.70006592e+001 2.29982158e+001 1.89976537e+001 7.39997279e+001 4.29973539e+001 1.00199181e+003 9.96992666e+002 4.99906429e+000 3.00053776e+000 2.29992383e+001 1.00000000e+000 0.00000000e+000 0.00000000e+000 0.00000000e+000
 1.00000000e+000 3.60007713e+001 2.79995027e+001 2.39997556e+001 1.89979708e+001 6.99994852e+001 3.89980044e+001 1.00099342e+003 9.96992926e+002 4.99941031e+000 3.00035073e+000 2.69975854e+001 0.00000000e+000 1.00000000e+000 0.00000000e+000 0.00000000e+000
 1.00000000e+000 3.60044301e+001 2.89910017e+001 2.39908555e+001 1.90042403e+001 7.00135796e+001 3.89994303e+001 1.00098015e+003 9.97000969e+002 4.00416341e+000 3.00204724e+000 2.30130342e+001 0.00000000e+000 0.00000000e+000 0.00000000e+000 1.00000000e+000
 1.00000000e+000 3.49963344e+001 2.80038776e+001 2.49931015e+001 1.59985999e+001 7.90046221e+001 4.39972907e+001 9.98992161e+002 9.94987430e+002 3.99681875e+000 2.00152969e+000 2.59964889e+001 0.00000000e+000 1.00000000e+000 0.00000000e+000 0.00000000e+000
 1.00000000e+000 3.39933521e+001 2.49890733e+001 2.79975265e+001 1.99988593e+001 8.89995765e+001 6.19929754e+001 9.99993678e+002 9.96994659e+002 3.99084469e+000 2.00465234e+000 1.90003530e+001 0.00000000e+000 0.00000000e+000 0.00000000e+000 1.00000000e+000
 1.00000000e+000 3.20017953e+001 2.59990649e+001 2.60000929e+001 2.39982846e+001 9.39983276e+001 6.19972901e+001 1.00099388e+003 9.97993065e+002 4.99935919e+000 2.00019545e+000 2.29970695e+001 0.00000000e+000 0.00000000e+000 0.00000000e+000 1.00000000e+000
 1.00000000e+000 3.40036734e+001 2.59970538e+001 2.60021150e+001 2.30002475e+001 9.39969761e+001 5.19982797e+001 1.00099806e+003 9.97994337e+002 5.00120264e+000 2.99987288e+000 1.89953270e+001 1.00000000e+000 0.00000000e+000 0.00000000e+000 0.00000000e+000
 1.00000000e+000 3.50021693e+001 2.69981683e+001 2.59979682e+001 2.29981394e+001 9.39997487e+001 4.89944823e+001 1.00099501e+003 9.96988513e+002 4.99846513e+000 4.00161642e+000 2.29963106e+001 0.00000000e+000 0.00000000e+000 0.00000000e+000 1.00000000e+000
 1.00000000e+000 3.39956517e+001 2.70089148e+001 2.59888160e+001 2.19889057e+001 8.89955288e+001 4.89929290e+001 1.00097806e+003 9.96980331e+002 4.99922081e+000 4.00318135e+000 2.29976743e+001 0.00000000e+000 0.00000000e+000 0.00000000e+000 1.00000000e+000
 1.00000000e+000 3.09966901e+001 2.69986107e+001 2.59984038e+001 2.30022831e+001 8.90000189e+001 6.99941933e+001 1.00299997e+003 9.98991371e+002 4.99676144e+000 1.99797475e+000 2.30015059e+001 0.00000000e+000 0.00000000e+000 0.00000000e+000 1.00000000e+000
 1.00000000e+000 3.29973312e+001 2.60000609e+001 2.59975274e+001 2.20006096e+001 9.39973841e+001 5.19963333e+001 1.00298709e+003 9.99986971e+002 5.00456011e+000 3.00112874e+000 2.40049565e+001 0.00000000e+000 1.00000000e+000 0.00000000e+000 0.00000000e+000
 1.00000000e+000 3.29980028e+001 2.60016404e+001 2.59977448e+001 2.19979874e+001 8.40010363e+001 5.49971555e+001 1.00299013e+003 9.99990553e+002 3.99767377e+000 3.00031185e+000 2.39991041e+001 0.00000000e+000 1.00000000e+000 0.00000000e+000 0.00000000e+000
 1.00000000e+000 3.40004917e+001 2.69995955e+001 2.49986996e+001 2.09981670e+001 8.89988977e+001 5.49967397e+001 1.00299362e+003 9.99992628e+002 3.99981474e+000 2.00088601e+000 2.29983450e+001 0.00000000e+000 0.00000000e+000 0.00000000e+000 1.00000000e+000
 1.00000000e+000 3.19999309e+001 2.49989864e+001 2.50009558e+001 2.09998733e+001 9.39938751e+001 5.79988456e+001 1.00300032e+003 9.99994709e+002 4.00026436e+000 2.99822401e+000 2.59984983e+001 1.00000000e+000 0.00000000e+000 0.00000000e+000 0.00000000e+000
 1.00000000e+000 3.09979451e+001 2.50027688e+001 2.49975392e+001 2.09963843e+001 9.39986005e+001 6.99947824e+001 1.00498965e+003 9.99990021e+002 6.99714499e+000 2.00091112e+000 1.09992569e+001 1.00000000e+000 0.00000000e+000 0.00000000e+000 0.00000000e+000
 1.00000000e+000 3.40001143e+001 2.50001443e+001 2.49981789e+001 2.09980041e+001 9.39998144e+001 5.79973346e+001 1.00199189e+003 9.95991721e+002 4.99787015e+000 2.00030826e+000 2.29985514e+001 0.00000000e+000 1.00000000e+000 0.00000000e+000 0.00000000e+000
 1.00000000e+000 3.00006464e+001 2.50007101e+001 2.59999319e+001 1.99979344e+001 9.39966124e+001 6.19966050e+001 9.98996023e+002 9.94991468e+002 4.99861731e+000 2.99925066e+000 2.69956176e+001 1.00000000e+000 0.00000000e+000 0.00000000e+000 0.00000000e+000
 1.00000000e+000 2.80094927e+001 2.60018574e+001 2.49983116e+001 2.39897904e+001 9.40035014e+001 8.40007332e+001 9.99989006e+002 9.95990701e+002 4.00380591e+000 2.00079236e+000 1.59899816e+001 0.00000000e+000 1.00000000e+000 0.00000000e+000 0.00000000e+000
 1.00000000e+000 3.30000812e+001 2.60002373e+001 2.49977332e+001 2.39975595e+001 9.39998184e+001 5.89972926e+001 9.98991343e+002 9.94991917e+002 6.99812405e+000 2.00128112e+000 1.59981531e+001 1.00000000e+000 0.00000000e+000 0.00000000e+000 0.00000000e+000
 1.00000000e+000 3.29956811e+001 2.60026295e+001 2.79951927e+001 2.49969051e+001 1.00000733e+002 6.29961426e+001 9.98987386e+002 9.94989613e+002 3.99551591e+000 1.00094342e+000 1.30017071e+001 0.00000000e+000 0.00000000e+000 0.00000000e+000 1.00000000e+000
 1.00000000e+000 3.40019201e+001 2.70034363e+001 2.69981668e+001 2.29966886e+001 9.39998522e+001 5.19995869e+001 9.97994072e+002 9.94990275e+002 5.00029496e+000 1.99903240e+000 2.59993825e+001 1.00000000e+000 0.00000000e+000 0.00000000e+000 0.00000000e+000
 1.00000000e+000 3.00031413e+001 2.79985246e+001 2.59987442e+001 2.39970447e+001 8.89991031e+001 6.99946487e+001 9.98990893e+002 9.95992254e+002 1.00000865e+001 3.00185089e+000 2.69963251e+001 0.00000000e+000 0.00000000e+000 0.00000000e+000 1.00000000e+000
 1.00000000e+000 2.99995435e+001 2.60005237e+001 2.59970543e+001 2.49971454e+001 9.39997787e+001 7.39967640e+001 1.00098999e+003 9.97990784e+002 3.99807764e+000 2.00031806e+000 2.39995141e+001 0.00000000e+000 1.00000000e+000 0.00000000e+000 0.00000000e+000
 1.00000000e+000 3.09996158e+001 2.50033716e+001 2.59999917e+001 2.39968628e+001 9.39975166e+001 6.99982502e+001 9.99986245e+002 9.96993678e+002 4.99703445e+000 1.00047594e+000 2.10003862e+001 1.00000000e+000 0.00000000e+000 0.00000000e+000 0.00000000e+000
 1.00000000e+000 2.99985048e+001 2.60017236e+001 2.59954671e+001 2.29971286e+001 1.00000949e+002 6.99968530e+001 9.99986915e+002 9.95991149e+002 3.99594229e+000 3.00036209e+000 1.90005656e+001 1.00000000e+000 0.00000000e+000 0.00000000e+000 0.00000000e+000
 1.00000000e+000 3.20003069e+001 2.60003728e+001 2.49980215e+001 2.39972766e+001 9.39994789e+001 6.19966100e+001 1.00099152e+003 9.97992199e+002 3.99817173e+000 3.00041088e+000 1.39986458e+001 0.00000000e+000 1.00000000e+000 0.00000000e+000 0.00000000e+000
 1.00000000e+000 3.19949775e+001 2.60013636e+001 2.49972748e+001 2.29965835e+001 8.90001461e+001 6.19964983e+001 1.00299236e+003 9.99990374e+002 3.99658528e+000 3.00000029e+000 2.59967354e+001 0.00000000e+000 0.00000000e+000 0.00000000e+000 1.00000000e+000
 1.00000000e+000 3.29899488e+001 2.70087550e+001 2.69912778e+001 2.19958002e+001 8.90087933e+001 5.89946246e+001 1.00397774e+003 9.99987582e+002 5.99232685e+000 3.00004082e+000 2.30028077e+001 0.00000000e+000 1.00000000e+000 0.00000000e+000 0.00000000e+000
 1.00000000e+000 3.29963364e+001 2.70030659e+001 2.49945020e+001 2.09987556e+001 7.90002314e+001 5.49979994e+001 1.00398890e+003 1.00098461e+003 4.99697770e+000 3.00030496e+000 2.39979092e+001 0.00000000e+000 1.00000000e+000 0.00000000e+000 0.00000000e+000
 1.00000000e+000 3.29844480e+001 2.60104146e+001 2.29814834e+001 2.09931085e+001 7.80116384e+001 5.19925094e+001 1.00596481e+003 1.00298494e+003 6.99088680e+000 4.00324798e+000 1.82010006e+002 0.00000000e+000 0.00000000e+000 0.00000000e+000 1.00000000e+000
 1.00000000e+000 2.99942668e+001 2.69998252e+001 2.29963098e+001 2.10016338e+001 7.40023593e+001 5.80039984e+001 1.00599150e+003 1.00299435e+003 4.99680610e+000 2.99820029e+000 1.60025078e+001 0.00000000e+000 0.00000000e+000 0.00000000e+000 1.00000000e+000
 1.00000000e+000 3.10065083e+001 2.79978912e+001 2.60012897e+001 2.19965397e+001 8.89975177e+001 6.19995226e+001 1.00599692e+003 1.00299248e+003 5.00312449e+000 1.99937663e+000 1.89938187e+001 0.00000000e+000 1.00000000e+000 0.00000000e+000 0.00000000e+000
 1.00000000e+000 3.39987036e+001 2.70045994e+001 2.49973777e+001 2.19998072e+001 8.89995409e+001 4.89940931e+001 1.00598723e+003 1.00298933e+003 2.99975599e+000 1.00150343e+000 2.29985814e+001 0.00000000e+000 1.00000000e+000 0.00000000e+000 0.00000000e+000
 1.00000000e+000 3.50014089e+001 2.79999262e+001 2.59995423e+001 2.19976407e+001 8.39993520e+001 4.89975094e+001 1.00699203e+003 1.00299104e+003 2.99988557e+000 1.00063238e+000 1.29977721e+001 1.00000000e+000 0.00000000e+000 0.00000000e+000 0.00000000e+000
 1.00000000e+000 3.50009603e+001 2.89998272e+001 2.59982503e+001 1.99974907e+001 8.40003308e+001 4.39980597e+001 1.00699020e+003 1.00198967e+003 2.99952836e+000 1.00081222e+000 1.09984535e+001 0.00000000e+000 0.00000000e+000 0.00000000e+000 1.00000000e+000
 1.00000000e+000 3.50012027e+001 2.79987903e+001 2.60005853e+001 1.99974958e+001 7.89969843e+001 4.39966321e+001 1.00599535e+003 1.00199104e+003 2.99858287e+000 2.00080380e+000 1.39955127e+001 0.00000000e+000 0.00000000e+000 0.00000000e+000 1.00000000e+000
 1.00000000e+000 3.59946486e+001 2.80085065e+001 2.50010323e+001 1.70019731e+001 8.39973927e+001 3.39965130e+001 1.00899517e+003 1.00099315e+003 4.00106290e+000 3.00000590e+000 1.90013857e+001 0.00000000e+000 0.00000000e+000 0.00000000e+000 1.00000000e+000
 1.00000000e+000 3.59983218e+001 2.80021289e+001 2.59956586e+001 1.79969657e+001 7.50020791e+001 3.79975210e+001 1.00398672e+003 9.99989192e+002 7.99818010e+000 3.00120040e+000 3.40002525e+001 0.00000000e+000 0.00000000e+000 0.00000000e+000 1.00000000e+000
 1.00000000e+000 3.60033682e+001 2.69973622e+001 2.20013192e+001 1.59984955e+001 6.49996997e+001 3.90009846e+001 1.00399045e+003 1.00099266e+003 9.99915927e+000 3.99938645e+000 3.69967272e+001 0.00000000e+000 0.00000000e+000 0.00000000e+000 1.00000000e+000
 1.00000000e+000 3.50077513e+001 2.60035177e+001 2.49996301e+001 1.59966801e+001 6.99989500e+001 3.79955532e+001 1.00598402e+003 1.00199013e+003 1.00013229e+001 3.00269913e+000 2.69948719e+001 0.00000000e+000 0.00000000e+000 0.00000000e+000 1.00000000e+000
 1.00000000e+000 3.50057484e+001 2.49958457e+001 2.20043413e+001 1.69978551e+001 7.79963096e+001 3.59991130e+001 1.00899863e+003 1.00499298e+003 6.00232093e+000 2.99965500e+000 2.39937934e+001 0.00000000e+000 0.00000000e+000 0.00000000e+000 1.00000000e+000
 1.00000000e+000 3.49993878e+001 2.70007320e+001 2.29973284e+001 1.49980759e+001 7.90018062e+001 2.99995635e+001 1.00798943e+003 1.00499103e+003 6.99880513e+000 4.00037168e+000 2.89998797e+001 1.00000000e+000 0.00000000e+000 0.00000000e+000 0.00000000e+000
 1.00000000e+000 3.59984740e+001 2.59969087e+001 2.30062314e+001 1.59992103e+001 8.30011322e+001 3.00002908e+001 1.00800023e+003 1.00399337e+003 8.00295924e+000 3.99755741e+000 2.69969248e+001 0.00000000e+000 0.00000000e+000 0.00000000e+000 1.00000000e+000
 1.00000000e+000 3.69994321e+001 2.70045901e+001 2.29960564e+001 1.70023096e+001 7.90037603e+001 2.99987146e+001 1.00598701e+003 1.00299558e+003 7.99915078e+000 3.00190562e+000 2.59991023e+001 0.00000000e+000 0.00000000e+000 0.00000000e+000 1.00000000e+000
 1.00000000e+000 3.70112677e+001 2.90061806e+001 2.40003647e+001 1.59899120e+001 7.40055815e+001 2.90084694e+001 1.00699588e+003 1.00198799e+003 7.01254589e+000 2.99730845e+000 2.69949587e+001 0.00000000e+000 0.00000000e+000 0.00000000e+000 1.00000000e+000
 1.00000000e+000 3.80001902e+001 2.80002750e+001 2.39987995e+001 1.49971715e+001 7.00006479e+001 2.79984613e+001 1.00599072e+003 1.00099072e+003 5.99934038e+000 3.00060208e+000 2.69980144e+001 0.00000000e+000 0.00000000e+000 0.00000000e+000 1.00000000e+000
 1.00000000e+000 3.19957030e+001 2.20005776e+001 2.09953411e+001 1.30009721e+001 8.80012075e+001 3.79966111e+001 1.00798972e+003 1.00299084e+003 7.99561801e+000 3.00164670e+000 2.60008134e+001 1.00000000e+000 0.00000000e+000 0.00000000e+000 0.00000000e+000
 1.00000000e+000 3.29969496e+001 2.20032269e+001 2.09961263e+001 1.49970920e+001 7.80021355e+001 3.79974827e+001 1.00898764e+003 1.00598926e+003 5.99688269e+000 3.00093884e+000 1.60012615e+001 0.00000000e+000 0.00000000e+000 0.00000000e+000 1.00000000e+000
 1.00000000e+000 3.40253288e+001 2.39866446e+001 2.20078331e+001 1.69842296e+001 7.40019867e+001 3.80009992e+001 1.00901522e+003 1.00400853e+003 4.99583047e+000 2.99856064e+000 1.39791923e+001 1.00000000e+000 0.00000000e+000 0.00000000e+000 0.00000000e+000
 1.00000000e+000 3.50003642e+001 2.50007187e+001 2.09987701e+001 1.59977616e+001 7.40009226e+001 3.39985106e+001 1.00799114e+003 1.00399086e+003 4.99943473e+000 4.00066477e+000 1.59976555e+001 0.00000000e+000 0.00000000e+000 0.00000000e+000 1.00000000e+000
 1.00000000e+000 3.39960965e+001 2.60105262e+001 2.10038472e+001 1.49963224e+001 6.60016161e+001 3.39944776e+001 1.00799267e+003 1.00300056e+003 4.99453917e+000 2.00359217e+000 1.89914244e+001 0.00000000e+000 0.00000000e+000 0.00000000e+000 1.00000000e+000
 1.00000000e+000 3.40004667e+001 2.60002104e+001 2.09986567e+001 1.19973533e+001 7.40006372e+001 3.89979084e+001 1.00699062e+003 1.00399075e+003 3.99907936e+000 2.00057980e+000 2.59982383e+001 0.00000000e+000 0.00000000e+000 0.00000000e+000 1.00000000e+000
 1.00000000e+000 3.50006758e+001 2.49974073e+001 1.99969720e+001 1.69970365e+001 6.90002783e+001 3.59977830e+001 1.00698990e+003 1.00199129e+003 4.99874989e+000 1.99990057e+000 1.29972573e+001 1.00000000e+000 0.00000000e+000 0.00000000e+000 0.00000000e+000
 1.00000000e+000 3.40000964e+001 2.49995779e+001 2.19982052e+001 1.59989397e+001 6.90014827e+001 3.79982643e+001 1.00698957e+003 1.00299176e+003 4.99875475e+000 3.00061267e+000 1.30006171e+001 1.00000000e+000 0.00000000e+000 0.00000000e+000 0.00000000e+000
 1.00000000e+000 3.49991135e+001 2.60016863e+001 2.19993211e+001 1.60056086e+001 7.40007428e+001 3.59941622e+001 1.00698694e+003 1.00298645e+003 8.00348916e+000 4.00283176e+000 1.90011236e+001 0.00000000e+000 0.00000000e+000 0.00000000e+000 1.00000000e+000
 1.00000000e+000 3.29947172e+001 2.70050051e+001 2.19935382e+001 9.99687913e+000 6.50044156e+001 3.39974036e+001 1.00698318e+003 1.00198834e+003 4.99582627e+000 3.00127743e+000 2.10030207e+001 0.00000000e+000 0.00000000e+000 0.00000000e+000 1.00000000e+000
 1.00000000e+000 3.49992445e+001 2.50005616e+001 2.09984819e+001 1.59976567e+001 6.50009797e+001 3.59986531e+001 1.00499166e+003 9.99990493e+002 3.99857367e+000 2.00034275e+000 1.39990690e+001 1.00000000e+000 0.00000000e+000 0.00000000e+000 0.00000000e+000
 1.00000000e+000 3.30066677e+001 2.39826337e+001 2.00433849e+001 1.10147329e+001 6.90204376e+001 3.30134191e+001 1.00601157e+003 1.00201046e+003 5.02919429e+000 2.99998595e+000 1.89987682e+001 0.00000000e+000 0.00000000e+000 0.00000000e+000 1.00000000e+000
 1.00000000e+000 3.00037062e+001 2.30007870e+001 2.20090956e+001 1.09923434e+001 8.89875433e+001 4.09967451e+001 1.00699221e+003 1.00299183e+003 4.99737675e+000 2.99884091e+000 2.69916075e+001 1.00000000e+000 0.00000000e+000 0.00000000e+000 0.00000000e+000
 1.00000000e+000 2.70023383e+001 2.09993986e+001 2.49997205e+001 1.29977753e+001 9.99971605e+001 5.29986256e+001 1.00499355e+003 9.99991812e+002 3.99930713e+000 1.99952760e+000 2.69971553e+001 1.00000000e+000 0.00000000e+000 0.00000000e+000 0.00000000e+000
 1.00000000e+000 2.60021398e+001 1.99918715e+001 2.29974987e+001 1.49970290e+001 9.99991772e+001 5.09981029e+001 1.00599168e+003 9.98986055e+002 5.00133677e+000 1.99910296e+000 2.40012564e+001 0.00000000e+000 1.00000000e+000 0.00000000e+000 0.00000000e+000
 1.00000000e+000 2.80088189e+001 2.20006294e+001 2.19976809e+001 1.89960631e+001 1.00002297e+002 5.79985277e+001 1.00798134e+003 1.00499186e+003 3.99938883e+000 2.00166958e+000 1.39913991e+001 0.00000000e+000 1.00000000e+000 0.00000000e+000 0.00000000e+000
 1.00000000e+000 3.19881728e+001 2.09799694e+001 2.29989498e+001 2.00000602e+001 9.39975431e+001 5.19901798e+001 1.00805029e+003 1.00300791e+003 7.00319854e+000 3.00264207e+000 2.29878152e+001 0.00000000e+000 0.00000000e+000 0.00000000e+000 1.00000000e+000
 1.00000000e+000 3.09986683e+001 2.20016453e+001 2.19963448e+001 1.49942125e+001 8.30024657e+001 3.79977598e+001 1.00898795e+003 1.00599059e+003 7.99786553e+000 3.00090072e+000 2.60018628e+001 0.00000000e+000 0.00000000e+000 0.00000000e+000 1.00000000e+000
 1.00000000e+000 3.19963196e+001 2.20078181e+001 2.29979464e+001 1.89993081e+001 9.39988044e+001 4.59959202e+001 1.00898664e+003 1.00598994e+003 4.99899984e+000 3.00177126e+000 2.89985217e+001 0.00000000e+000 0.00000000e+000 0.00000000e+000 1.00000000e+000
 1.00000000e+000 3.20076878e+001 2.29964308e+001 2.39991403e+001 1.99954122e+001 8.89981339e+001 5.19957940e+001 1.00898767e+003 1.00499092e+003 5.00285949e+000 2.00211990e+000 2.39940105e+001 0.00000000e+000 0.00000000e+000 0.00000000e+000 1.00000000e+000
 1.00000000e+000 3.29959163e+001 2.40063133e+001 2.50027164e+001 1.89851356e+001 9.39889448e+001 4.89944785e+001 1.00698000e+003 1.00199171e+003 6.99157163e+000 2.99907417e+000 2.70007155e+001 0.00000000e+000 0.00000000e+000 0.00000000e+000 1.00000000e+000
 1.00000000e+000 3.39981300e+001 2.50009139e+001 2.59953164e+001 2.09969076e+001 9.40015528e+001 4.89962739e+001 1.00698913e+003 1.00398978e+003 5.99928916e+000 3.00136016e+000 2.89993023e+001 0.00000000e+000 0.00000000e+000 0.00000000e+000 1.00000000e+000
 1.00000000e+000 3.29992193e+001 2.50006218e+001 2.49975887e+001 1.99970402e+001 8.90000790e+001 4.89973400e+001 1.00798864e+003 1.00499061e+003 4.99844133e+000 3.00058117e+000 2.40002264e+001 0.00000000e+000 0.00000000e+000 0.00000000e+000 1.00000000e+000
 1.00000000e+000 3.39911150e+001 2.49988573e+001 2.49900551e+001 1.99958991e+001 7.90018041e+001 4.59995137e+001 1.00899500e+003 1.00498825e+003 4.99410569e+000 2.99930456e+000 1.40043582e+001 0.00000000e+000 0.00000000e+000 0.00000000e+000 1.00000000e+000
 1.00000000e+000 3.40026440e+001 2.69982893e+001 2.49994974e+001 2.19985585e+001 8.89978661e+001 4.89976704e+001 1.00999304e+003 1.00699213e+003 2.99958699e+000 2.00087004e+000 9.99734998e+000 0.00000000e+000 0.00000000e+000 0.00000000e+000 1.00000000e+000
 1.00000000e+000 3.29999547e+001 2.60022602e+001 2.49989716e+001 2.19989792e+001 8.89988286e+001 5.19975839e+001 1.00998585e+003 1.00699293e+003 2.99989967e+000 2.00341141e+000 1.30016029e+001 0.00000000e+000 0.00000000e+000 0.00000000e+000 1.00000000e+000
 1.00000000e+000 3.49947104e+001 2.60018875e+001 2.49948374e+001 2.19949782e+001 8.90012196e+001 5.19926871e+001 1.00998250e+003 1.00698426e+003 2.99362864e+000 1.00420536e+000 1.00019290e+001 0.00000000e+000 0.00000000e+000 0.00000000e+000 1.00000000e+000
 1.00000000e+000 3.50005071e+001 2.69998623e+001 2.39987111e+001 1.99978916e+001 8.40001204e+001 4.69976103e+001 1.01199063e+003 1.00799108e+003 3.99881126e+000 1.00076888e+000 1.39986002e+001 0.00000000e+000 0.00000000e+000 0.00000000e+000 1.00000000e+000
 1.00000000e+000 3.60124818e+001 2.69920004e+001 2.60026610e+001 2.10007008e+001 7.90027214e+001 4.39988943e+001 1.00999814e+003 1.00599055e+003 4.00778781e+000 2.00086076e+000 1.29904912e+001 0.00000000e+000 0.00000000e+000 0.00000000e+000 1.00000000e+000
 1.00000000e+000 3.49994089e+001 2.50002931e+001 2.49975749e+001 2.09993180e+001 9.40000287e+001 4.39982506e+001 1.00899000e+003 1.00498921e+003 2.99861048e+000 2.00079436e+000 1.39986013e+001 0.00000000e+000 0.00000000e+000 0.00000000e+000 1.00000000e+000
 1.00000000e+000 3.40018597e+001 2.49988042e+001 2.50003687e+001 1.99968322e+001 9.39980999e+001 4.59981278e+001 1.00999250e+003 1.00599252e+003 2.99902067e+000 1.99992363e+000 1.89970589e+001 0.00000000e+000 0.00000000e+000 0.00000000e+000 1.00000000e+000
 1.00000000e+000 3.60029204e+001 2.40000969e+001 2.40036751e+001 1.79946794e+001 9.39938098e+001 3.59964120e+001 1.00999658e+003 1.00599199e+003 3.99838706e+000 1.00049591e+000 1.59920705e+001 0.00000000e+000 0.00000000e+000 0.00000000e+000 1.00000000e+000
 1.00000000e+000 3.59937829e+001 2.50140217e+001 1.99983606e+001 1.39854738e+001 7.39817830e+001 2.70026704e+001 1.01001136e+003 1.00498282e+003 5.01058509e+000 1.99546733e+000 1.59980780e+001 0.00000000e+000 0.00000000e+000 0.00000000e+000 1.00000000e+000
 1.00000000e+000 3.50003601e+001 2.40004483e+001 2.19993966e+001 1.49957158e+001 7.79999610e+001 2.99969057e+001 1.01298939e+003 1.00799123e+003 3.99935491e+000 2.00109858e+000 1.59996702e+001 0.00000000e+000 0.00000000e+000 0.00000000e+000 1.00000000e+000
 1.00000000e+000 3.49932060e+001 2.40057934e+001 2.19956824e+001 1.59971441e+001 7.79985215e+001 3.19930870e+001 1.01498555e+003 1.01098118e+003 2.99559616e+000 2.00234576e+000 1.89962064e+001 0.00000000e+000 0.00000000e+000 0.00000000e+000 1.00000000e+000
 1.00000000e+000 3.40008199e+001 2.29996372e+001 2.19978268e+001 1.59972672e+001 8.89999486e+001 3.59984046e+001 1.01699109e+003 1.01299028e+003 2.99841088e+000 1.00070462e+000 1.89983593e+001 0.00000000e+000 0.00000000e+000 0.00000000e+000 1.00000000e+000
 1.00000000e+000 3.60015850e+001 2.30011714e+001 2.00022453e+001 1.40082857e+001 8.29912206e+001 2.70009242e+001 1.01499191e+003 1.01098860e+003 3.00156260e+000 9.97423293e-001 2.29996369e+001 0.00000000e+000 0.00000000e+000 0.00000000e+000 1.00000000e+000
 1.00000000e+000 3.50019238e+001 2.29978670e+001 2.10006756e+001 1.39982182e+001 8.29984906e+001 3.19980202e+001 1.01199354e+003 1.00799180e+003 4.99986915e+000 1.00098017e+000 1.89963621e+001 0.00000000e+000 0.00000000e+000 0.00000000e+000 1.00000000e+000
 1.00000000e+000 3.50056835e+001 2.29980277e+001 2.20055699e+001 1.59994112e+001 9.39957575e+001 3.19979339e+001 1.01299830e+003 1.00999443e+003 3.00600340e+000 1.00035311e+000 1.59952979e+001 0.00000000e+000 0.00000000e+000 0.00000000e+000 1.00000000e+000
 1.00000000e+000 3.10022733e+001 2.30008416e+001 2.10013689e+001 1.50011308e+001 8.29966791e+001 3.79980798e+001 1.01699148e+003 1.01099001e+003 5.00191319e+000 2.00133650e+000 2.69953914e+001 0.00000000e+000 0.00000000e+000 0.00000000e+000 1.00000000e+000
 1.00000000e+000 2.90029608e+001 2.09996319e+001 1.99987048e+001 1.19969241e+001 8.79971840e+001 3.89976323e+001 1.01798863e+003 1.01298971e+003 4.99605330e+000 2.00014378e+000 2.40020032e+001 0.00000000e+000 0.00000000e+000 0.00000000e+000 1.00000000e+000
 1.00000000e+000 3.20010191e+001 2.09982324e+001 1.79975353e+001 1.19962982e+001 8.30031093e+001 2.89979732e+001 1.01499065e+003 1.01098946e+003 5.99878299e+000 1.00209590e+000 1.89997729e+001 0.00000000e+000 0.00000000e+000 0.00000000e+000 1.00000000e+000
 1.00000000e+000 3.20027292e+001 1.79987299e+001 1.90008411e+001 1.09992615e+001 9.39971998e+001 2.69999685e+001 1.01599488e+003 1.01199111e+003 3.99969544e+000 1.00030780e+000 1.39961894e+001 0.00000000e+000 0.00000000e+000 0.00000000e+000 1.00000000e+000
 1.00000000e+000 3.20013879e+001 1.80002236e+001 1.69991771e+001 1.09966168e+001 8.80005733e+001 2.69992966e+001 1.01599122e+003 1.01098988e+003 2.99884847e+000 1.00041798e+000 1.09980314e+001 0.00000000e+000 0.00000000e+000 0.00000000e+000 1.00000000e+000
 1.00000000e+000 3.30020632e+001 1.79995225e+001 1.70001662e+001 8.99798290e+000 8.79991634e+001 2.29986031e+001 1.01399239e+003 1.00999110e+003 3.99957110e+000 1.00080312e+000 7.99759523e+000 0.00000000e+000 0.00000000e+000 0.00000000e+000 1.00000000e+000
 1.00000000e+000 3.20037635e+001 2.00046008e+001 1.80017118e+001 1.39875096e+001 8.29988024e+001 3.29976815e+001 1.01499007e+003 1.01000109e+003 2.99648755e+000 1.00004236e+000 9.99886071e+000 0.00000000e+000 0.00000000e+000 0.00000000e+000 1.00000000e+000
 1.00000000e+000 3.20068351e+001 1.99850101e+001 1.89965953e+001 1.50066921e+001 8.80056609e+001 3.59930566e+001 1.01400869e+003 1.00997209e+003 3.00733265e+000 1.00412184e+000 1.29879738e+001 0.00000000e+000 0.00000000e+000 0.00000000e+000 1.00000000e+000
 1.00000000e+000 3.30022763e+001 1.99995944e+001 1.99998923e+001 1.39986608e+001 8.79996184e+001 3.09975909e+001 1.01399089e+003 1.00999188e+003 2.99943909e+000 1.00101291e+000 1.59975911e+001 0.00000000e+000 0.00000000e+000 0.00000000e+000 1.00000000e+000
 1.00000000e+000 3.30050283e+001 2.00009005e+001 1.99864942e+001 1.20152840e+001 9.40263733e+001 2.90194478e+001 1.01396875e+003 1.00999302e+003 2.99198835e+000 9.98986005e-001 6.29992825e+001 0.00000000e+000 0.00000000e+000 1.00000000e+000 0.00000000e+000
 1.00000000e+000 3.20027524e+001 2.10001244e+001 1.70000884e+001 1.29975164e+001 7.80002931e+001 3.09966722e+001 1.01399146e+003 1.00899081e+003 4.00011343e+000 1.00140965e+000 1.29972259e+001 0.00000000e+000 0.00000000e+000 1.00000000e+000 0.00000000e+000
 1.00000000e+000 3.10077195e+001 1.89943279e+001 1.90073457e+001 1.39979579e+001 9.39949893e+001 3.99990626e+001 1.01200173e+003 1.00799383e+003 3.00342527e+000 9.99734542e-001 7.99208721e+000 0.00000000e+000 0.00000000e+000 0.00000000e+000 1.00000000e+000
 1.00000000e+000 3.10071813e+001 1.79954039e+001 1.80009206e+001 1.00006374e+001 9.40009495e+001 2.69989833e+001 1.01099191e+003 1.00599442e+003 4.00411640e+000 9.72119645e-004 2.59988028e+001 0.00000000e+000 0.00000000e+000 0.00000000e+000 1.00000000e+000
 1.00000000e+000 3.20014254e+001 1.89995277e+001 1.70013603e+001 1.09936355e+001 7.29974076e+001 3.29961281e+001 1.01299368e+003 1.00799144e+003 2.99900717e+000 5.70384537e-004 1.09981177e+001 0.00000000e+000 0.00000000e+000 1.00000000e+000 0.00000000e+000
 1.00000000e+000 3.29986574e+001 1.90026437e+001 1.69964027e+001 9.99872562e+000 8.80013712e+001 2.79980170e+001 1.01298679e+003 1.00998818e+003 6.99761101e+000 1.57903395e-003 1.39990895e+001 0.00000000e+000 0.00000000e+000 0.00000000e+000 1.00000000e+000
 1.00000000e+000 3.29964670e+001 2.00046558e+001 1.69951104e+001 1.09964830e+001 7.30030242e+001 2.59979127e+001 1.01398541e+003 1.01098852e+003 5.99643076e+000 1.00131381e+000 1.90011219e+001 0.00000000e+000 0.00000000e+000 1.00000000e+000 0.00000000e+000
 1.00000000e+000 3.09996247e+001 1.80019382e+001 1.49973871e+001 1.19976361e+001 7.80020858e+001 3.09978751e+001 1.01498882e+003 1.01199075e+003 2.99761444e+000 1.00111590e+000 2.39983347e+001 0.00000000e+000 0.00000000e+000 0.00000000e+000 1.00000000e+000
 1.00000000e+000 3.10053491e+001 1.59910017e+001 1.49976486e+001 1.00064547e+001 7.70042703e+001 2.69940080e+001 1.01299257e+003 1.01000335e+003 4.99634702e+000 1.00383995e+000 2.29989877e+001 0.00000000e+000 0.00000000e+000 1.00000000e+000 0.00000000e+000
 1.00000000e+000 3.30011152e+001 1.80021463e+001 1.50060902e+001 8.99904465e+000 6.79955617e+001 2.79980360e+001 1.01299018e+003 1.00998883e+003 3.99927202e+000 1.00002452e+000 1.39950896e+001 0.00000000e+000 0.00000000e+000 0.00000000e+000 1.00000000e+000
 1.00000000e+000 3.30000969e+001 1.90012100e+001 1.70005895e+001 8.99824327e+000 7.30001740e+001 2.29986947e+001 1.01299201e+003 1.00999154e+003 3.99839133e+000 1.00031422e+000 1.39979254e+001 0.00000000e+000 0.00000000e+000 0.00000000e+000 1.00000000e+000
 1.00000000e+000 3.20090379e+001 1.69928501e+001 1.60045156e+001 9.00062945e+000 7.79986339e+001 2.40023068e+001 1.01300119e+003 1.00899606e+003 3.00370791e+000 -4.14027450e-004 1.39948820e+001 0.00000000e+000 0.00000000e+000 0.00000000e+000 1.00000000e+000
 1.00000000e+000 3.10026399e+001 1.59982439e+001 1.30047754e+001 7.99928532e+000 7.19969428e+001 2.40001006e+001 1.01299622e+003 1.00999368e+003 3.99839505e+000 9.99435580e-001 1.29960057e+001 0.00000000e+000 0.00000000e+000 1.00000000e+000 0.00000000e+000
 1.00000000e+000 3.09993947e+001 1.60020127e+001 1.29974935e+001 8.99725604e+000 7.70020490e+001 2.49982095e+001 1.01398774e+003 1.00999056e+003 1.99785728e+000 1.00108973e+000 8.00055660e+000 0.00000000e+000 0.00000000e+000 0.00000000e+000 1.00000000e+000
 1.00000000e+000 2.99977554e+001 1.79989527e+001 1.39977182e+001 8.99612539e+000 7.30003582e+001 2.90017894e+001 1.01598790e+003 1.01298766e+003 9.96102365e-001 9.99515826e-001 8.00317130e+000 0.00000000e+000 0.00000000e+000 1.00000000e+000 0.00000000e+000
 1.00000000e+000 2.89980188e+001 1.70053329e+001 1.59885777e+001 1.09966978e+001 8.20128940e+001 3.49940478e+001 1.01698818e+003 1.01299036e+003 9.94663439e-001 4.31105520e-003 9.99796613e+000 0.00000000e+000 0.00000000e+000 0.00000000e+000 1.00000000e+000
 1.00000000e+000 2.99996935e+001 1.60011099e+001 1.50003498e+001 1.09983699e+001 9.40011744e+001 3.09979207e+001 1.01598980e+003 1.01299019e+003 1.99840497e+000 1.36049000e-004 1.09990981e+001 0.00000000e+000 0.00000000e+000 1.00000000e+000 0.00000000e+000
 1.00000000e+000 3.00069444e+001 1.60022246e+001 1.60008403e+001 9.98974501e+000 8.29996073e+001 3.30106001e+001 1.01699036e+003 1.01198628e+003 1.00264224e+000 -3.63634581e-003 9.99678271e+000 0.00000000e+000 0.00000000e+000 1.00000000e+000 0.00000000e+000
 1.00000000e+000 3.00069156e+001 1.70129056e+001 1.59902225e+001 1.20000272e+001 8.79982671e+001 3.50249457e+001 1.01598956e+003 1.01099285e+003 2.00285508e+000 -7.35128411e-003 8.00569808e+000 0.00000000e+000 0.00000000e+000 1.00000000e+000 0.00000000e+000
 1.00000000e+000 3.00038945e+001 1.59979105e+001 1.60010197e+001 1.29989901e+001 9.39989134e+001 3.69992897e+001 1.01399383e+003 1.00999216e+003 1.00117091e+000 3.10237716e-004 1.09972015e+001 0.00000000e+000 0.00000000e+000 1.00000000e+000 0.00000000e+000
 1.00000000e+000 2.80008050e+001 1.70001970e+001 1.49998400e+001 1.09982421e+001 8.19997493e+001 3.69977022e+001 1.01399252e+003 1.00999126e+003 1.99961511e+000 1.00064578e+000 2.09978224e+001 0.00000000e+000 0.00000000e+000 1.00000000e+000 0.00000000e+000
 1.00000000e+000 2.80030764e+001 1.59929803e+001 1.49885403e+001 1.10088383e+001 8.20158686e+001 3.89991307e+001 1.01498540e+003 1.01099589e+003 2.99994143e+000 1.00348985e+000 1.30066716e+001 0.00000000e+000 0.00000000e+000 1.00000000e+000 0.00000000e+000
 1.00000000e+000 2.89988792e+001 1.60006657e+001 1.49990660e+001 6.99842469e+000 8.19999743e+001 2.59976596e+001 1.01499033e+003 1.01099031e+003 2.99848712e+000 9.99723381e-001 1.10006740e+001 0.00000000e+000 0.00000000e+000 1.00000000e+000 0.00000000e+000
 1.00000000e+000 2.79986018e+001 1.70011680e+001 1.39990628e+001 8.99833532e+000 8.20010476e+001 2.99975966e+001 1.01498952e+003 1.01099089e+003 2.99783832e+000 9.99862956e-001 1.29994715e+001 0.00000000e+000 0.00000000e+000 1.00000000e+000 0.00000000e+000
 1.00000000e+000 2.90002863e+001 1.50023012e+001 1.29985589e+001 9.99611980e+000 8.19985805e+001 2.99977921e+001 1.01399046e+003 1.01098975e+003 2.99910086e+000 1.00047746e+000 1.29976814e+001 0.00000000e+000 0.00000000e+000 1.00000000e+000 0.00000000e+000
 1.00000000e+000 2.79996319e+001 1.50034411e+001 1.39944022e+001 9.99566035e+000 8.20058924e+001 3.69977437e+001 1.01498752e+003 1.01198928e+003 2.99743836e+000 1.00060761e+000 1.10011467e+001 0.00000000e+000 0.00000000e+000 1.00000000e+000 0.00000000e+000
 1.00000000e+000 2.90034731e+001 1.49985508e+001 1.40017098e+001 7.99807973e+000 8.19983799e+001 2.99982427e+001 1.01599512e+003 1.01299236e+003 3.00051359e+000 1.00074864e+000 1.39958021e+001 0.00000000e+000 0.00000000e+000 1.00000000e+000 0.00000000e+000
 1.00000000e+000 2.29999303e+001 1.50001947e+001 1.59963217e+001 9.99627495e+000 8.80022325e+001 5.29975057e+001 1.01798929e+003 1.01298999e+003 3.99504755e+000 9.99614990e-001 2.59982969e+001 0.00000000e+000 0.00000000e+000 1.00000000e+000 0.00000000e+000
 1.00000000e+000 2.29950053e+001 1.30054268e+001 1.59930442e+001 8.00001093e+000 1.00005131e+002 3.79959983e+001 1.01998064e+003 1.01698540e+003 3.99565843e+000 1.53749263e-003 2.10011203e+001 0.00000000e+000 0.00000000e+000 1.00000000e+000 0.00000000e+000
 1.00000000e+000 2.30010639e+001 9.98501475e+000 9.98607375e+000 3.99302984e+000 8.80200164e+001 2.90028286e+001 1.01898783e+003 1.01598082e+003 4.99122846e+000 1.00014595e+000 2.10083762e+001 0.00000000e+000 0.00000000e+000 1.00000000e+000 0.00000000e+000
 1.00000000e+000 2.39996880e+001 1.00016428e+001 9.99750052e+000 3.99755239e+000 8.20018846e+001 3.09976991e+001 1.01998867e+003 1.01598925e+003 2.99774674e+000 1.00104302e+000 1.59995563e+001 0.00000000e+000 0.00000000e+000 1.00000000e+000 0.00000000e+000
 1.00000000e+000 2.49984214e+001 1.10018750e+001 9.99930313e+000 4.99282687e+000 7.20012053e+001 2.89961867e+001 1.01798785e+003 1.01399252e+003 3.99851998e+000 1.00073849e+000 2.30020501e+001 0.00000000e+000 0.00000000e+000 0.00000000e+000 1.00000000e+000
 1.00000000e+000 2.69991481e+001 1.19989250e+001 9.99985031e+000 5.99762328e+000 7.70003725e+001 2.99984428e+001 1.01899398e+003 1.01499095e+003 2.99909291e+000 1.00000407e+000 9.99729889e+000 0.00000000e+000 0.00000000e+000 0.00000000e+000 1.00000000e+000
 1.00000000e+000 2.80027624e+001 1.29986106e+001 1.20005420e+001 6.99980474e+000 8.20006706e+001 2.79996528e+001 1.01999325e+003 1.01499176e+003 3.00003314e+000 1.00038123e+000 9.99787190e+000 0.00000000e+000 0.00000000e+000 0.00000000e+000 1.00000000e+000
 1.00000000e+000 2.69954346e+001 1.30047462e+001 1.19920207e+001 7.99844508e+000 8.80050518e+001 2.99994418e+001 1.01998222e+003 1.01598835e+003 1.99551971e+000 1.45276646e-003 1.00047285e+001 0.00000000e+000 0.00000000e+000 1.00000000e+000 0.00000000e+000
 1.00000000e+000 2.59998448e+001 1.10030275e+001 1.29979218e+001 6.99740366e+000 9.40004924e+001 3.19982698e+001 1.02098916e+003 1.01699033e+003 2.99758510e+000 9.11083498e-004 1.29983766e+001 0.00000000e+000 0.00000000e+000 1.00000000e+000 0.00000000e+000
 1.00000000e+000 2.60002813e+001 1.00030331e+001 9.99909564e+000 5.99971416e+000 8.79998079e+001 2.79973898e+001 1.01999038e+003 1.01599261e+003 3.99888854e+000 1.51095856e-003 2.29977758e+001 0.00000000e+000 0.00000000e+000 1.00000000e+000 0.00000000e+000
 1.00000000e+000 2.50036764e+001 1.00010657e+001 1.19974207e+001 4.99640520e+000 7.69995641e+001 3.39936046e+001 1.01898727e+003 1.01598798e+003 2.00371822e+000 1.00396596e+000 1.29955390e+001 0.00000000e+000 0.00000000e+000 1.00000000e+000 0.00000000e+000
 1.00000000e+000 2.40037577e+001 1.50000637e+001 1.20012835e+001 6.99796178e+000 8.19989779e+001 4.39978496e+001 1.01799125e+003 1.01499150e+003 1.99964082e+000 9.99699397e-001 7.99749296e+000 0.00000000e+000 0.00000000e+000 1.00000000e+000 0.00000000e+000
 1.00000000e+000 2.50096668e+001 1.19921135e+001 1.30060620e+001 6.98764968e+000 9.39917544e+001 3.59980170e+001 1.01699924e+003 1.01198903e+003 8.99583024e+000 -8.08154607e-004 1.09898553e+001 0.00000000e+000 0.00000000e+000 1.00000000e+000 0.00000000e+000
 1.00000000e+000 2.49979014e+001 1.10031664e+001 1.09957222e+001 7.99756144e+000 8.20032238e+001 3.39979581e+001 1.01598471e+003 1.01198976e+003 1.99729550e+000 1.00112528e+000 1.40026699e+001 0.00000000e+000 0.00000000e+000 1.00000000e+000 0.00000000e+000
 1.00000000e+000 2.60028843e+001 1.19995966e+001 1.10008886e+001 6.99812683e+000 8.19996258e+001 2.99986349e+001 1.01599301e+003 1.01299099e+003 2.99945175e+000 1.00022696e+000 2.09974031e+001 0.00000000e+000 0.00000000e+000 1.00000000e+000 0.00000000e+000
 1.00000000e+000 2.70006740e+001 1.20010076e+001 1.09988365e+001 6.99766715e+000 8.80002087e+001 2.79980042e+001 1.01999050e+003 1.01599014e+003 2.99863621e+000 1.00093194e+000 9.99872307e+000 0.00000000e+000 0.00000000e+000 1.00000000e+000 0.00000000e+000
 1.00000000e+000 2.69700331e+001 1.10180747e+001 1.30046528e+001 4.97495980e+000 9.39810082e+001 2.39975104e+001 1.02000846e+003 1.01397434e+003 2.97439476e+000 -7.16218608e-003 2.30022056e+001 0.00000000e+000 0.00000000e+000 1.00000000e+000 0.00000000e+000
 1.00000000e+000 2.50002613e+001 1.30015074e+001 1.09972139e+001 6.99793212e+000 8.19990878e+001 3.19986601e+001 1.01798948e+003 1.01299086e+003 2.99950948e+000 1.00164205e+000 1.59981951e+001 0.00000000e+000 0.00000000e+000 1.00000000e+000 0.00000000e+000
 1.00000000e+000 2.59990952e+001 1.40016194e+001 1.49960607e+001 8.00149375e+000 8.30034497e+001 3.89994691e+001 1.01798419e+003 1.01398794e+003 9.98192097e-001 1.00069560e+000 1.40006899e+001 0.00000000e+000 0.00000000e+000 1.00000000e+000 0.00000000e+000
 1.00000000e+000 2.80004161e+001 1.49993590e+001 1.69980245e+001 1.19955055e+001 8.80018384e+001 3.89958888e+001 1.01799633e+003 1.01398898e+003 9.94292742e-001 7.64089359e-004 1.09937247e+001 0.00000000e+000 0.00000000e+000 1.00000000e+000 0.00000000e+000
 1.00000000e+000 2.60087053e+001 1.40018198e+001 1.59830673e+001 1.10028327e+001 9.39854859e+001 3.89989536e+001 1.01599271e+003 1.01299067e+003 1.99078894e+000 2.89926458e-003 1.30037941e+001 0.00000000e+000 0.00000000e+000 1.00000000e+000 0.00000000e+000
 1.00000000e+000 2.30015019e+001 1.30007690e+001 1.49995966e+001 6.99775475e+000 9.99984494e+001 3.79978397e+001 1.01799124e+003 1.01399108e+003 2.99928085e+000 6.62260487e-004 1.59982709e+001 0.00000000e+000 0.00000000e+000 1.00000000e+000 0.00000000e+000
 1.00000000e+000 2.20004948e+001 1.20015431e+001 1.19988860e+001 5.99755648e+000 8.20004036e+001 3.49975125e+001 1.01698996e+003 1.01299023e+003 4.99865289e+000 1.00084514e+000 1.39989337e+001 0.00000000e+000 0.00000000e+000 1.00000000e+000 0.00000000e+000
 1.00000000e+000 2.20127058e+001 6.99547276e+000 8.00418090e+000 3.99697752e+000 8.69970644e+001 3.09957748e+001 1.01999442e+003 1.01499114e+003 4.00228022e+000 1.00396563e+000 1.39938055e+001 0.00000000e+000 0.00000000e+000 0.00000000e+000 1.00000000e+000
 1.00000000e+000 2.10162669e+001 7.98744189e+000 8.01153621e+000 3.99947609e+000 8.19914258e+001 3.30024930e+001 1.02100850e+003 1.01599349e+003 3.00499693e+000 9.98544645e-001 2.09889721e+001 0.00000000e+000 0.00000000e+000 1.00000000e+000 0.00000000e+000
 1.00000000e+000 2.39953274e+001 7.99799063e+000 1.10040095e+001 4.00024306e+000 8.70019960e+001 3.39951695e+001 1.01799426e+003 1.01399311e+003 3.99607118e+000 -6.88937297e-004 1.59987619e+001 0.00000000e+000 0.00000000e+000 1.00000000e+000 0.00000000e+000
 1.00000000e+000 2.30051325e+001 1.10013193e+001 1.00018412e+001 5.99800416e+000 8.79975212e+001 3.59939489e+001 1.01799185e+003 1.01298993e+003 3.00186299e+000 1.00284357e+000 1.89954651e+001 0.00000000e+000 0.00000000e+000 1.00000000e+000 0.00000000e+000
 1.00000000e+000 2.50028074e+001 1.10003462e+001 1.49991770e+001 7.99752655e+000 9.39992582e+001 3.39973108e+001 1.02099056e+003 1.01599027e+003 2.99997426e+000 1.28869468e-003 1.09976060e+001 0.00000000e+000 0.00000000e+000 1.00000000e+000 0.00000000e+000
 1.00000000e+000 2.69997481e+001 1.20024831e+001 1.39978900e+001 7.99770365e+000 1.00000507e+002 2.99976135e+001 1.01999006e+003 1.01499062e+003 3.99738681e+000 1.08740764e-003 1.39981157e+001 0.00000000e+000 0.00000000e+000 1.00000000e+000 0.00000000e+000
 1.00000000e+000 2.29991445e+001 1.60024258e+001 1.59974029e+001 7.00033714e+000 8.80010153e+001 3.59983442e+001 1.01798845e+003 1.01298836e+003 3.99856516e+000 1.00113203e+000 2.69978498e+001 0.00000000e+000 0.00000000e+000 1.00000000e+000 0.00000000e+000
 1.00000000e+000 2.00015710e+001 1.50002148e+001 1.59997386e+001 1.09980053e+001 9.99986178e+001 7.69958113e+001 1.01699163e+003 1.01399069e+003 9.98809989e-001 3.51344776e-004 1.29979932e+001 0.00000000e+000 0.00000000e+000 1.00000000e+000 0.00000000e+000
 1.00000000e+000 2.00007358e+001 1.30000783e+001 1.59987040e+001 8.99767505e+000 9.99994023e+001 6.69957376e+001 1.01699015e+003 1.01398973e+003 1.99838202e+000 5.35307460e-004 2.29991416e+001 0.00000000e+000 0.00000000e+000 1.00000000e+000 0.00000000e+000
 1.00000000e+000 2.10057101e+001 7.99887431e+000 1.29991214e+001 3.99658308e+000 9.99984595e+001 3.29978381e+001 1.01899276e+003 1.01599122e+003 4.99734665e+000 6.11448712e-003 2.09932460e+001 0.00000000e+000 0.00000000e+000 1.00000000e+000 0.00000000e+000
 1.00000000e+000 2.10019900e+001 6.99889626e+000 1.00042396e+001 3.99717499e+000 9.29931817e+001 4.29970604e+001 1.01899798e+003 1.01499561e+003 5.00158693e+000 9.99971855e-001 1.59991412e+001 0.00000000e+000 0.00000000e+000 1.00000000e+000 0.00000000e+000
 1.00000000e+000 2.09967634e+001 9.00904041e+000 9.99688963e+000 5.99635009e+000 8.69941944e+001 4.00023284e+001 1.01798275e+003 1.01497903e+003 4.99842529e+000 9.96908161e-001 1.29969967e+001 0.00000000e+000 0.00000000e+000 0.00000000e+000 1.00000000e+000
 1.00000000e+000 2.29910697e+001 8.01091564e+000 1.10015067e+001 4.00837679e+000 9.39982507e+001 2.90009521e+001 1.01899413e+003 1.01399205e+003 3.99842973e+000 -1.71958421e-003 9.99894769e+000 0.00000000e+000 0.00000000e+000 1.00000000e+000 0.00000000e+000
 1.00000000e+000 2.20007210e+001 8.00152869e+000 9.99906698e+000 6.99722341e+000 1.00000095e+002 3.79971446e+001 1.01599022e+003 1.01299089e+003 1.99847245e+000 2.01916614e-003 9.99817473e+000 0.00000000e+000 0.00000000e+000 1.00000000e+000 0.00000000e+000
 1.00000000e+000 2.50003419e+001 9.00118644e+000 1.29983279e+001 5.99705913e+000 8.80011383e+001 2.89963290e+001 1.01598971e+003 1.01198979e+003 2.99940039e+000 1.93597094e-003 9.99854206e+000 0.00000000e+000 0.00000000e+000 1.00000000e+000 0.00000000e+000
 1.00000000e+000 2.49998696e+001 1.10019988e+001 1.29985803e+001 7.99684392e+000 9.40006516e+001 3.39976893e+001 1.01599048e+003 1.01299054e+003 2.99816858e+000 1.13077752e-003 7.99875035e+000 0.00000000e+000 0.00000000e+000 1.00000000e+000 0.00000000e+000
 1.00000000e+000 1.90014625e+001 9.99986324e+000 1.29995003e+001 9.00090126e+000 9.99998675e+001 6.39985880e+001 1.01599148e+003 1.01299085e+003 9.98589531e-001 -8.42753611e-004 1.09988713e+001 0.00000000e+000 0.00000000e+000 1.00000000e+000 0.00000000e+000
 1.00000000e+000 1.80041855e+001 7.00467897e+000 9.99769697e+000 5.99462273e+000 1.00002451e+002 4.49936835e+001 1.01798824e+003 1.01399373e+003 1.99363858e+000 2.34956642e-003 1.09912300e+001 0.00000000e+000 0.00000000e+000 1.00000000e+000 0.00000000e+000
 1.00000000e+000 1.30056006e+001 7.01318556e+000 1.00100121e+001 4.00257113e+000 9.39883570e+001 7.69919591e+001 1.01899644e+003 1.01498445e+003 2.00218930e+000 2.05622062e-003 1.59746710e+001 0.00000000e+000 0.00000000e+000 1.00000000e+000 0.00000000e+000
