 1.00000000e+000 1.07150468e+001 8.03353760e+000 9.15407980e+001 1.01743942e+003 1.25465034e+000
 1.00000000e+000 1.00996924e+001 8.14998362e+000 9.30004730e+001 1.01623902e+003 1.00048746e+000
 1.00000000e+000 1.02438528e+001 8.05791680e+000 9.29184684e+001 1.01617941e+003 1.09402373e+000
 1.00000000e+000 9.65473441e+000 8.16631454e+000 9.44636523e+001 1.01598690e+003 8.61310061e-001
 1.00000000e+000 9.65473441e+000 8.16631454e+000 9.44636523e+001 1.01598690e+003 8.61310061e-001
 1.00000000e+000 9.58265418e+000 8.21234795e+000 9.45046546e+001 1.01601671e+003 8.14541925e-001
 1.00000000e+000 9.92272672e+000 7.42033392e+000 9.56284723e+001 1.01618112e+003 1.78129119e+000
 1.00000000e+000 1.09887975e+001 6.43665413e+000 9.50210112e+001 1.01657566e+003 3.08934315e+000
 1.00000000e+000 1.10150335e+001 6.42860585e+000 9.51065201e+001 1.01758356e+003 3.11079236e+000
 1.00000000e+000 1.20105463e+001 6.33306353e+000 9.23287586e+001 1.01896865e+003 3.44231175e+000
 1.00000000e+000 1.09116794e+001 7.92537423e+000 9.16298113e+001 1.01939560e+003 1.39108503e+000
 1.00000000e+000 1.13304013e+001 7.91709159e+000 9.00811230e+001 1.01863982e+003 1.50881322e+000
 1.00000000e+000 9.98905756e+000 9.65555079e+000 8.94196736e+001 1.01814829e+003 -7.04167115e-001
 1.00000000e+000 1.02577116e+001 1.03092302e+001 8.65386518e+001 1.01613080e+003 -1.43433299e+000
 1.00000000e+000 9.37436483e+000 1.11716569e+001 8.68335067e+001 1.01473618e+003 -2.60847700e+000
 1.00000000e+000 9.37436483e+000 1.11716569e+001 8.68335067e+001 1.01473618e+003 -2.60847700e+000
 1.00000000e+000 8.73349481e+000 1.18879350e+001 8.70908637e+001 1.01426004e+003 -3.62086739e+000
 1.00000000e+000 8.19022059e+000 1.19583476e+001 8.85095364e+001 1.01302984e+003 -3.82826213e+000
 1.00000000e+000 8.75244123e+000 1.04583381e+001 9.09246854e+001 1.01442616e+003 -1.96685067e+000
 1.00000000e+000 9.09251377e+000 9.66632406e+000 9.20485032e+001 1.01459058e+003 -1.00010141e+000
 1.00000000e+000 9.43258630e+000 8.87431003e+000 9.31723210e+001 1.01475499e+003 -3.33521412e-002
 1.00000000e+000 1.02627992e+001 6.62831990e+000 9.67522901e+001 1.01634554e+003 2.74804045e+000
 1.00000000e+000 1.02627992e+001 6.62831990e+000 9.67522901e+001 1.01634554e+003 2.74804045e+000
 1.00000000e+000 9.99480695e+000 7.37430051e+000 9.55874701e+001 1.01615132e+003 1.82805932e+000
