 1.00000000e+000 1.04810318e+001 -4.59580513e-001 3.75205270e+001 4.92496502e+001 9.83914422e+001 4.28094501e+001 1.07582148e+003 1.02056905e+003 5.68819708e+000 -3.89988241e+001 1.21165075e+001 0.00000000e+000 0.00000000e+000 1.00000000e+000 0.00000000e+000
 1.00000000e+000 1.04870810e+001 -5.13235970e-001 3.74611409e+001 4.93292490e+001 9.84672653e+001 4.28334816e+001 1.07574632e+003 1.02055535e+003 5.59443259e+000 -3.88835856e+001 1.22367369e+001 0.00000000e+000 0.00000000e+000 1.00000000e+000 0.00000000e+000
 1.00000000e+000 1.05468773e+001 -7.03955429e-001 3.74687668e+001 4.95356262e+001 9.85707128e+001 4.27737792e+001 1.07569726e+003 1.02043959e+003 5.40269592e+000 -3.86997706e+001 1.24388281e+001 1.00000000e+000 0.00000000e+000 0.00000000e+000 0.00000000e+000
 1.00000000e+000 1.05453185e+001 -7.10093060e-001 3.74762750e+001 4.95147926e+001 9.85541496e+001 4.27830031e+001 1.07568343e+003 1.02042808e+003 5.40599504e+000 -3.87053968e+001 1.24473451e+001 0.00000000e+000 0.00000000e+000 1.00000000e+000 0.00000000e+000
 1.00000000e+000 1.05318643e+001 -6.45108632e-001 3.74975073e+001 4.95068580e+001 9.85623434e+001 4.27192861e+001 1.07571591e+003 1.02045250e+003 5.44064877e+000 -3.86884186e+001 1.23918039e+001 0.00000000e+000 0.00000000e+000 1.00000000e+000 0.00000000e+000
 1.00000000e+000 1.05696547e+001 -7.18212315e-001 3.74948267e+001 4.95428747e+001 9.86213869e+001 4.26569315e+001 1.07565047e+003 1.02035554e+003 5.40489497e+000 -3.85727070e+001 1.24179163e+001 0.00000000e+000 0.00000000e+000 1.00000000e+000 0.00000000e+000
 1.00000000e+000 1.05900192e+001 -7.57729740e-001 3.74944402e+001 4.95682388e+001 9.86692744e+001 4.26020211e+001 1.07559272e+003 1.02029827e+003 5.37016396e+000 -3.84651258e+001 1.24579584e+001 0.00000000e+000 0.00000000e+000 1.00000000e+000 0.00000000e+000
 1.00000000e+000 1.05989618e+001 -7.97949543e-001 3.74627410e+001 4.96178016e+001 9.87463227e+001 4.25672711e+001 1.07551964e+003 1.02025488e+003 5.30281267e+000 -3.83400337e+001 1.25281005e+001 0.00000000e+000 0.00000000e+000 1.00000000e+000 0.00000000e+000
 1.00000000e+000 1.06000368e+001 -8.12973796e-001 3.74088155e+001 4.95912904e+001 9.88042509e+001 4.25657115e+001 1.07541219e+003 1.02021284e+003 5.28525837e+000 -3.82480409e+001 1.25534824e+001 0.00000000e+000 0.00000000e+000 1.00000000e+000 0.00000000e+000
 1.00000000e+000 1.06262024e+001 -8.59005981e-001 3.74176332e+001 4.95815097e+001 9.88481093e+001 4.24960020e+001 1.07532351e+003 1.02013029e+003 5.24994799e+000 -3.81071214e+001 1.25992091e+001 0.00000000e+000 0.00000000e+000 1.00000000e+000 0.00000000e+000
 1.00000000e+000 1.06308930e+001 -8.86950154e-001 3.73751469e+001 4.95898711e+001 9.88985710e+001 4.25030489e+001 1.07528398e+003 1.02011385e+003 5.23857040e+000 -3.80561796e+001 1.26130138e+001 0.00000000e+000 0.00000000e+000 1.00000000e+000 0.00000000e+000
 1.00000000e+000 1.06484956e+001 -9.31263414e-001 3.73692558e+001 4.96148427e+001 9.89268985e+001 4.24858837e+001 1.07527169e+003 1.02007219e+003 5.23288724e+000 -3.80260426e+001 1.26116738e+001 0.00000000e+000 0.00000000e+000 1.00000000e+000 0.00000000e+000
 1.00000000e+000 1.06235866e+001 -9.09543460e-001 3.73657280e+001 4.95935309e+001 9.89039175e+001 4.25190434e+001 1.07529156e+003 1.02009514e+003 5.26837162e+000 -3.80666311e+001 1.25921092e+001 0.00000000e+000 0.00000000e+000 1.00000000e+000 0.00000000e+000
 1.00000000e+000 1.06144856e+001 -9.11324139e-001 3.73343508e+001 4.95920613e+001 9.89109100e+001 4.25576153e+001 1.07530371e+003 1.02009995e+003 5.30388537e+000 -3.81287954e+001 1.25406282e+001 0.00000000e+000 0.00000000e+000 1.00000000e+000 0.00000000e+000
 1.00000000e+000 1.05951469e+001 -8.90242001e-001 3.73292142e+001 4.95664384e+001 9.89001210e+001 4.25729658e+001 1.07532644e+003 1.02011477e+003 5.34389878e+000 -3.81724514e+001 1.24955825e+001 0.00000000e+000 0.00000000e+000 1.00000000e+000 0.00000000e+000
 1.00000000e+000 1.05737797e+001 -8.98701642e-001 3.73466423e+001 4.95702831e+001 9.88881596e+001 4.25798465e+001 1.07535045e+003 1.02013360e+003 5.33587035e+000 -3.81797821e+001 1.25276749e+001 0.00000000e+000 0.00000000e+000 1.00000000e+000 0.00000000e+000
 1.00000000e+000 1.05423156e+001 -8.59785818e-001 3.73207433e+001 4.95472944e+001 9.88641852e+001 4.26404616e+001 1.07544017e+003 1.02018387e+003 5.44993067e+000 -3.83373306e+001 1.23939140e+001 0.00000000e+000 0.00000000e+000 1.00000000e+000 0.00000000e+000
 1.00000000e+000 1.05340297e+001 -8.97832740e-001 3.73162853e+001 4.95713726e+001 9.88378490e+001 4.27071816e+001 1.07546480e+003 1.02019476e+003 5.43434963e+000 -3.83895276e+001 1.24357506e+001 0.00000000e+000 0.00000000e+000 1.00000000e+000 0.00000000e+000
 1.00000000e+000 1.04909264e+001 -8.69323375e-001 3.73653286e+001 4.95605857e+001 9.87564018e+001 4.27589262e+001 1.07557912e+003 1.02028220e+003 5.45371982e+000 -3.85291298e+001 1.24466598e+001 0.00000000e+000 0.00000000e+000 1.00000000e+000 0.00000000e+000
 1.00000000e+000 1.04460056e+001 -8.08302878e-001 3.73747289e+001 4.95085720e+001 9.86799925e+001 4.28366453e+001 1.07563807e+003 1.02036149e+003 5.48800836e+000 -3.86711317e+001 1.24195399e+001 0.00000000e+000 0.00000000e+000 1.00000000e+000 0.00000000e+000
 1.00000000e+000 1.04060193e+001 -7.82743178e-001 3.73814872e+001 4.94751816e+001 9.86323132e+001 4.28932782e+001 1.07567986e+003 1.02041408e+003 5.49642187e+000 -3.87564358e+001 1.24333529e+001 0.00000000e+000 0.00000000e+000 1.00000000e+000 0.00000000e+000
 1.00000000e+000 1.04083435e+001 -8.27181418e-001 3.73081337e+001 4.95479688e+001 9.86896044e+001 4.29479942e+001 1.07571453e+003 1.02040384e+003 5.52971192e+000 -3.88402014e+001 1.23512916e+001 0.00000000e+000 0.00000000e+000 1.00000000e+000 0.00000000e+000
 1.00000000e+000 1.04229416e+001 -8.98623719e-001 3.72619273e+001 4.96395855e+001 9.87726049e+001 4.29432453e+001 1.07567641e+003 1.02036511e+003 5.48863046e+000 -3.87680451e+001 1.24002027e+001 0.00000000e+000 0.00000000e+000 1.00000000e+000 0.00000000e+000
 1.00000000e+000 1.04302839e+001 -9.35601574e-001 3.72389385e+001 4.97296609e+001 9.88273057e+001 4.29353006e+001 1.07568211e+003 1.02036355e+003 5.46015579e+000 -3.87214093e+001 1.24358179e+001 0.00000000e+000 0.00000000e+000 1.00000000e+000 0.00000000e+000
 1.00000000e+000 1.04693858e+001 -1.08700473e+000 3.71992114e+001 4.99032555e+001 9.89289469e+001 4.29302806e+001 1.07568426e+003 1.02028351e+003 5.36488832e+000 -3.86582218e+001 1.25072037e+001 0.00000000e+000 0.00000000e+000 1.00000000e+000 0.00000000e+000
 1.00000000e+000 1.05073235e+001 -1.24583033e+000 3.71401598e+001 5.00352839e+001 9.90301056e+001 4.29398263e+001 1.07565236e+003 1.02016671e+003 5.29192807e+000 -3.85852941e+001 1.25600303e+001 0.00000000e+000 0.00000000e+000 1.00000000e+000 0.00000000e+000
 1.00000000e+000 1.05519803e+001 -1.36807813e+000 3.71420421e+001 5.01506733e+001 9.91004173e+001 4.28952874e+001 1.07568492e+003 1.02011088e+003 5.25579089e+000 -3.85198786e+001 1.25957301e+001 0.00000000e+000 0.00000000e+000 1.00000000e+000 0.00000000e+000
 1.00000000e+000 1.05457011e+001 -1.39391485e+000 3.71342243e+001 5.01650002e+001 9.91235613e+001 4.28971645e+001 1.07567285e+003 1.02011911e+003 5.21057988e+000 -3.84663082e+001 1.26622478e+001 0.00000000e+000 0.00000000e+000 1.00000000e+000 0.00000000e+000
 1.00000000e+000 1.05355266e+001 -1.39945042e+000 3.71030735e+001 5.01712908e+001 9.91435083e+001 4.29297418e+001 1.07562171e+003 1.02013368e+003 5.17308017e+000 -3.84045360e+001 1.27334336e+001 0.00000000e+000 0.00000000e+000 1.00000000e+000 0.00000000e+000
 1.00000000e+000 1.02363587e+001 -1.04747642e+000 3.69349227e+001 4.98559324e+001 9.89464579e+001 4.34102542e+001 1.07553199e+003 1.02058837e+003 5.15487005e+000 -3.86344731e+001 1.29932467e+001 0.00000000e+000 0.00000000e+000 1.00000000e+000 0.00000000e+000
 1.00000000e+000 1.02104742e+001 -1.07044980e+000 3.69026967e+001 4.99003184e+001 9.89574350e+001 4.34747148e+001 1.07557162e+003 1.02062468e+003 5.14701303e+000 -3.86939401e+001 1.30058053e+001 0.00000000e+000 0.00000000e+000 1.00000000e+000 0.00000000e+000
 1.00000000e+000 1.01564945e+001 -1.07710931e+000 3.68395709e+001 4.99050875e+001 9.89460477e+001 4.36161416e+001 1.07558433e+003 1.02069620e+003 5.13283585e+000 -3.87866033e+001 1.30623141e+001 0.00000000e+000 0.00000000e+000 1.00000000e+000 0.00000000e+000
 1.00000000e+000 1.00974322e+001 -1.07046019e+000 3.68326378e+001 4.98992902e+001 9.89042003e+001 4.37112379e+001 1.07567935e+003 1.02078341e+003 5.16087528e+000 -3.89280627e+001 1.30655706e+001 0.00000000e+000 0.00000000e+000 1.00000000e+000 0.00000000e+000
 1.00000000e+000 1.00596095e+001 -1.07240642e+000 3.68346452e+001 4.98952772e+001 9.88701285e+001 4.37721918e+001 1.07577307e+003 1.02083593e+003 5.20262349e+000 -3.90586417e+001 1.30239096e+001 0.00000000e+000 0.00000000e+000 1.00000000e+000 0.00000000e+000
 1.00000000e+000 1.01005582e+001 -1.14732307e+000 3.68899897e+001 4.99650165e+001 9.88745390e+001 4.37071510e+001 1.07585573e+003 1.02078570e+003 5.21202280e+000 -3.90796191e+001 1.29752880e+001 0.00000000e+000 0.00000000e+000 1.00000000e+000 0.00000000e+000
 1.00000000e+000 1.01003219e+001 -1.16395267e+000 3.68532150e+001 4.99869828e+001 9.88889601e+001 4.37510714e+001 1.07591148e+003 1.02079820e+003 5.26249550e+000 -3.91731960e+001 1.28953891e+001 0.00000000e+000 0.00000000e+000 1.00000000e+000 0.00000000e+000
 1.00000000e+000 1.01353435e+001 -1.23146124e+000 3.68516607e+001 5.00531718e+001 9.89200499e+001 4.37330098e+001 1.07592648e+003 1.02075010e+003 5.25536136e+000 -3.91681402e+001 1.28799087e+001 0.00000000e+000 0.00000000e+000 1.00000000e+000 0.00000000e+000
 1.00000000e+000 1.01180229e+001 -1.31026289e+000 3.67356906e+001 5.01445269e+001 9.89779617e+001 4.38853298e+001 1.07590725e+003 1.02077039e+003 5.20372143e+000 -3.92151084e+001 1.29538886e+001 0.00000000e+000 0.00000000e+000 1.00000000e+000 0.00000000e+000
 1.00000000e+000 1.01283700e+001 -1.39025611e+000 3.66971450e+001 5.02372420e+001 9.90110417e+001 4.39490117e+001 1.07585548e+003 1.02075670e+003 5.10782702e+000 -3.91518145e+001 1.30943457e+001 0.00000000e+000 0.00000000e+000 1.00000000e+000 0.00000000e+000
 1.00000000e+000 1.01340262e+001 -1.47445893e+000 3.66861681e+001 5.03169274e+001 9.90434500e+001 4.39721892e+001 1.07581536e+003 1.02072949e+003 5.01077425e+000 -3.90780783e+001 1.32321088e+001 0.00000000e+000 0.00000000e+000 1.00000000e+000 0.00000000e+000
 1.00000000e+000 1.00868560e+001 -1.45629737e+000 3.66802159e+001 5.03365325e+001 9.90515553e+001 4.39929270e+001 1.07584250e+003 1.02078317e+003 4.99194560e+000 -3.90566878e+001 1.32958346e+001 0.00000000e+000 0.00000000e+000 0.00000000e+000 1.00000000e+000
 1.00000000e+000 1.00751708e+001 -1.46173066e+000 3.66597815e+001 5.03335064e+001 9.90655529e+001 4.40071859e+001 1.07585538e+003 1.02077848e+003 5.03063632e+000 -3.90760757e+001 1.32603950e+001 0.00000000e+000 0.00000000e+000 1.00000000e+000 0.00000000e+000
 1.00000000e+000 1.00744803e+001 -1.48913297e+000 3.66383206e+001 5.03438620e+001 9.90863810e+001 4.40215534e+001 1.07580307e+003 1.02075170e+003 5.00123538e+000 -3.90276219e+001 1.33068741e+001 0.00000000e+000 0.00000000e+000 1.00000000e+000 0.00000000e+000
 1.00000000e+000 1.00820019e+001 -1.54388915e+000 3.66156941e+001 5.03854020e+001 9.91173322e+001 4.40390004e+001 1.07576284e+003 1.02071945e+003 4.96104611e+000 -3.89808606e+001 1.33683096e+001 0.00000000e+000 0.00000000e+000 1.00000000e+000 0.00000000e+000
 1.00000000e+000 1.00598089e+001 -1.55462248e+000 3.65898562e+001 5.03887110e+001 9.90966693e+001 4.41224394e+001 1.07575268e+003 1.02074648e+003 4.94657879e+000 -3.90258853e+001 1.34196723e+001 0.00000000e+000 0.00000000e+000 1.00000000e+000 0.00000000e+000
 1.00000000e+000 9.95666264e+000 -1.45075647e+000 3.65198517e+001 5.03100227e+001 9.90312580e+001 4.43057757e+001 1.07583732e+003 1.02089913e+003 5.04880681e+000 -3.92561858e+001 1.33405118e+001 0.00000000e+000 0.00000000e+000 1.00000000e+000 0.00000000e+000
 1.00000000e+000 9.93788488e+000 -1.50018656e+000 3.65321515e+001 5.03567506e+001 9.90268919e+001 4.43381522e+001 1.07585245e+003 1.02092112e+003 4.97316263e+000 -3.92470031e+001 1.34533922e+001 0.00000000e+000 0.00000000e+000 0.00000000e+000 1.00000000e+000
 1.00000000e+000 9.94400892e+000 -1.50652137e+000 3.65790813e+001 5.03842662e+001 9.89805275e+001 4.43379548e+001 1.07596354e+003 1.02094373e+003 5.01063046e+000 -3.93333985e+001 1.34073890e+001 0.00000000e+000 0.00000000e+000 0.00000000e+000 1.00000000e+000
 1.00000000e+000 9.92601775e+000 -1.51009831e+000 3.65530452e+001 5.04003943e+001 9.89387183e+001 4.44451292e+001 1.07609209e+003 1.02100139e+003 5.09498097e+000 -3.95471421e+001 1.32871017e+001 0.00000000e+000 0.00000000e+000 1.00000000e+000 0.00000000e+000
 1.00000000e+000 9.87994418e+000 -1.45394017e+000 3.65494927e+001 5.03588582e+001 9.88815070e+001 4.45214282e+001 1.07619025e+003 1.02109258e+003 5.16733436e+000 -3.97034898e+001 1.32103831e+001 0.00000000e+000 0.00000000e+000 1.00000000e+000 0.00000000e+000
 1.00000000e+000 9.81008309e+000 -1.36954218e+000 3.65494161e+001 5.03038314e+001 9.87945246e+001 4.46308154e+001 1.07634212e+003 1.02122662e+003 5.27912231e+000 -3.99549875e+001 1.30969026e+001 0.00000000e+000 0.00000000e+000 1.00000000e+000 0.00000000e+000
 1.00000000e+000 9.69709477e+000 -1.27486337e+000 3.65452682e+001 5.02536056e+001 9.86734770e+001 4.48084902e+001 1.07655270e+003 1.02141214e+003 5.41260021e+000 -4.02863623e+001 1.29928767e+001 0.00000000e+000 0.00000000e+000 1.00000000e+000 0.00000000e+000
 1.00000000e+000 9.58921421e+000 -1.18752024e+000 3.65408272e+001 5.01910620e+001 9.85378033e+001 4.50030129e+001 1.07673656e+003 1.02158374e+003 5.51585418e+000 -4.06164716e+001 1.29108831e+001 0.00000000e+000 0.00000000e+000 1.00000000e+000 0.00000000e+000
 1.00000000e+000 9.51145055e+000 -1.19536164e+000 3.65683323e+001 5.01896046e+001 9.84463114e+001 4.51269946e+001 1.07689056e+003 1.02168148e+003 5.55884128e+000 -4.08390127e+001 1.29127539e+001 0.00000000e+000 0.00000000e+000 1.00000000e+000 0.00000000e+000
 1.00000000e+000 9.45432110e+000 -1.17930584e+000 3.65743916e+001 5.01802768e+001 9.83688302e+001 4.52420203e+001 1.07700980e+003 1.02176608e+003 5.60586717e+000 -4.10434422e+001 1.28829045e+001 0.00000000e+000 0.00000000e+000 1.00000000e+000 0.00000000e+000
 1.00000000e+000 9.44920201e+000 -1.21709048e+000 3.65923726e+001 5.02301155e+001 9.83408465e+001 4.52768682e+001 1.07710822e+003 1.02177420e+003 5.63129213e+000 -4.11639442e+001 1.28396725e+001 0.00000000e+000 0.00000000e+000 1.00000000e+000 0.00000000e+000
 1.00000000e+000 9.38402234e+000 -1.18595549e+000 3.65486895e+001 5.02107939e+001 9.82790985e+001 4.54371982e+001 1.07721539e+003 1.02186746e+003 5.70440852e+000 -4.14010976e+001 1.27699297e+001 0.00000000e+000 0.00000000e+000 1.00000000e+000 0.00000000e+000
 1.00000000e+000 9.34021297e+000 -1.14557592e+000 3.66028358e+001 5.01523352e+001 9.81884398e+001 4.54753053e+001 1.07727302e+003 1.02192567e+003 5.70669489e+000 -4.15022576e+001 1.27951867e+001 0.00000000e+000 0.00000000e+000 0.00000000e+000 1.00000000e+000
 1.00000000e+000 9.31761063e+000 -1.12020462e+000 3.66058620e+001 5.01250437e+001 9.81591038e+001 4.55021833e+001 1.07733753e+003 1.02195573e+003 5.77185879e+000 -4.16093612e+001 1.27141438e+001 0.00000000e+000 0.00000000e+000 1.00000000e+000 0.00000000e+000
 1.00000000e+000 9.30967825e+000 -1.08178825e+000 3.65600838e+001 5.00953745e+001 9.81702854e+001 4.55299735e+001 1.07733527e+003 1.02195870e+003 5.84335132e+000 -4.16708967e+001 1.26025343e+001 0.00000000e+000 0.00000000e+000 1.00000000e+000 0.00000000e+000
 1.00000000e+000 9.29837108e+000 -1.05986502e+000 3.65156412e+001 5.00906630e+001 9.81798469e+001 4.55776950e+001 1.07730497e+003 1.02197971e+003 5.84870641e+000 -4.16829693e+001 1.26049634e+001 0.00000000e+000 0.00000000e+000 0.00000000e+000 1.00000000e+000
 1.00000000e+000 9.27062228e+000 -1.08302720e+000 3.64910820e+001 5.00852559e+001 9.81869554e+001 4.56245520e+001 1.07729886e+003 1.02198568e+003 5.84562264e+000 -4.17116802e+001 1.26331413e+001 0.00000000e+000 0.00000000e+000 1.00000000e+000 0.00000000e+000
 1.00000000e+000 9.23815650e+000 -1.05634155e+000 3.64577866e+001 5.00348152e+001 9.81844505e+001 4.56718948e+001 1.07726796e+003 1.02200890e+003 5.86627068e+000 -4.17355607e+001 1.26344486e+001 0.00000000e+000 0.00000000e+000 1.00000000e+000 0.00000000e+000
 1.00000000e+000 9.20935181e+000 -1.04779595e+000 3.63702082e+001 5.00294877e+001 9.82173346e+001 4.57637398e+001 1.07722409e+003 1.02203548e+003 5.89686573e+000 -4.17663794e+001 1.26266881e+001 0.00000000e+000 0.00000000e+000 0.00000000e+000 1.00000000e+000
 1.00000000e+000 9.18781773e+000 -1.07565107e+000 3.63499168e+001 5.00314835e+001 9.82323080e+001 4.57952675e+001 1.07714969e+003 1.02202405e+003 5.83966465e+000 -4.17003116e+001 1.27359401e+001 0.00000000e+000 0.00000000e+000 0.00000000e+000 1.00000000e+000
 1.00000000e+000 9.20887086e+000 -1.13376655e+000 3.63177896e+001 5.01121815e+001 9.82919075e+001 4.57862058e+001 1.07714389e+003 1.02197571e+003 5.82189798e+000 -4.16782060e+001 1.27276163e+001 0.00000000e+000 0.00000000e+000 0.00000000e+000 1.00000000e+000
 1.00000000e+000 9.20647432e+000 -1.16491524e+000 3.63109434e+001 5.01013685e+001 9.83003946e+001 4.57949984e+001 1.07708589e+003 1.02194540e+003 5.79930069e+000 -4.16257809e+001 1.27823323e+001 0.00000000e+000 0.00000000e+000 0.00000000e+000 1.00000000e+000
 1.00000000e+000 9.19401991e+000 -1.17738497e+000 3.62561583e+001 5.01286652e+001 9.83380884e+001 4.58383343e+001 1.07707489e+003 1.02194868e+003 5.81643693e+000 -4.16450594e+001 1.27639421e+001 1.00000000e+000 0.00000000e+000 0.00000000e+000 0.00000000e+000
 1.00000000e+000 9.17765726e+000 -1.21266089e+000 3.62780919e+001 5.01621618e+001 9.83291857e+001 4.58540990e+001 1.07707520e+003 1.02196775e+003 5.73239412e+000 -4.16021032e+001 1.28979576e+001 0.00000000e+000 0.00000000e+000 0.00000000e+000 1.00000000e+000
 1.00000000e+000 9.18916868e+000 -1.19713015e+000 3.63190340e+001 5.01408180e+001 9.82962140e+001 4.58234849e+001 1.07710622e+003 1.02196828e+003 5.76229065e+000 -4.16377782e+001 1.28642252e+001 1.00000000e+000 0.00000000e+000 0.00000000e+000 0.00000000e+000
 1.00000000e+000 9.15030081e+000 -1.10916593e+000 3.63483139e+001 5.00355660e+001 9.82211453e+001 4.58470267e+001 1.07712135e+003 1.02202946e+003 5.80797418e+000 -4.16954722e+001 1.28531789e+001 1.00000000e+000 0.00000000e+000 0.00000000e+000 0.00000000e+000
 1.00000000e+000 9.12940068e+000 -1.02564492e+000 3.63939249e+001 4.99115434e+001 9.81422140e+001 4.58385643e+001 1.07710734e+003 1.02205835e+003 5.85645498e+000 -4.17282231e+001 1.28288107e+001 0.00000000e+000 0.00000000e+000 0.00000000e+000 1.00000000e+000
 1.00000000e+000 9.11037949e+000 -9.66869180e-001 3.64033116e+001 4.98500145e+001 9.81009893e+001 4.58522692e+001 1.07710473e+003 1.02208278e+003 5.89921262e+000 -4.17698628e+001 1.27926511e+001 0.00000000e+000 0.00000000e+000 1.00000000e+000 0.00000000e+000
 1.00000000e+000 9.10109853e+000 -9.16557602e-001 3.63872568e+001 4.97793521e+001 9.80845196e+001 4.58630194e+001 1.07710720e+003 1.02208860e+003 5.96618279e+000 -4.18286522e+001 1.26969211e+001 1.00000000e+000 0.00000000e+000 0.00000000e+000 0.00000000e+000
 1.00000000e+000 9.07220681e+000 -8.16740321e-001 3.63945742e+001 4.96609296e+001 9.80418569e+001 4.58614320e+001 1.07709410e+003 1.02213431e+003 6.02980690e+000 -4.18511512e+001 1.26389336e+001 0.00000000e+000 0.00000000e+000 1.00000000e+000 0.00000000e+000
 1.00000000e+000 9.02721283e+000 -7.05957800e-001 3.63643212e+001 4.95821867e+001 9.80499019e+001 4.58531858e+001 1.07712103e+003 1.02219238e+003 6.10998424e+000 -4.18921848e+001 1.25218944e+001 0.00000000e+000 0.00000000e+000 1.00000000e+000 0.00000000e+000
 1.00000000e+000 9.00137546e+000 -5.78815967e-001 3.62958563e+001 4.95406650e+001 9.80970758e+001 4.58430074e+001 1.07707756e+003 1.02224598e+003 6.14831828e+000 -4.18501915e+001 1.24422837e+001 0.00000000e+000 0.00000000e+000 1.00000000e+000 0.00000000e+000
 1.00000000e+000 8.98981843e+000 -5.29248751e-001 3.62090355e+001 4.95646083e+001 9.81917654e+001 4.58305493e+001 1.07703961e+003 1.02225670e+003 6.15377047e+000 -4.17927711e+001 1.23826372e+001 0.00000000e+000 0.00000000e+000 1.00000000e+000 0.00000000e+000
 1.00000000e+000 8.96868717e+000 -4.48210999e-001 3.61640066e+001 4.94895763e+001 9.81966981e+001 4.58538725e+001 1.07697529e+003 1.02229103e+003 6.18776763e+000 -4.17730207e+001 1.23458429e+001 0.00000000e+000 0.00000000e+000 1.00000000e+000 0.00000000e+000
 1.00000000e+000 8.97112518e+000 -4.57955267e-001 3.61103700e+001 4.94765217e+001 9.82269902e+001 4.58825338e+001 1.07698566e+003 1.02226718e+003 6.26817439e+000 -4.18525419e+001 1.22174295e+001 0.00000000e+000 0.00000000e+000 0.00000000e+000 1.00000000e+000
 1.00000000e+000 8.95002983e+000 -4.00706250e-001 3.60864269e+001 4.94396232e+001 9.82396498e+001 4.58870038e+001 1.07692538e+003 1.02230885e+003 6.26308231e+000 -4.17901369e+001 1.22414926e+001 0.00000000e+000 0.00000000e+000 1.00000000e+000 0.00000000e+000
 1.00000000e+000 9.00165386e+000 -4.65364509e-001 3.61119228e+001 4.95241125e+001 9.83012165e+001 4.57843701e+001 1.07691499e+003 1.02223958e+003 6.22243780e+000 -4.16757718e+001 1.22630552e+001 0.00000000e+000 0.00000000e+000 0.00000000e+000 1.00000000e+000
 1.00000000e+000 9.03541253e+000 -5.05605637e-001 3.61247888e+001 4.95699298e+001 9.83262841e+001 4.57379932e+001 1.07694420e+003 1.02219641e+003 6.23701614e+000 -4.16627459e+001 1.22163879e+001 0.00000000e+000 0.00000000e+000 0.00000000e+000 1.00000000e+000
 1.00000000e+000 9.00744906e+000 -5.07061113e-001 3.61496527e+001 4.95702532e+001 9.82900090e+001 4.57636378e+001 1.07701777e+003 1.02222697e+003 6.25818940e+000 -4.17344837e+001 1.22117824e+001 0.00000000e+000 0.00000000e+000 0.00000000e+000 1.00000000e+000
 1.00000000e+000 8.95446205e+000 -4.09088481e-001 3.61357006e+001 4.95080095e+001 9.82293860e+001 4.58404429e+001 1.07708643e+003 1.02232840e+003 6.32183374e+000 -4.18758263e+001 1.21472624e+001 0.00000000e+000 0.00000000e+000 0.00000000e+000 1.00000000e+000
 1.00000000e+000 8.93989664e+000 -4.01922346e-001 3.61421605e+001 4.94603247e+001 9.81940540e+001 4.58719576e+001 1.07710982e+003 1.02233714e+003 6.34134753e+000 -4.19557928e+001 1.21152699e+001 0.00000000e+000 0.00000000e+000 0.00000000e+000 1.00000000e+000
 1.00000000e+000 8.95701956e+000 -3.78894349e-001 3.60986344e+001 4.94172591e+001 9.82218590e+001 4.58668507e+001 1.07706462e+003 1.02230961e+003 6.40191019e+000 -4.19611441e+001 1.20104584e+001 0.00000000e+000 0.00000000e+000 1.00000000e+000 0.00000000e+000
 1.00000000e+000 8.91029053e+000 -2.76621444e-001 3.60690560e+001 4.93447413e+001 9.82246196e+001 4.58712158e+001 1.07709895e+003 1.02237186e+003 6.48742512e+000 -4.19990256e+001 1.19050291e+001 0.00000000e+000 0.00000000e+000 0.00000000e+000 1.00000000e+000
 1.00000000e+000 8.93775108e+000 -2.74641112e-001 3.60976953e+001 4.93887809e+001 9.82368015e+001 4.58119954e+001 1.07712571e+003 1.02237108e+003 6.47579502e+000 -4.19897425e+001 1.18769191e+001 0.00000000e+000 0.00000000e+000 0.00000000e+000 1.00000000e+000
 1.00000000e+000 8.88339584e+000 -1.87582569e-001 3.60853887e+001 4.93037217e+001 9.81872935e+001 4.58675756e+001 1.07723461e+003 1.02244801e+003 6.60914186e+000 -4.21627444e+001 1.17162298e+001 0.00000000e+000 0.00000000e+000 0.00000000e+000 1.00000000e+000
 1.00000000e+000 8.83497772e+000 -1.37348928e-001 3.60597707e+001 4.92291235e+001 9.81338896e+001 4.59611687e+001 1.07731245e+003 1.02250841e+003 6.71692181e+000 -4.23432289e+001 1.15937952e+001 0.00000000e+000 0.00000000e+000 0.00000000e+000 1.00000000e+000
 1.00000000e+000 8.79125100e+000 -1.07652135e-001 3.60587743e+001 4.91781922e+001 9.80685238e+001 4.60473839e+001 1.07736868e+003 1.02256501e+003 6.75249994e+000 -4.24764194e+001 1.15712467e+001 0.00000000e+000 0.00000000e+000 0.00000000e+000 1.00000000e+000
 1.00000000e+000 8.74549555e+000 -7.46271958e-002 3.60789724e+001 4.91467477e+001 9.80130369e+001 4.60960193e+001 1.07742337e+003 1.02262148e+003 6.77345721e+000 -4.25698937e+001 1.15771728e+001 0.00000000e+000 0.00000000e+000 0.00000000e+000 1.00000000e+000
 1.00000000e+000 8.71836626e+000 -5.20889281e-002 3.60821703e+001 4.91137466e+001 9.79818462e+001 4.61278487e+001 1.07745579e+003 1.02264292e+003 6.80763323e+000 -4.26507573e+001 1.15425391e+001 0.00000000e+000 0.00000000e+000 0.00000000e+000 1.00000000e+000
 1.00000000e+000 8.71362740e+000 -4.17265448e-002 3.60740835e+001 4.91142875e+001 9.79867945e+001 4.61285545e+001 1.07746921e+003 1.02264291e+003 6.83120668e+000 -4.26855511e+001 1.15009856e+001 0.00000000e+000 0.00000000e+000 0.00000000e+000 1.00000000e+000
 1.00000000e+000 8.75957836e+000 -6.14895829e-002 3.60868828e+001 4.91764681e+001 9.80201115e+001 4.60574227e+001 1.07749999e+003 1.02258319e+003 6.85654117e+000 -4.26830158e+001 1.14085944e+001 0.00000000e+000 0.00000000e+000 0.00000000e+000 1.00000000e+000
 1.00000000e+000 8.73671701e+000 1.84362940e-002 3.60572991e+001 4.91487342e+001 9.80083789e+001 4.60938339e+001 1.07752588e+003 1.02264806e+003 6.90941410e+000 -4.27561915e+001 1.13349510e+001 0.00000000e+000 0.00000000e+000 0.00000000e+000 1.00000000e+000
 1.00000000e+000 8.69971363e+000 1.09629277e-001 3.59997988e+001 4.91087473e+001 9.80078461e+001 4.61524609e+001 1.07756759e+003 1.02272822e+003 6.98683067e+000 -4.28529047e+001 1.12259591e+001 0.00000000e+000 0.00000000e+000 0.00000000e+000 1.00000000e+000
 1.00000000e+000 8.62051316e+000 2.75534731e-001 3.59039761e+001 4.90203114e+001 9.79139144e+001 4.63701376e+001 1.07772149e+003 1.02290393e+003 7.17944223e+000 -4.32118443e+001 1.09885421e+001 0.00000000e+000 0.00000000e+000 0.00000000e+000 1.00000000e+000
 1.00000000e+000 8.52303112e+000 3.60199039e-001 3.58927644e+001 4.90023687e+001 9.78650551e+001 4.64655126e+001 1.07787722e+003 1.02305194e+003 7.23551506e+000 -4.34299638e+001 1.09356745e+001 0.00000000e+000 0.00000000e+000 0.00000000e+000 1.00000000e+000
 1.00000000e+000 8.44960257e+000 4.68707418e-001 3.58719421e+001 4.89270548e+001 9.77317438e+001 4.66477905e+001 1.07806189e+003 1.02319070e+003 7.37865049e+000 -4.38127067e+001 1.07455565e+001 0.00000000e+000 0.00000000e+000 0.00000000e+000 1.00000000e+000
 1.00000000e+000 8.41403545e+000 5.50742933e-001 3.58515013e+001 4.88824806e+001 9.76436382e+001 4.67680617e+001 1.07816288e+003 1.02327591e+003 7.47885868e+000 -4.40540098e+001 1.06151656e+001 0.00000000e+000 0.00000000e+000 0.00000000e+000 1.00000000e+000
 1.00000000e+000 8.39455343e+000 5.79621509e-001 3.58666457e+001 4.88656162e+001 9.75942000e+001 4.68065253e+001 1.07818751e+003 1.02330834e+003 7.47572582e+000 -4.41249884e+001 1.06221268e+001 0.00000000e+000 0.00000000e+000 0.00000000e+000 1.00000000e+000
 1.00000000e+000 8.39119357e+000 6.01341705e-001 3.58746809e+001 4.88450574e+001 9.75698601e+001 4.68168333e+001 1.07815106e+003 1.02331230e+003 7.44625965e+000 -4.41124583e+001 1.06617007e+001 0.00000000e+000 0.00000000e+000 0.00000000e+000 1.00000000e+000
 1.00000000e+000 8.39029656e+000 6.25035014e-001 3.58862395e+001 4.88507781e+001 9.75714953e+001 4.67940811e+001 1.07812082e+003 1.02332432e+003 7.40285745e+000 -4.40615302e+001 1.07163267e+001 0.00000000e+000 0.00000000e+000 0.00000000e+000 1.00000000e+000
 1.00000000e+000 8.41562837e+000 5.84739511e-001 3.58986006e+001 4.88780267e+001 9.75979301e+001 4.67427008e+001 1.07813158e+003 1.02326349e+003 7.41461072e+000 -4.40414779e+001 1.06776451e+001 0.00000000e+000 0.00000000e+000 0.00000000e+000 1.00000000e+000
 1.00000000e+000 8.38436419e+000 6.37620262e-001 3.58948269e+001 4.88491539e+001 9.75524444e+001 4.67974792e+001 1.07814884e+003 1.02331191e+003 7.42325348e+000 -4.41168525e+001 1.06790260e+001 0.00000000e+000 0.00000000e+000 0.00000000e+000 1.00000000e+000
 1.00000000e+000 8.35453568e+000 7.33336917e-001 3.58571764e+001 4.87669236e+001 9.74964079e+001 4.68845120e+001 1.07815364e+003 1.02336469e+003 7.49528601e+000 -4.42489775e+001 1.05836432e+001 0.00000000e+000 0.00000000e+000 0.00000000e+000 1.00000000e+000
 1.00000000e+000 8.95849135e+000 1.08670398e-002 3.60434739e+001 4.94441684e+001 9.79460113e+001 4.60669506e+001 1.07840597e+003 1.02244901e+003 7.68002829e+000 -4.40573242e+001 9.77195093e+000 0.00000000e+000 0.00000000e+000 0.00000000e+000 1.00000000e+000
 1.00000000e+000 8.98415573e+000 7.12247937e-002 3.60348996e+001 4.94119065e+001 9.79137668e+001 4.60697526e+001 1.07847630e+003 1.02243925e+003 7.78845381e+000 -4.42073798e+001 9.55606077e+000 0.00000000e+000 0.00000000e+000 0.00000000e+000 1.00000000e+000
 1.00000000e+000 8.99040678e+000 1.35231022e-001 3.60275928e+001 4.93868756e+001 9.78895521e+001 4.60742736e+001 1.07856793e+003 1.02246080e+003 7.89912905e+000 -4.43512173e+001 9.37152124e+000 0.00000000e+000 0.00000000e+000 0.00000000e+000 1.00000000e+000
 1.00000000e+000 8.94893361e+000 2.44749016e-001 3.60236419e+001 4.93101510e+001 9.78337391e+001 4.61195205e+001 1.07859734e+003 1.02254293e+003 7.93723445e+000 -4.44406108e+001 9.32007813e+000 0.00000000e+000 0.00000000e+000 0.00000000e+000 1.00000000e+000
 1.00000000e+000 8.95456082e+000 2.60743419e-001 3.60108465e+001 4.93059035e+001 9.78387742e+001 4.61164595e+001 1.07863832e+003 1.02253719e+003 7.99742798e+000 -4.45110545e+001 9.21209750e+000 0.00000000e+000 0.00000000e+000 0.00000000e+000 1.00000000e+000
 1.00000000e+000 8.90746068e+000 3.77138524e-001 3.59311014e+001 4.91987397e+001 9.77778342e+001 4.62633555e+001 1.07870966e+003 1.02262674e+003 8.16569876e+000 -4.47780872e+001 8.99514584e+000 1.00000000e+000 0.00000000e+000 0.00000000e+000 0.00000000e+000
 1.00000000e+000 8.88054279e+000 4.25803373e-001 3.59025065e+001 4.91551128e+001 9.77558148e+001 4.63189877e+001 1.07872285e+003 1.02266876e+003 8.21412632e+000 -4.48685308e+001 8.94527824e+000 1.00000000e+000 0.00000000e+000 0.00000000e+000 0.00000000e+000
 1.00000000e+000 8.88625598e+000 4.16353890e-001 3.58775271e+001 4.91646972e+001 9.77601768e+001 4.63497959e+001 1.07871608e+003 1.02266074e+003 8.22973453e+000 -4.49026715e+001 8.92190222e+000 0.00000000e+000 0.00000000e+000 0.00000000e+000 1.00000000e+000
 1.00000000e+000 8.85906786e+000 3.92019121e-001 3.59059124e+001 4.91841725e+001 9.77477418e+001 4.63557388e+001 1.07872283e+003 1.02268049e+003 8.19105740e+000 -4.48731767e+001 9.02334144e+000 0.00000000e+000 0.00000000e+000 0.00000000e+000 1.00000000e+000
 1.00000000e+000 8.88936743e+000 3.02282435e-001 3.59587986e+001 4.92720852e+001 9.77765139e+001 4.62787121e+001 1.07872634e+003 1.02262496e+003 8.11902534e+000 -4.47697934e+001 9.11918880e+000 0.00000000e+000 0.00000000e+000 0.00000000e+000 1.00000000e+000
 1.00000000e+000 8.91466671e+000 2.33336198e-001 3.60225481e+001 4.93162674e+001 9.77393931e+001 4.62630400e+001 1.07875180e+003 1.02259841e+003 8.04910790e+000 -4.47659694e+001 9.20699037e+000 0.00000000e+000 0.00000000e+000 0.00000000e+000 1.00000000e+000
 1.00000000e+000 8.90914134e+000 1.76139862e-001 3.60360751e+001 4.93623868e+001 9.77146393e+001 4.63112245e+001 1.07882771e+003 1.02261198e+003 8.04475953e+000 -4.48431265e+001 9.22905558e+000 0.00000000e+000 0.00000000e+000 0.00000000e+000 1.00000000e+000
 1.00000000e+000 8.87040625e+000 1.70103397e-001 3.60829691e+001 4.93566866e+001 9.76710785e+001 4.63265652e+001 1.07886391e+003 1.02265826e+003 8.00056744e+000 -4.48450519e+001 9.32427516e+000 0.00000000e+000 0.00000000e+000 0.00000000e+000 1.00000000e+000
 1.00000000e+000 8.85359493e+000 9.31862339e-002 3.61142089e+001 4.94026236e+001 9.76722719e+001 4.63321213e+001 1.07883264e+003 1.02265070e+003 7.89656247e+000 -4.47513671e+001 9.50611096e+000 0.00000000e+000 0.00000000e+000 0.00000000e+000 1.00000000e+000
 1.00000000e+000 8.85243475e+000 -1.82846084e-002 3.61854029e+001 4.94850944e+001 9.76968898e+001 4.62641037e+001 1.07879919e+003 1.02261405e+003 7.75527473e+000 -4.45836897e+001 9.72995363e+000 0.00000000e+000 0.00000000e+000 0.00000000e+000 1.00000000e+000
 1.00000000e+000 8.82278847e+000 -3.46833754e-002 3.61654489e+001 4.95001439e+001 9.77055304e+001 4.63114245e+001 1.07876292e+003 1.02264895e+003 7.69757416e+000 -4.45405154e+001 9.84276628e+000 0.00000000e+000 0.00000000e+000 0.00000000e+000 1.00000000e+000
 1.00000000e+000 8.82050201e+000 -6.27647184e-002 3.61187670e+001 4.95064249e+001 9.76792300e+001 4.64258824e+001 1.07883395e+003 1.02267132e+003 7.76379658e+000 -4.47379783e+001 9.74536613e+000 0.00000000e+000 0.00000000e+000 0.00000000e+000 1.00000000e+000
 1.00000000e+000 8.86535483e+000 -2.04096971e-001 3.61904932e+001 4.96159499e+001 9.77002990e+001 4.63524603e+001 1.07882709e+003 1.02259255e+003 7.65052131e+000 -4.46141601e+001 9.89523618e+000 0.00000000e+000 0.00000000e+000 0.00000000e+000 1.00000000e+000
 1.00000000e+000 8.87009688e+000 -2.59239591e-001 3.62128391e+001 4.96509347e+001 9.77044400e+001 4.63407261e+001 1.07884468e+003 1.02257486e+003 7.63162215e+000 -4.45962394e+001 9.93103020e+000 0.00000000e+000 0.00000000e+000 0.00000000e+000 1.00000000e+000
 1.00000000e+000 8.86334934e+000 -2.84372424e-001 3.62616304e+001 4.96738535e+001 9.76846434e+001 4.63198755e+001 1.07883473e+003 1.02258361e+003 7.55445948e+000 -4.45177026e+001 1.00645216e+001 0.00000000e+000 0.00000000e+000 0.00000000e+000 1.00000000e+000
 1.00000000e+000 8.85288778e+000 -2.68449237e-001 3.63091838e+001 4.97114523e+001 9.76763393e+001 4.62703750e+001 1.07889840e+003 1.02260448e+003 7.55636576e+000 -4.45338371e+001 1.00441220e+001 0.00000000e+000 0.00000000e+000 0.00000000e+000 1.00000000e+000
 1.00000000e+000 8.92832609e+000 -3.25540539e-001 3.63479307e+001 4.97646863e+001 9.77085491e+001 4.61509393e+001 1.07897863e+003 1.02249043e+003 7.66040495e+000 -4.45623030e+001 9.82798434e+000 0.00000000e+000 0.00000000e+000 0.00000000e+000 1.00000000e+000
 1.00000000e+000 8.81946576e+000 -2.46572195e-001 3.63479014e+001 4.97179753e+001 9.76822462e+001 4.61985149e+001 1.07907049e+003 1.02261621e+003 7.68022554e+000 -4.46515173e+001 9.84945711e+000 0.00000000e+000 0.00000000e+000 0.00000000e+000 1.00000000e+000
 1.00000000e+000 8.78742514e+000 -1.67350486e-001 3.63543013e+001 4.96658950e+001 9.76049009e+001 4.62613670e+001 1.07920956e+003 1.02268617e+003 7.79367996e+000 -4.48781029e+001 9.67925325e+000 0.00000000e+000 0.00000000e+000 0.00000000e+000 1.00000000e+000
 1.00000000e+000 8.74900733e+000 -7.75257965e-002 3.63492833e+001 4.96081855e+001 9.75444957e+001 4.63148532e+001 1.07933392e+003 1.02275683e+003 7.90812204e+000 -4.50732392e+001 9.50703884e+000 0.00000000e+000 0.00000000e+000 0.00000000e+000 1.00000000e+000
 1.00000000e+000 8.70448314e+000 3.60110860e-002 3.63182422e+001 4.95506065e+001 9.74925993e+001 4.63934517e+001 1.07944694e+003 1.02285565e+003 8.03139305e+000 -4.52784802e+001 9.32756447e+000 0.00000000e+000 0.00000000e+000 0.00000000e+000 1.00000000e+000
 1.00000000e+000 8.66950942e+000 1.41716284e-001 3.62841259e+001 4.94809117e+001 9.74309020e+001 4.64793942e+001 1.07959607e+003 1.02293733e+003 8.21157796e+000 -4.55460683e+001 9.07217422e+000 0.00000000e+000 0.00000000e+000 0.00000000e+000 1.00000000e+000
 1.00000000e+000 8.69698071e+000 1.87947426e-001 3.62249319e+001 4.94498409e+001 9.74378321e+001 4.65009290e+001 1.07969196e+003 1.02291479e+003 8.39245046e+000 -4.57345228e+001 8.75118023e+000 1.00000000e+000 0.00000000e+000 0.00000000e+000 0.00000000e+000
 1.00000000e+000 8.20632920e+000 9.56005769e-001 3.60401116e+001 4.87993395e+001 9.69722821e+001 4.72463865e+001 1.07969097e+003 1.02374667e+003 8.50216315e+000 -4.63022993e+001 8.96394216e+000 1.00000000e+000 0.00000000e+000 0.00000000e+000 0.00000000e+000
 1.00000000e+000 8.27105635e+000 9.95792932e-001 3.60037841e+001 4.87892325e+001 9.69869303e+001 4.72153849e+001 1.07982176e+003 1.02370199e+003 8.70875647e+000 -4.65102782e+001 8.57398022e+000 1.00000000e+000 0.00000000e+000 0.00000000e+000 0.00000000e+000
 1.00000000e+000 8.27338570e+000 1.07819750e+000 3.59541128e+001 4.87413895e+001 9.69712476e+001 4.72561774e+001 1.07990692e+003 1.02372515e+003 8.87615831e+000 -4.66978578e+001 8.30491395e+000 0.00000000e+000 0.00000000e+000 0.00000000e+000 1.00000000e+000
 1.00000000e+000 8.27691067e+000 1.17356643e+000 3.58519263e+001 4.86669243e+001 9.69886494e+001 4.73099831e+001 1.07996204e+003 1.02372393e+003 9.09229132e+000 -4.68983783e+001 7.95349103e+000 0.00000000e+000 0.00000000e+000 0.00000000e+000 0.00000000e+000
 1.00000000e+000 8.21930193e+000 1.36846395e+000 3.57833023e+001 4.85157201e+001 9.69219440e+001 4.74137042e+001 1.08006783e+003 1.02384585e+003 9.32071027e+000 -4.71788948e+001 7.64506703e+000 1.00000000e+000 0.00000000e+000 0.00000000e+000 0.00000000e+000
 1.00000000e+000 8.18779009e+000 1.50528848e+000 3.57277016e+001 4.84182685e+001 9.68851646e+001 4.74777572e+001 1.08015100e+003 1.02391753e+003 9.49525402e+000 -4.73911031e+001 7.38811323e+000 0.00000000e+000 0.00000000e+000 0.00000000e+000 1.00000000e+000
 1.00000000e+000 8.16420178e+000 1.63839075e+000 3.57121270e+001 4.82995804e+001 9.68212475e+001 4.75133380e+001 1.08022707e+003 1.02397439e+003 9.66335391e+000 -4.75814801e+001 7.15257120e+000 0.00000000e+000 0.00000000e+000 0.00000000e+000 1.00000000e+000
 1.00000000e+000 8.12003648e+000 1.80634774e+000 3.56190570e+001 4.81663668e+001 9.67760690e+001 4.76288316e+001 1.08029741e+003 1.02407065e+003 9.87367785e+000 -4.78299994e+001 6.87084275e+000 1.00000000e+000 0.00000000e+000 0.00000000e+000 0.00000000e+000
 1.00000000e+000 8.05211844e+000 1.96489743e+000 3.55637324e+001 4.80653356e+001 9.67136018e+001 4.77355161e+001 1.08038973e+003 1.02418187e+003 1.00262535e+001 -4.80606054e+001 6.66454015e+000 0.00000000e+000 0.00000000e+000 0.00000000e+000 1.00000000e+000
 1.00000000e+000 8.42452779e+000 1.57641630e+000 3.56653849e+001 4.84409413e+001 9.69494921e+001 4.72624490e+001 1.08066443e+003 1.02363041e+003 1.02995019e+001 -4.81656256e+001 5.90744052e+000 1.00000000e+000 0.00000000e+000 0.00000000e+000 0.00000000e+000
 1.00000000e+000 8.36981015e+000 1.72464707e+000 3.56224219e+001 4.83335840e+001 9.68454696e+001 4.74050214e+001 1.08081422e+003 1.02375246e+003 1.04780285e+001 -4.85040563e+001 5.65607193e+000 0.00000000e+000 0.00000000e+000 0.00000000e+000 1.00000000e+000
 1.00000000e+000 8.33437630e+000 1.83920830e+000 3.56026363e+001 4.82527655e+001 9.67684944e+001 4.74820092e+001 1.08095508e+003 1.02382196e+003 1.06486949e+001 -4.87732046e+001 5.40330212e+000 0.00000000e+000 0.00000000e+000 0.00000000e+000 1.00000000e+000
 1.00000000e+000 8.25891553e+000 2.01700244e+000 3.55687988e+001 4.81021149e+001 9.66395496e+001 4.76305010e+001 1.08111043e+003 1.02395183e+003 1.08568450e+001 -4.91385099e+001 5.12508860e+000 0.00000000e+000 0.00000000e+000 0.00000000e+000 1.00000000e+000
 1.00000000e+000 8.26394481e+000 2.11078907e+000 3.55624769e+001 4.80327277e+001 9.65664775e+001 4.76669986e+001 1.08124003e+003 1.02396063e+003 1.10500848e+001 -4.94198157e+001 4.80672094e+000 0.00000000e+000 0.00000000e+000 0.00000000e+000 1.00000000e+000
 1.00000000e+000 8.23334274e+000 2.21962380e+000 3.55300138e+001 4.79533052e+001 9.65030365e+001 4.77435570e+001 1.08132766e+003 1.02401128e+003 1.12231753e+001 -4.96642720e+001 4.56517887e+000 0.00000000e+000 0.00000000e+000 0.00000000e+000 1.00000000e+000
 1.00000000e+000 8.17188590e+000 2.37021534e+000 3.54599891e+001 4.78416871e+001 9.64171516e+001 4.79033117e+001 1.08142191e+003 1.02412742e+003 1.14109184e+001 -4.99550652e+001 4.33684673e+000 1.00000000e+000 0.00000000e+000 0.00000000e+000 0.00000000e+000
 1.00000000e+000 8.16382086e+000 2.47878965e+000 3.54450242e+001 4.77596904e+001 9.63022631e+001 4.80201749e+001 1.08153066e+003 1.02419722e+003 1.15585562e+001 -5.02273891e+001 4.12365772e+000 0.00000000e+000 1.00000000e+000 0.00000000e+000 0.00000000e+000
 1.00000000e+000 8.11638930e+000 2.64826819e+000 3.54126213e+001 4.76136549e+001 9.62403310e+001 4.80738970e+001 1.08156899e+003 1.02429055e+003 1.16887479e+001 -5.03895767e+001 3.94190447e+000 1.00000000e+000 0.00000000e+000 0.00000000e+000 0.00000000e+000
 1.00000000e+000 8.02560883e+000 2.94480659e+000 3.53414379e+001 4.73530666e+001 9.61254534e+001 4.82045453e+001 1.08162727e+003 1.02447135e+003 1.19304722e+001 -5.06732549e+001 3.65197362e+000 0.00000000e+000 1.00000000e+000 0.00000000e+000 0.00000000e+000
 1.00000000e+000 7.95821680e+000 3.16543656e+000 3.52857004e+001 4.71789308e+001 9.60442403e+001 4.83041041e+001 1.08171364e+003 1.02461639e+003 1.21298833e+001 -5.09259737e+001 3.39236530e+000 0.00000000e+000 0.00000000e+000 0.00000000e+000 1.00000000e+000
 1.00000000e+000 7.87430913e+000 3.33494904e+000 3.52418276e+001 4.70208968e+001 9.59520003e+001 4.84383388e+001 1.08174904e+003 1.02476630e+003 1.22144821e+001 -5.11038145e+001 3.32234850e+000 0.00000000e+000 0.00000000e+000 0.00000000e+000 1.00000000e+000
 1.00000000e+000 8.15337373e+000 2.94865617e+000 3.53607285e+001 4.74004632e+001 9.61920102e+001 4.80159045e+001 1.08177287e+003 1.02433860e+003 1.21343039e+001 -5.08142477e+001 3.19748258e+000 0.00000000e+000 0.00000000e+000 0.00000000e+000 1.00000000e+000
 1.00000000e+000 8.22049086e+000 2.82249075e+000 3.54243758e+001 4.75090349e+001 9.62590917e+001 4.78727326e+001 1.08170389e+003 1.02421707e+003 1.20036107e+001 -5.05923032e+001 3.32968168e+000 0.00000000e+000 0.00000000e+000 0.00000000e+000 1.00000000e+000
 1.00000000e+000 8.25788306e+000 2.75519712e+000 3.54036761e+001 4.75716858e+001 9.63272577e+001 4.78270616e+001 1.08169195e+003 1.02414775e+003 1.20147054e+001 -5.05407293e+001 3.28919206e+000 0.00000000e+000 0.00000000e+000 0.00000000e+000 1.00000000e+000
 1.00000000e+000 8.24315857e+000 2.73903865e+000 3.54042955e+001 4.75815573e+001 9.63383058e+001 4.78317345e+001 1.08166016e+003 1.02416154e+003 1.19645564e+001 -5.04846633e+001 3.38354402e+000 0.00000000e+000 0.00000000e+000 0.00000000e+000 1.00000000e+000
 1.00000000e+000 8.26485980e+000 2.67822279e+000 3.54351483e+001 4.76358563e+001 9.63699613e+001 4.77725289e+001 1.08160317e+003 1.02411994e+003 1.18708681e+001 -5.03443285e+001 3.51609049e+000 0.00000000e+000 0.00000000e+000 0.00000000e+000 1.00000000e+000
 1.00000000e+000 8.27698745e+000 2.66881342e+000 3.54628602e+001 4.76693336e+001 9.63822284e+001 4.77294097e+001 1.08153363e+003 1.02411270e+003 1.18015997e+001 -5.02269133e+001 3.63133015e+000 0.00000000e+000 0.00000000e+000 0.00000000e+000 1.00000000e+000
 1.00000000e+000 8.26590785e+000 2.67985429e+000 3.54413862e+001 4.75814674e+001 9.63321098e+001 4.78185202e+001 1.08139114e+003 1.02412833e+003 1.17339206e+001 -5.01752327e+001 3.78761410e+000 0.00000000e+000 0.00000000e+000 0.00000000e+000 1.00000000e+000
 1.00000000e+000 8.27609102e+000 2.69435831e+000 3.54450625e+001 4.75402945e+001 9.63117682e+001 4.78201509e+001 1.08137021e+003 1.02411229e+003 1.17376900e+001 -5.01828591e+001 3.76965551e+000 0.00000000e+000 0.00000000e+000 0.00000000e+000 1.00000000e+000
 1.00000000e+000 8.25309163e+000 2.75822462e+000 3.54151952e+001 4.74945471e+001 9.62940075e+001 4.78660037e+001 1.08135210e+003 1.02415966e+003 1.17626408e+001 -5.02177713e+001 3.74521478e+000 0.00000000e+000 0.00000000e+000 0.00000000e+000 1.00000000e+000
 1.00000000e+000 8.32122578e+000 2.72952213e+000 3.53835112e+001 4.75199658e+001 9.63263936e+001 4.78401490e+001 1.08139637e+003 1.02407762e+003 1.18768237e+001 -5.03150661e+001 3.50545231e+000 1.00000000e+000 0.00000000e+000 0.00000000e+000 0.00000000e+000
 1.00000000e+000 8.37102121e+000 2.75062549e+000 3.53851106e+001 4.74910009e+001 9.63361519e+001 4.77770412e+001 1.08145609e+003 1.02402622e+003 1.20182249e+001 -5.04051366e+001 3.25523391e+000 0.00000000e+000 0.00000000e+000 0.00000000e+000 1.00000000e+000
 1.00000000e+000 8.33880826e+000 2.89274197e+000 3.53222970e+001 4.73582954e+001 9.63140869e+001 4.78305795e+001 1.08146099e+003 1.02409942e+003 1.21462103e+001 -5.05035840e+001 3.08413032e+000 1.00000000e+000 0.00000000e+000 0.00000000e+000 0.00000000e+000
 1.00000000e+000 8.31782531e+000 2.99027950e+000 3.52607796e+001 4.72671854e+001 9.62929374e+001 4.79028276e+001 1.08148070e+003 1.02416088e+003 1.22490475e+001 -5.06246472e+001 2.93588495e+000 0.00000000e+000 0.00000000e+000 0.00000000e+000 1.00000000e+000
 1.00000000e+000 8.31105111e+000 3.09214536e+000 3.52135044e+001 4.71831106e+001 9.62766603e+001 4.79397799e+001 1.08149642e+003 1.02421000e+003 1.23448492e+001 -5.07138364e+001 2.78891988e+000 1.00000000e+000 0.00000000e+000 0.00000000e+000 0.00000000e+000
 1.00000000e+000 8.35451041e+000 3.14672680e+000 3.51644305e+001 4.71533624e+001 9.63031255e+001 4.79211900e+001 1.08151681e+003 1.02418722e+003 1.24549765e+001 -5.07951584e+001 2.56117607e+000 1.00000000e+000 0.00000000e+000 0.00000000e+000 0.00000000e+000
 1.00000000e+000 8.40253724e+000 3.13781053e+000 3.51274378e+001 4.71743216e+001 9.63758647e+001 4.78552822e+001 1.08150509e+003 1.02412413e+003 1.25237224e+001 -5.07512257e+001 2.43160445e+000 1.00000000e+000 0.00000000e+000 0.00000000e+000 0.00000000e+000
 1.00000000e+000 8.40604319e+000 3.19644271e+000 3.50963703e+001 4.71261249e+001 9.63854066e+001 4.78520729e+001 1.08149857e+003 1.02413704e+003 1.25835897e+001 -5.07710438e+001 2.34330162e+000 0.00000000e+000 0.00000000e+000 0.00000000e+000 1.00000000e+000
 1.00000000e+000 8.36444384e+000 3.23634123e+000 3.50630280e+001 4.71066168e+001 9.63831718e+001 4.79135073e+001 1.08146588e+003 1.02421135e+003 1.25236712e+001 -5.07462726e+001 2.45452804e+000 0.00000000e+000 0.00000000e+000 0.00000000e+000 1.00000000e+000
 1.00000000e+000 8.44526384e+000 3.10504907e+000 3.51179952e+001 4.72436889e+001 9.64633312e+001 4.77713926e+001 1.08141974e+003 1.02409745e+003 1.23983191e+001 -5.05408281e+001 2.56821440e+000 0.00000000e+000 0.00000000e+000 0.00000000e+000 1.00000000e+000
 1.00000000e+000 8.42253186e+000 3.22098065e+000 3.51662866e+001 4.71959392e+001 9.64591339e+001 4.76653038e+001 1.08148146e+003 1.02415578e+003 1.24463393e+001 -5.05060451e+001 2.49370247e+000 0.00000000e+000 1.00000000e+000 0.00000000e+000 0.00000000e+000
 1.00000000e+000 8.48080705e+000 3.10700342e+000 3.52108779e+001 4.73156977e+001 9.65145088e+001 4.75702986e+001 1.08147106e+003 1.02407737e+003 1.23394770e+001 -5.03573955e+001 2.61402193e+000 0.00000000e+000 0.00000000e+000 0.00000000e+000 1.00000000e+000
 1.00000000e+000 8.51946010e+000 3.01949965e+000 3.51839165e+001 4.74009010e+001 9.65918101e+001 4.75381465e+001 1.08143278e+003 1.02400960e+003 1.22953794e+001 -5.02612132e+001 2.65069378e+000 1.00000000e+000 0.00000000e+000 0.00000000e+000 0.00000000e+000
 1.00000000e+000 8.55498158e+000 2.90575211e+000 3.51921766e+001 4.75225921e+001 9.66563074e+001 4.74972690e+001 1.08141277e+003 1.02395311e+003 1.21829467e+001 -5.01422965e+001 2.78254901e+000 0.00000000e+000 0.00000000e+000 0.00000000e+000 1.00000000e+000
 1.00000000e+000 8.60059466e+000 2.80198429e+000 3.52175281e+001 4.76005494e+001 9.67042872e+001 4.74309963e+001 1.08136384e+003 1.02386933e+003 1.20932177e+001 -5.00060091e+001 2.89056121e+000 0.00000000e+000 0.00000000e+000 0.00000000e+000 1.00000000e+000
 1.00000000e+000 8.58994368e+000 2.82185568e+000 3.53092819e+001 4.76276333e+001 9.66994172e+001 4.73108422e+001 1.08144234e+003 1.02389012e+003 1.20841681e+001 -4.99185614e+001 2.92943568e+000 0.00000000e+000 0.00000000e+000 0.00000000e+000 1.00000000e+000
 1.00000000e+000 8.57421027e+000 2.80647408e+000 3.52784347e+001 4.76517190e+001 9.67351354e+001 4.73259708e+001 1.08142188e+003 1.02388897e+003 1.20549306e+001 -4.98810196e+001 2.96535162e+000 0.00000000e+000 0.00000000e+000 0.00000000e+000 1.00000000e+000
 1.00000000e+000 8.60259198e+000 2.69517554e+000 3.52997153e+001 4.77627413e+001 9.67794019e+001 4.72911687e+001 1.08138010e+003 1.02382753e+003 1.19314345e+001 -4.97539548e+001 3.12285539e+000 0.00000000e+000 0.00000000e+000 0.00000000e+000 1.00000000e+000
 1.00000000e+000 8.63222241e+000 2.59470878e+000 3.53449788e+001 4.78944932e+001 9.68274238e+001 4.72158066e+001 1.08142189e+003 1.02378337e+003 1.18435415e+001 -4.96664933e+001 3.22054250e+000 0.00000000e+000 0.00000000e+000 0.00000000e+000 1.00000000e+000
 1.00000000e+000 8.70938056e+000 2.42380277e+000 3.53798504e+001 4.80852323e+001 9.69045843e+001 4.71324509e+001 1.08140980e+003 1.02367861e+003 1.16908691e+001 -4.95102379e+001 3.37609210e+000 0.00000000e+000 0.00000000e+000 0.00000000e+000 1.00000000e+000
 1.00000000e+000 8.75259940e+000 2.30635716e+000 3.55106275e+001 4.82460985e+001 9.69598202e+001 4.69216828e+001 1.08156868e+003 1.02360375e+003 1.16610886e+001 -4.93976899e+001 3.39141900e+000 0.00000000e+000 0.00000000e+000 0.00000000e+000 1.00000000e+000
 1.00000000e+000 8.78680526e+000 2.15765958e+000 3.55000782e+001 4.84364369e+001 9.70253567e+001 4.69380116e+001 1.08155796e+003 1.02356569e+003 1.14809407e+001 -4.92901081e+001 3.61338757e+000 0.00000000e+000 0.00000000e+000 0.00000000e+000 1.00000000e+000
 1.00000000e+000 8.76821981e+000 2.12036730e+000 3.55938235e+001 4.85573038e+001 9.70364509e+001 4.68357678e+001 1.08171337e+003 1.02359460e+003 1.14552746e+001 -4.92431053e+001 3.67754633e+000 0.00000000e+000 0.00000000e+000 0.00000000e+000 1.00000000e+000
 1.00000000e+000 8.91268789e+000 1.79740899e+000 3.56279668e+001 4.87864601e+001 9.71622063e+001 4.67190451e+001 1.08153369e+003 1.02332523e+003 1.11957007e+001 -4.89317221e+001 3.95894351e+000 0.00000000e+000 1.00000000e+000 0.00000000e+000 0.00000000e+000
 1.00000000e+000 8.82678099e+000 1.93386490e+000 3.55564218e+001 4.86676492e+001 9.71311805e+001 4.68349758e+001 1.08144336e+003 1.02344403e+003 1.11958745e+001 -4.89263664e+001 4.04041764e+000 0.00000000e+000 1.00000000e+000 0.00000000e+000 0.00000000e+000
 1.00000000e+000 8.83882255e+000 1.96239747e+000 3.55392977e+001 4.86156923e+001 9.71604608e+001 4.67876125e+001 1.08136855e+003 1.02340406e+003 1.12223699e+001 -4.88612907e+001 3.99872661e+000 0.00000000e+000 1.00000000e+000 0.00000000e+000 0.00000000e+000
 1.00000000e+000 8.76718736e+000 2.07201637e+000 3.55824634e+001 4.85851830e+001 9.71433303e+001 4.67303707e+001 1.08149282e+003 1.02350054e+003 1.13229758e+001 -4.89100591e+001 3.90609938e+000 0.00000000e+000 1.00000000e+000 0.00000000e+000 0.00000000e+000
 1.00000000e+000 8.78377426e+000 2.05178041e+000 3.55935573e+001 4.85971016e+001 9.71601258e+001 4.66906534e+001 1.08143137e+003 1.02345110e+003 1.12822817e+001 -4.88283675e+001 3.94870190e+000 0.00000000e+000 1.00000000e+000 0.00000000e+000 0.00000000e+000
 1.00000000e+000 8.78618584e+000 2.00872365e+000 3.55719518e+001 4.86364425e+001 9.71877494e+001 4.67042207e+001 1.08140209e+003 1.02341737e+003 1.12487713e+001 -4.88068833e+001 3.97686850e+000 0.00000000e+000 0.00000000e+000 0.00000000e+000 1.00000000e+000
 1.00000000e+000 8.78099565e+000 2.02235828e+000 3.56655824e+001 4.86822089e+001 9.71984669e+001 4.65537780e+001 1.08150127e+003 1.02340477e+003 1.12763472e+001 -4.87447727e+001 3.94081195e+000 0.00000000e+000 0.00000000e+000 0.00000000e+000 1.00000000e+000
 1.00000000e+000 8.77284148e+000 2.02545672e+000 3.57490572e+001 4.87329404e+001 9.72053612e+001 4.64300414e+001 1.08160412e+003 1.02339627e+003 1.12949339e+001 -4.87027086e+001 3.91468965e+000 0.00000000e+000 0.00000000e+000 0.00000000e+000 1.00000000e+000
 1.00000000e+000 8.77704707e+000 1.94262989e+000 3.57134261e+001 4.88153829e+001 9.72607134e+001 4.64550894e+001 1.08153846e+003 1.02335577e+003 1.11990779e+001 -4.86178684e+001 4.03825552e+000 0.00000000e+000 0.00000000e+000 0.00000000e+000 1.00000000e+000
 1.00000000e+000 8.77186499e+000 1.95369047e+000 3.57949427e+001 4.88527609e+001 9.72798296e+001 4.63075816e+001 1.08165442e+003 1.02334045e+003 1.12527466e+001 -4.85799678e+001 3.95656151e+000 0.00000000e+000 0.00000000e+000 0.00000000e+000 1.00000000e+000
 1.00000000e+000 8.72992513e+000 2.07416449e+000 3.58638138e+001 4.87932249e+001 9.72506086e+001 4.62044525e+001 1.08169889e+003 1.02339373e+003 1.12953197e+001 -4.85244139e+001 3.92214259e+000 1.00000000e+000 0.00000000e+000 0.00000000e+000 0.00000000e+000
 1.00000000e+000 8.79668869e+000 2.02913325e+000 3.58985027e+001 4.88294249e+001 9.72936183e+001 4.60835293e+001 1.08164576e+003 1.02329058e+003 1.12839824e+001 -4.84130894e+001 3.89160104e+000 1.00000000e+000 0.00000000e+000 0.00000000e+000 0.00000000e+000
 1.00000000e+000 8.80454974e+000 2.07201474e+000 3.59026585e+001 4.87819550e+001 9.72918208e+001 4.60500894e+001 1.08158681e+003 1.02328383e+003 1.12803632e+001 -4.83531239e+001 3.89361399e+000 0.00000000e+000 0.00000000e+000 0.00000000e+000 1.00000000e+000
 1.00000000e+000 8.82219312e+000 2.05514721e+000 3.58627035e+001 4.88125219e+001 9.73335846e+001 4.60559347e+001 1.08156506e+003 1.02326525e+003 1.12717784e+001 -4.83454586e+001 3.87641511e+000 0.00000000e+000 0.00000000e+000 0.00000000e+000 1.00000000e+000
 1.00000000e+000 8.86916318e+000 2.02589685e+000 3.58748946e+001 4.88648513e+001 9.73822061e+001 4.59780956e+001 1.08147138e+003 1.02321792e+003 1.11679235e+001 -4.81653901e+001 3.98849490e+000 0.00000000e+000 0.00000000e+000 0.00000000e+000 1.00000000e+000
 1.00000000e+000 8.90426402e+000 1.95546812e+000 3.58640036e+001 4.89515997e+001 9.74522846e+001 4.59318154e+001 1.08138988e+003 1.02316188e+003 1.10543524e+001 -4.80084868e+001 4.10591033e+000 0.00000000e+000 0.00000000e+000 0.00000000e+000 1.00000000e+000
 1.00000000e+000 8.93529952e+000 1.91432790e+000 3.58654268e+001 4.90065690e+001 9.74980031e+001 4.58869892e+001 1.08131997e+003 1.02312895e+003 1.09621354e+001 -4.78748517e+001 4.20863628e+000 0.00000000e+000 0.00000000e+000 0.00000000e+000 1.00000000e+000
 1.00000000e+000 9.00983193e+000 1.77614330e+000 3.58074752e+001 4.90816198e+001 9.75754694e+001 4.59038375e+001 1.08112093e+003 1.02300315e+003 1.08009964e+001 -4.76868630e+001 4.38704255e+000 0.00000000e+000 1.00000000e+000 0.00000000e+000 0.00000000e+000
 1.00000000e+000 9.02369737e+000 1.82582656e+000 3.57887483e+001 4.90467854e+001 9.76056745e+001 4.58595028e+001 1.08101619e+003 1.02299480e+003 1.07724503e+001 -4.75561346e+001 4.41666029e+000 1.00000000e+000 0.00000000e+000 0.00000000e+000 0.00000000e+000
 1.00000000e+000 9.00647092e+000 1.88426506e+000 3.57928257e+001 4.89392341e+001 9.75840132e+001 4.58482494e+001 1.08092599e+003 1.02300179e+003 1.07617542e+001 -4.74806643e+001 4.46504177e+000 0.00000000e+000 1.00000000e+000 0.00000000e+000 0.00000000e+000
 1.00000000e+000 9.23978166e+000 1.57160424e+000 3.58569250e+001 4.92099760e+001 9.77905374e+001 4.55219105e+001 1.08086792e+003 1.02261881e+003 1.06961670e+001 -4.71937960e+001 4.37774017e+000 0.00000000e+000 1.00000000e+000 0.00000000e+000 0.00000000e+000
 1.00000000e+000 9.28283946e+000 1.50131413e+000 3.58684785e+001 4.92654638e+001 9.78372717e+001 4.54598956e+001 1.08078617e+003 1.02253675e+003 1.06092661e+001 -4.70497328e+001 4.46377857e+000 0.00000000e+000 1.00000000e+000 0.00000000e+000 0.00000000e+000
 1.00000000e+000 9.29985749e+000 1.47629534e+000 3.58383732e+001 4.93135634e+001 9.78908156e+001 4.54471947e+001 1.08072157e+003 1.02252030e+003 1.05357391e+001 -4.69366262e+001 4.55064349e+000 0.00000000e+000 0.00000000e+000 0.00000000e+000 1.00000000e+000
 1.00000000e+000 9.38778063e+000 1.35683611e+000 3.58249343e+001 4.94434439e+001 9.80008401e+001 4.53476456e+001 1.08061623e+003 1.02238635e+003 1.04263493e+001 -4.67169041e+001 4.63025849e+000 1.00000000e+000 0.00000000e+000 0.00000000e+000 0.00000000e+000
 1.00000000e+000 9.44691211e+000 1.30152818e+000 3.58271523e+001 4.94958426e+001 9.80764432e+001 4.52476719e+001 1.08050871e+003 1.02229742e+003 1.03501205e+001 -4.65139128e+001 4.70826826e+000 0.00000000e+000 0.00000000e+000 0.00000000e+000 1.00000000e+000
 1.00000000e+000 9.43327909e+000 1.32481196e+000 3.57868289e+001 4.94617823e+001 9.80992882e+001 4.52720433e+001 1.08042050e+003 1.02231620e+003 1.03141137e+001 -4.64292630e+001 4.78231140e+000 0.00000000e+000 0.00000000e+000 0.00000000e+000 1.00000000e+000
 1.00000000e+000 9.45456268e+000 1.29838231e+000 3.58097777e+001 4.94348415e+001 9.81212382e+001 4.52030555e+001 1.08033617e+003 1.02225519e+003 1.02833921e+001 -4.62976356e+001 4.82804707e+000 0.00000000e+000 0.00000000e+000 0.00000000e+000 1.00000000e+000
 1.00000000e+000 9.51557495e+000 1.23913054e+000 3.58168555e+001 4.94979660e+001 9.81876025e+001 4.51128894e+001 1.08024525e+003 1.02217313e+003 1.01996440e+001 -4.61193610e+001 4.90578533e+000 0.00000000e+000 0.00000000e+000 0.00000000e+000 1.00000000e+000
 1.00000000e+000 9.55788230e+000 1.11241067e+000 3.57995331e+001 4.96210691e+001 9.82837703e+001 4.50705367e+001 1.08017303e+003 1.02210224e+003 1.00612842e+001 -4.59428851e+001 5.06567993e+000 0.00000000e+000 0.00000000e+000 0.00000000e+000 1.00000000e+000
 1.00000000e+000 9.53870752e+000 1.11518071e+000 3.57696243e+001 4.96482046e+001 9.83103709e+001 4.51012687e+001 1.08011207e+003 1.02213995e+003 9.96834805e+000 -4.58535618e+001 5.19774861e+000 0.00000000e+000 1.00000000e+000 0.00000000e+000 0.00000000e+000
 1.00000000e+000 9.58941406e+000 1.04200013e+000 3.57389785e+001 4.97183887e+001 9.83553570e+001 4.51042501e+001 1.08007952e+003 1.02207867e+003 9.92942325e+000 -4.58191236e+001 5.20813872e+000 0.00000000e+000 0.00000000e+000 0.00000000e+000 1.00000000e+000
 1.00000000e+000 9.65072088e+000 9.54196413e-001 3.56916094e+001 4.97377614e+001 9.83973879e+001 4.51238614e+001 1.07990787e+003 1.02197054e+003 9.83355834e+000 -4.56976027e+001 5.30932683e+000 0.00000000e+000 1.00000000e+000 0.00000000e+000 0.00000000e+000
 1.00000000e+000 9.62267536e+000 9.95913271e-001 3.56636012e+001 4.96947946e+001 9.83870112e+001 4.51691301e+001 1.07984577e+003 1.02200397e+003 9.80747809e+000 -4.56820813e+001 5.36204238e+000 0.00000000e+000 0.00000000e+000 0.00000000e+000 1.00000000e+000
 1.00000000e+000 9.60632624e+000 1.03045870e+000 3.56357462e+001 4.96783186e+001 9.83832469e+001 4.52083660e+001 1.07980492e+003 1.02203527e+003 9.78446052e+000 -4.56706709e+001 5.40204584e+000 0.00000000e+000 0.00000000e+000 0.00000000e+000 1.00000000e+000
 1.00000000e+000 9.47082031e+000 1.21461140e+000 3.55728192e+001 4.95295639e+001 9.82922637e+001 4.54025524e+001 1.07974408e+003 1.02225693e+003 9.74862040e+000 -4.57206340e+001 5.57583149e+000 0.00000000e+000 0.00000000e+000 0.00000000e+000 1.00000000e+000
 1.00000000e+000 9.45706180e+000 1.24169864e+000 3.55338534e+001 4.95246810e+001 9.83094275e+001 4.54334139e+001 1.07970656e+003 1.02228564e+003 9.73010165e+000 -4.57079184e+001 5.60202590e+000 0.00000000e+000 0.00000000e+000 0.00000000e+000 1.00000000e+000
 1.00000000e+000 9.40332061e+000 1.28275793e+000 3.55060697e+001 4.94821212e+001 9.82988941e+001 4.54926608e+001 1.07967820e+003 1.02234480e+003 9.71193017e+000 -4.57122858e+001 5.66395915e+000 1.00000000e+000 0.00000000e+000 0.00000000e+000 0.00000000e+000
 1.00000000e+000 9.23707283e+000 1.53802017e+000 3.54050300e+001 4.92402883e+001 9.81871358e+001 4.57337454e+001 1.07957156e+003 1.02259072e+003 9.74183329e+000 -4.58003300e+001 5.76619924e+000 1.00000000e+000 0.00000000e+000 0.00000000e+000 0.00000000e+000
 1.00000000e+000 9.21877650e+000 1.55820208e+000 3.53386008e+001 4.92409440e+001 9.82215043e+001 4.57836387e+001 1.07954653e+003 1.02261365e+003 9.76447582e+000 -4.58214398e+001 5.73878421e+000 0.00000000e+000 0.00000000e+000 0.00000000e+000 1.00000000e+000
 1.00000000e+000 9.26786369e+000 1.43258943e+000 3.53586447e+001 4.93805902e+001 9.82922749e+001 4.57158135e+001 1.07951143e+003 1.02253543e+003 9.63997124e+000 -4.56740601e+001 5.88963239e+000 0.00000000e+000 0.00000000e+000 0.00000000e+000 1.00000000e+000
 1.00000000e+000 9.29768914e+000 1.32862304e+000 3.53551240e+001 4.94887452e+001 9.83523569e+001 4.56898998e+001 1.07948007e+003 1.02247725e+003 9.54549151e+000 -4.55634834e+001 6.00653835e+000 0.00000000e+000 0.00000000e+000 0.00000000e+000 1.00000000e+000
 1.00000000e+000 9.34009041e+000 1.23659304e+000 3.53514633e+001 4.95733457e+001 9.84076980e+001 4.56558912e+001 1.07939185e+003 1.02240517e+003 9.42261019e+000 -4.54115712e+001 6.14657825e+000 0.00000000e+000 0.00000000e+000 0.00000000e+000 1.00000000e+000
 1.00000000e+000 9.36032518e+000 1.23713882e+000 3.53460095e+001 4.95586158e+001 9.84113276e+001 4.56481459e+001 1.07933880e+003 1.02238528e+003 9.40743444e+000 -4.53667694e+001 6.16181694e+000 0.00000000e+000 0.00000000e+000 0.00000000e+000 1.00000000e+000
 1.00000000e+000 9.36726308e+000 1.28519172e+000 3.53639581e+001 4.95357008e+001 9.84041213e+001 4.56089786e+001 1.07931315e+003 1.02240038e+003 9.39165758e+000 -4.53115274e+001 6.17811480e+000 0.00000000e+000 0.00000000e+000 0.00000000e+000 1.00000000e+000
 1.00000000e+000 9.34474295e+000 1.30678009e+000 3.53270672e+001 4.95246509e+001 9.83843445e+001 4.56989286e+001 1.07927136e+003 1.02245604e+003 9.31928824e+000 -4.53277789e+001 6.28656259e+000 0.00000000e+000 0.00000000e+000 0.00000000e+000 1.00000000e+000
 1.00000000e+000 9.29844479e+000 1.39741733e+000 3.53100973e+001 4.94368909e+001 9.83447076e+001 4.57463193e+001 1.07926647e+003 1.02252541e+003 9.37344768e+000 -4.53805432e+001 6.25437335e+000 1.00000000e+000 0.00000000e+000 0.00000000e+000 0.00000000e+000
 1.00000000e+000 9.21996580e+000 1.57653953e+000 3.52868630e+001 4.92615742e+001 9.82578046e+001 4.58276923e+001 1.07928947e+003 1.02265375e+003 9.50890090e+000 -4.55272366e+001 6.12662398e+000 0.00000000e+000 1.00000000e+000 0.00000000e+000 0.00000000e+000
 1.00000000e+000 9.17366823e+000 1.69798248e+000 3.52425353e+001 4.91621509e+001 9.81934763e+001 4.59332586e+001 1.07934259e+003 1.02275871e+003 9.61805781e+000 -4.57062340e+001 6.00490336e+000 0.00000000e+000 0.00000000e+000 0.00000000e+000 1.00000000e+000
 1.00000000e+000 9.11730668e+000 1.83832573e+000 3.52058112e+001 4.90456928e+001 9.81192560e+001 4.60367845e+001 1.07938530e+003 1.02288096e+003 9.72267419e+000 -4.58706644e+001 5.89606490e+000 1.00000000e+000 0.00000000e+000 0.00000000e+000 0.00000000e+000
 1.00000000e+000 9.11168157e+000 1.87862488e+000 3.51957162e+001 4.90168935e+001 9.81069463e+001 4.60467438e+001 1.07940482e+003 1.02289830e+003 9.77025609e+000 -4.59285843e+001 5.82857993e+000 0.00000000e+000 0.00000000e+000 0.00000000e+000 1.00000000e+000
 1.00000000e+000 9.07489151e+000 1.96848400e+000 3.51691883e+001 4.89294476e+001 9.80491550e+001 4.61253623e+001 1.07941103e+003 1.02295782e+003 9.84546555e+000 -4.60440785e+001 5.75630520e+000 0.00000000e+000 0.00000000e+000 0.00000000e+000 1.00000000e+000
 1.00000000e+000 9.01046605e+000 2.09355818e+000 3.51272532e+001 4.88195853e+001 9.80135405e+001 4.61937309e+001 1.07936963e+003 1.02304438e+003 9.89146888e+000 -4.60801954e+001 5.74210706e+000 0.00000000e+000 0.00000000e+000 0.00000000e+000 1.00000000e+000
 1.00000000e+000 8.96119466e+000 2.18891260e+000 3.51339748e+001 4.87268547e+001 9.79609020e+001 4.62251069e+001 1.07935210e+003 1.02311599e+003 9.92427661e+000 -4.60936823e+001 5.75397010e+000 0.00000000e+000 0.00000000e+000 0.00000000e+000 1.00000000e+000
 1.00000000e+000 8.92724480e+000 2.33169084e+000 3.51242170e+001 4.85931519e+001 9.79106148e+001 4.62409446e+001 1.07930896e+003 1.02318587e+003 9.99759729e+000 -4.61093689e+001 5.68335583e+000 1.00000000e+000 0.00000000e+000 0.00000000e+000 0.00000000e+000
 1.00000000e+000 8.89501102e+000 2.44437757e+000 3.51067461e+001 4.84892610e+001 9.78617000e+001 4.62815288e+001 1.07932910e+003 1.02325490e+003 1.00880482e+001 -4.62039643e+001 5.58512207e+000 0.00000000e+000 0.00000000e+000 0.00000000e+000 1.00000000e+000
 1.00000000e+000 8.89118368e+000 2.58085101e+000 3.51117670e+001 4.83623300e+001 9.78297092e+001 4.62310812e+001 1.07931486e+003 1.02326850e+003 1.02293861e+001 -4.62553805e+001 5.39003202e+000 1.00000000e+000 0.00000000e+000 0.00000000e+000 0.00000000e+000
 1.00000000e+000 8.89600597e+000 2.68795402e+000 3.51231633e+001 4.82120351e+001 9.77930057e+001 4.61734681e+001 1.07929496e+003 1.02323561e+003 1.03788565e+001 -4.62948182e+001 5.18017604e+000 1.00000000e+000 0.00000000e+000 0.00000000e+000 0.00000000e+000
 1.00000000e+000 8.85771629e+000 2.87296800e+000 3.51280526e+001 4.80592089e+001 9.77476035e+001 4.61371125e+001 1.07933936e+003 1.02331116e+003 1.05646313e+001 -4.63763128e+001 4.94911177e+000 0.00000000e+000 0.00000000e+000 1.00000000e+000 0.00000000e+000
 1.00000000e+000 8.82953687e+000 2.98339478e+000 3.51195151e+001 4.79354737e+001 9.77183344e+001 4.61339673e+001 1.07930674e+003 1.02335722e+003 1.06420683e+001 -4.63906763e+001 4.86797237e+000 0.00000000e+000 0.00000000e+000 0.00000000e+000 1.00000000e+000
 1.00000000e+000 8.78927502e+000 3.09690332e+000 3.51008134e+001 4.78274615e+001 9.76709045e+001 4.61795519e+001 1.07928397e+003 1.02343013e+003 1.06992951e+001 -4.64375016e+001 4.81429040e+000 0.00000000e+000 0.00000000e+000 0.00000000e+000 1.00000000e+000
 1.00000000e+000 8.78044724e+000 3.18227505e+000 3.50948866e+001 4.77688364e+001 9.76504658e+001 4.61734977e+001 1.07928562e+003 1.02347091e+003 1.07604219e+001 -4.64721591e+001 4.72756038e+000 0.00000000e+000 1.00000000e+000 0.00000000e+000 0.00000000e+000
 1.00000000e+000 8.74418356e+000 3.26511354e+000 3.50779375e+001 4.76929528e+001 9.76164675e+001 4.62134230e+001 1.07928026e+003 1.02352909e+003 1.08173401e+001 -4.65234395e+001 4.67911683e+000 0.00000000e+000 0.00000000e+000 0.00000000e+000 1.00000000e+000
 1.00000000e+000 8.73568809e+000 3.32441461e+000 3.50585170e+001 4.76609473e+001 9.75978349e+001 4.62459279e+001 1.07924947e+003 1.02357284e+003 1.08305519e+001 -4.65304072e+001 4.67904004e+000 0.00000000e+000 0.00000000e+000 0.00000000e+000 1.00000000e+000
 1.00000000e+000 8.67354657e+000 3.47068630e+000 3.50644733e+001 4.76069665e+001 9.75632436e+001 4.62464803e+001 1.07934813e+003 1.02369105e+003 1.09116006e+001 -4.66110159e+001 4.58150225e+000 0.00000000e+000 0.00000000e+000 0.00000000e+000 1.00000000e+000
 1.00000000e+000 8.64969933e+000 3.46860273e+000 3.49876830e+001 4.76372282e+001 9.75788263e+001 4.63594312e+001 1.07935878e+003 1.02374334e+003 1.09052147e+001 -4.66907750e+001 4.58963085e+000 0.00000000e+000 0.00000000e+000 0.00000000e+000 1.00000000e+000
 1.00000000e+000 8.69756340e+000 3.35971454e+000 3.49425042e+001 4.75371695e+001 9.75454797e+001 4.64758603e+001 1.07908177e+003 1.02364498e+003 1.07941861e+001 -4.65857162e+001 4.80503414e+000 0.00000000e+000 0.00000000e+000 0.00000000e+000 1.00000000e+000
 1.00000000e+000 8.08772934e+000 4.11041388e+000 3.47101680e+001 4.69056457e+001 9.71143260e+001 4.73386934e+001 1.07885554e+003 1.02459386e+003 1.05907281e+001 -4.68369751e+001 5.59169200e+000 0.00000000e+000 0.00000000e+000 0.00000000e+000 1.00000000e+000
 1.00000000e+000 8.06003106e+000 4.11706947e+000 3.46975096e+001 4.69175184e+001 9.71191233e+001 4.73741524e+001 1.07883382e+003 1.02464788e+003 1.05312391e+001 -4.67979263e+001 5.71059070e+000 0.00000000e+000 0.00000000e+000 0.00000000e+000 1.00000000e+000
 1.00000000e+000 8.03974101e+000 4.17064782e+000 3.46959546e+001 4.68279430e+001 9.70982533e+001 4.73739736e+001 1.07880152e+003 1.02466156e+003 1.05761327e+001 -4.67864735e+001 5.68021480e+000 1.00000000e+000 0.00000000e+000 0.00000000e+000 0.00000000e+000
 1.00000000e+000 7.94375147e+000 4.30999460e+000 3.47320506e+001 4.67620792e+001 9.70507762e+001 4.73687917e+001 1.07894450e+003 1.02482273e+003 1.06577895e+001 -4.68610942e+001 5.64186975e+000 1.00000000e+000 0.00000000e+000 0.00000000e+000 0.00000000e+000
 1.00000000e+000 7.84882943e+000 4.37231402e+000 3.47335584e+001 4.67178975e+001 9.69911322e+001 4.74712550e+001 1.07902743e+003 1.02497643e+003 1.06434923e+001 -4.69473154e+001 5.73353581e+000 0.00000000e+000 0.00000000e+000 0.00000000e+000 1.00000000e+000
 1.00000000e+000 7.75388887e+000 4.48594686e+000 3.47922009e+001 4.66585698e+001 9.69052035e+001 4.74938539e+001 1.07920308e+003 1.02513027e+003 1.07294392e+001 -4.70792106e+001 5.68794496e+000 0.00000000e+000 0.00000000e+000 0.00000000e+000 1.00000000e+000
 1.00000000e+000 7.68504166e+000 4.55565318e+000 3.48142655e+001 4.66569171e+001 9.68787614e+001 4.74998961e+001 1.07937491e+003 1.02523212e+003 1.08133934e+001 -4.72173210e+001 5.59874383e+000 0.00000000e+000 0.00000000e+000 0.00000000e+000 1.00000000e+000
 1.00000000e+000 7.67390786e+000 4.52829831e+000 3.48063034e+001 4.66785108e+001 9.68739150e+001 4.75397772e+001 1.07937218e+003 1.02523499e+003 1.07792028e+001 -4.72213223e+001 5.66519761e+000 0.00000000e+000 0.00000000e+000 0.00000000e+000 1.00000000e+000
 1.00000000e+000 7.68256287e+000 4.46008834e+000 3.47885516e+001 4.67445371e+001 9.69363916e+001 4.75164174e+001 1.07936685e+003 1.02519349e+003 1.07388208e+001 -4.71781102e+001 5.69869151e+000 0.00000000e+000 0.00000000e+000 0.00000000e+000 1.00000000e+000
 1.00000000e+000 7.67616063e+000 4.48993618e+000 3.47761736e+001 4.67018401e+001 9.69516546e+001 4.74925024e+001 1.07933059e+003 1.02518355e+003 1.07666538e+001 -4.71401758e+001 5.67297606e+000 0.00000000e+000 0.00000000e+000 0.00000000e+000 1.00000000e+000
 1.00000000e+000 7.61403874e+000 4.57526333e+000 3.47420344e+001 4.66305149e+001 9.69172829e+001 4.75715300e+001 1.07930410e+003 1.02526345e+003 1.07910284e+001 -4.71643998e+001 5.70172483e+000 0.00000000e+000 0.00000000e+000 0.00000000e+000 1.00000000e+000
 1.00000000e+000 7.57890890e+000 4.60564711e+000 3.46800002e+001 4.66121237e+001 9.69369165e+001 4.76431995e+001 1.07922230e+003 1.02530930e+003 1.07541252e+001 -4.71175401e+001 5.78670716e+000 0.00000000e+000 0.00000000e+000 0.00000000e+000 1.00000000e+000
 1.00000000e+000 7.53871449e+000 4.63501144e+000 3.46889798e+001 4.66513772e+001 9.69597410e+001 4.76187167e+001 1.07934538e+003 1.02538494e+003 1.08029954e+001 -4.71436325e+001 5.75629012e+000 0.00000000e+000 0.00000000e+000 0.00000000e+000 1.00000000e+000
 1.00000000e+000 7.45453721e+000 4.71335824e+000 3.46857728e+001 4.66442142e+001 9.69617783e+001 4.76357678e+001 1.07943504e+003 1.02551084e+003 1.08249705e+001 -4.71590872e+001 5.78266682e+000 0.00000000e+000 0.00000000e+000 0.00000000e+000 1.00000000e+000
 1.00000000e+000 7.43131741e+000 4.68167275e+000 3.45988788e+001 4.66732409e+001 9.70053695e+001 4.77327387e+001 1.07942141e+003 1.02552777e+003 1.08138941e+001 -4.72035479e+001 5.79276124e+000 0.00000000e+000 0.00000000e+000 0.00000000e+000 1.00000000e+000
 1.00000000e+000 7.43103542e+000 4.62187257e+000 3.45882485e+001 4.67177456e+001 9.70452117e+001 4.77263221e+001 1.07940219e+003 1.02549291e+003 1.07873340e+001 -4.71528274e+001 5.83747529e+000 0.00000000e+000 0.00000000e+000 0.00000000e+000 1.00000000e+000
 1.00000000e+000 7.41293436e+000 4.59315584e+000 3.45438235e+001 4.67435520e+001 9.70692007e+001 4.77866165e+001 1.07937528e+003 1.02550412e+003 1.07528020e+001 -4.71440516e+001 5.90086770e+000 0.00000000e+000 0.00000000e+000 0.00000000e+000 1.00000000e+000
 1.00000000e+000 7.37566302e+000 4.62294994e+000 3.44722927e+001 4.67285450e+001 9.70852868e+001 4.78756156e+001 1.07933073e+003 1.02555940e+003 1.07380338e+001 -4.71508662e+001 5.94549347e+000 0.00000000e+000 0.00000000e+000 0.00000000e+000 1.00000000e+000
 1.00000000e+000 7.35284384e+000 4.62706569e+000 3.44292547e+001 4.66899521e+001 9.70800384e+001 4.79464862e+001 1.07928744e+003 1.02557932e+003 1.07373845e+001 -4.71726565e+001 5.96848824e+000 0.00000000e+000 0.00000000e+000 0.00000000e+000 1.00000000e+000
 1.00000000e+000 7.32648353e+000 4.63385438e+000 3.43771637e+001 4.66719006e+001 9.70702276e+001 4.80432181e+001 1.07924118e+003 1.02560952e+003 1.07182917e+001 -4.71960280e+001 6.01543592e+000 0.00000000e+000 0.00000000e+000 0.00000000e+000 1.00000000e+000
 1.00000000e+000 7.30072309e+000 4.63207355e+000 3.43340076e+001 4.66662315e+001 9.70797619e+001 4.81053284e+001 1.07918026e+003 1.02562313e+003 1.06805349e+001 -4.71720091e+001 6.08483548e+000 0.00000000e+000 0.00000000e+000 0.00000000e+000 1.00000000e+000
 1.00000000e+000 7.26283543e+000 4.64792868e+000 3.42910565e+001 4.66415796e+001 9.70835436e+001 4.81702700e+001 1.07914396e+003 1.02565576e+003 1.06726367e+001 -4.71725028e+001 6.12471389e+000 0.00000000e+000 0.00000000e+000 0.00000000e+000 1.00000000e+000
 1.00000000e+000 7.26844478e+000 4.58205423e+000 3.42551688e+001 4.66769443e+001 9.71189693e+001 4.82002823e+001 1.07912222e+003 1.02561244e+003 1.06723848e+001 -4.71809219e+001 6.12134048e+000 0.00000000e+000 0.00000000e+000 0.00000000e+000 1.00000000e+000
 1.00000000e+000 7.27731937e+000 4.50445134e+000 3.42266288e+001 4.67348990e+001 9.71625846e+001 4.82145893e+001 1.07910010e+003 1.02555533e+003 1.06437565e+001 -4.71745480e+001 6.14086406e+000 0.00000000e+000 0.00000000e+000 0.00000000e+000 1.00000000e+000
 1.00000000e+000 7.32822917e+000 4.37371670e+000 3.42534101e+001 4.68473763e+001 9.72194400e+001 4.81462537e+001 1.07900956e+003 1.02544387e+003 1.05131399e+001 -4.69956886e+001 6.29620197e+000 0.00000000e+000 0.00000000e+000 0.00000000e+000 1.00000000e+000
 1.00000000e+000 7.34159124e+000 4.33133532e+000 3.42808193e+001 4.68503802e+001 9.72125501e+001 4.81246933e+001 1.07895375e+003 1.02539256e+003 1.04753950e+001 -4.69145816e+001 6.36958132e+000 0.00000000e+000 0.00000000e+000 0.00000000e+000 1.00000000e+000
 1.00000000e+000 7.35554218e+000 4.31465838e+000 3.42755355e+001 4.68630440e+001 9.72107500e+001 4.81323086e+001 1.07894349e+003 1.02536573e+003 1.04770067e+001 -4.69181815e+001 6.35627007e+000 0.00000000e+000 0.00000000e+000 0.00000000e+000 1.00000000e+000
 1.00000000e+000 7.41895982e+000 4.20866436e+000 3.43153744e+001 4.69690287e+001 9.72640424e+001 4.80332628e+001 1.07890791e+003 1.02526346e+003 1.03856613e+001 -4.67855527e+001 6.43671998e+000 0.00000000e+000 0.00000000e+000 0.00000000e+000 1.00000000e+000
 1.00000000e+000 7.49011987e+000 4.11315728e+000 3.43215620e+001 4.70769999e+001 9.73356957e+001 4.79513454e+001 1.07886746e+003 1.02516633e+003 1.03263988e+001 -4.66700854e+001 6.46967953e+000 0.00000000e+000 0.00000000e+000 0.00000000e+000 1.00000000e+000
 1.00000000e+000 7.55385351e+000 4.05676756e+000 3.43287132e+001 4.71433369e+001 9.73709407e+001 4.78958438e+001 1.07884717e+003 1.02509088e+003 1.03176668e+001 -4.66116477e+001 6.44863429e+000 0.00000000e+000 0.00000000e+000 0.00000000e+000 1.00000000e+000
 1.00000000e+000 7.57711350e+000 4.02899684e+000 3.42882185e+001 4.72086196e+001 9.74127323e+001 4.79088809e+001 1.07888036e+003 1.02507882e+003 1.03397084e+001 -4.66718867e+001 6.37879664e+000 0.00000000e+000 0.00000000e+000 0.00000000e+000 1.00000000e+000
 1.00000000e+000 7.59315319e+000 3.98492982e+000 3.42819627e+001 4.72489382e+001 9.74257966e+001 4.79181879e+001 1.07890239e+003 1.02506464e+003 1.03278024e+001 -4.66891944e+001 6.37848060e+000 0.00000000e+000 0.00000000e+000 0.00000000e+000 1.00000000e+000
 1.00000000e+000 7.67794292e+000 3.87203899e+000 3.43019114e+001 4.72989374e+001 9.74508559e+001 4.78658975e+001 1.07885568e+003 1.02495032e+003 1.02998860e+001 -4.66158501e+001 6.39322307e+000 0.00000000e+000 0.00000000e+000 0.00000000e+000 1.00000000e+000
 1.00000000e+000 7.72780764e+000 3.79397181e+000 3.42871692e+001 4.73694672e+001 9.75036066e+001 4.78324052e+001 1.07887244e+003 1.02488050e+003 1.03111076e+001 -4.66106391e+001 6.33401724e+000 0.00000000e+000 0.00000000e+000 0.00000000e+000 1.00000000e+000
 1.00000000e+000 7.74136586e+000 3.75515940e+000 3.42980185e+001 4.73904715e+001 9.75240132e+001 4.78001179e+001 1.07888598e+003 1.02484650e+003 1.03206241e+001 -4.65921555e+001 6.31861349e+000 0.00000000e+000 0.00000000e+000 0.00000000e+000 1.00000000e+000
 1.00000000e+000 7.77131822e+000 3.71931330e+000 3.43134801e+001 4.74097812e+001 9.75371265e+001 4.77582328e+001 1.07891670e+003 1.02479866e+003 1.03478898e+001 -4.65948770e+001 6.25149152e+000 0.00000000e+000 0.00000000e+000 0.00000000e+000 1.00000000e+000
 1.00000000e+000 7.75892312e+000 3.71859684e+000 3.43249239e+001 4.74205299e+001 9.75362156e+001 4.77480923e+001 1.07899027e+003 1.02481161e+003 1.03974824e+001 -4.66539363e+001 6.18467427e+000 0.00000000e+000 0.00000000e+000 0.00000000e+000 1.00000000e+000
 1.00000000e+000 7.81129459e+000 3.65721404e+000 3.43237754e+001 4.74708355e+001 9.75870810e+001 4.76843798e+001 1.07899122e+003 1.02473203e+003 1.04046839e+001 -4.66281112e+001 6.11952324e+000 1.00000000e+000 0.00000000e+000 0.00000000e+000 0.00000000e+000
 1.00000000e+000 7.84083503e+000 3.65137207e+000 3.43412709e+001 4.74635084e+001 9.76050931e+001 4.76213008e+001 1.07898881e+003 1.02469996e+003 1.04223129e+001 -4.65902841e+001 6.08343811e+000 0.00000000e+000 1.00000000e+000 0.00000000e+000 0.00000000e+000
 1.00000000e+000 7.85700907e+000 3.62162826e+000 3.43109432e+001 4.74996219e+001 9.76444422e+001 4.76238313e+001 1.07898178e+003 1.02468206e+003 1.04223196e+001 -4.65770522e+001 6.07371951e+000 0.00000000e+000 0.00000000e+000 0.00000000e+000 1.00000000e+000
 1.00000000e+000 7.87903165e+000 3.65223550e+000 3.43583197e+001 4.74585694e+001 9.76276635e+001 4.75438522e+001 1.07899263e+003 1.02466434e+003 1.04638302e+001 -4.65487793e+001 6.01407038e+000 0.00000000e+000 0.00000000e+000 0.00000000e+000 1.00000000e+000
 1.00000000e+000 7.87066943e+000 3.67742815e+000 3.43711987e+001 4.74383520e+001 9.76131693e+001 4.75384497e+001 1.07901249e+003 1.02469332e+003 1.04703044e+001 -4.65519223e+001 6.01687348e+000 0.00000000e+000 0.00000000e+000 0.00000000e+000 1.00000000e+000
 1.00000000e+000 7.88213228e+000 3.67040914e+000 3.43578022e+001 4.74622585e+001 9.76291031e+001 4.75401883e+001 1.07903061e+003 1.02469726e+003 1.04663400e+001 -4.65716427e+001 5.99741568e+000 0.00000000e+000 0.00000000e+000 0.00000000e+000 1.00000000e+000
 1.00000000e+000 7.91267050e+000 3.65226173e+000 3.43730738e+001 4.74878966e+001 9.76510668e+001 4.74861972e+001 1.07902775e+003 1.02466932e+003 1.04520104e+001 -4.65156585e+001 5.99275988e+000 0.00000000e+000 0.00000000e+000 1.00000000e+000 0.00000000e+000
 1.00000000e+000 7.92803035e+000 3.62545813e+000 3.43756970e+001 4.75118579e+001 9.76557164e+001 4.74849074e+001 1.07903746e+003 1.02465634e+003 1.04361548e+001 -4.65070570e+001 5.99589138e+000 0.00000000e+000 0.00000000e+000 1.00000000e+000 0.00000000e+000
 1.00000000e+000 7.88049156e+000 3.69586938e+000 3.44093807e+001 4.74623908e+001 9.76200106e+001 4.74820465e+001 1.07909742e+003 1.02475901e+003 1.04605208e+001 -4.65415195e+001 6.00705656e+000 0.00000000e+000 0.00000000e+000 1.00000000e+000 0.00000000e+000
 1.00000000e+000 7.88281450e+000 3.68154172e+000 3.44235101e+001 4.74738198e+001 9.76222831e+001 4.74642012e+001 1.07913266e+003 1.02475565e+003 1.04683857e+001 -4.65558898e+001 5.98928244e+000 0.00000000e+000 0.00000000e+000 1.00000000e+000 0.00000000e+000
 1.00000000e+000 7.84923397e+000 3.70609999e+000 3.44399005e+001 4.74602203e+001 9.75893319e+001 4.74939774e+001 1.07918854e+003 1.02482115e+003 1.04725158e+001 -4.66124743e+001 6.00938023e+000 0.00000000e+000 0.00000000e+000 1.00000000e+000 0.00000000e+000
 1.00000000e+000 7.81496274e+000 3.76472046e+000 3.44232923e+001 4.73946577e+001 9.75429928e+001 4.75596970e+001 1.07927492e+003 1.02488953e+003 1.05672357e+001 -4.67790274e+001 5.88533956e+000 0.00000000e+000 0.00000000e+000 1.00000000e+000 0.00000000e+000
 1.00000000e+000 7.79919026e+000 3.80669973e+000 3.44317270e+001 4.73765057e+001 9.75131756e+001 4.75863857e+001 1.07932697e+003 1.02496400e+003 1.06046758e+001 -4.68461330e+001 5.85867795e+000 0.00000000e+000 0.00000000e+000 1.00000000e+000 0.00000000e+000
 1.00000000e+000 7.78810378e+000 3.80536838e+000 3.44539924e+001 4.73613634e+001 9.74761571e+001 4.76080307e+001 1.07938679e+003 1.02498800e+003 1.06243873e+001 -4.69115382e+001 5.84077649e+000 0.00000000e+000 0.00000000e+000 1.00000000e+000 0.00000000e+000
 1.00000000e+000 7.71398827e+000 3.89305782e+000 3.44046241e+001 4.72845374e+001 9.74258969e+001 4.77372125e+001 1.07943064e+003 1.02510798e+003 1.06722833e+001 -4.70597869e+001 5.81533185e+000 0.00000000e+000 0.00000000e+000 1.00000000e+000 0.00000000e+000
 1.00000000e+000 7.47742144e+000 4.22427804e+000 3.42907427e+001 4.69805401e+001 9.72500931e+001 4.80781764e+001 1.07942318e+003 1.02547235e+003 1.07644047e+001 -4.73134782e+001 5.87202357e+000 0.00000000e+000 0.00000000e+000 1.00000000e+000 0.00000000e+000
 1.00000000e+000 7.48826916e+000 4.22220995e+000 3.42894459e+001 4.69756919e+001 9.72395253e+001 4.80830788e+001 1.07947779e+003 1.02545860e+003 1.08339657e+001 -4.73962708e+001 5.76463077e+000 0.00000000e+000 0.00000000e+000 1.00000000e+000 0.00000000e+000
 1.00000000e+000 7.51009951e+000 4.19848070e+000 3.42909838e+001 4.69992416e+001 9.72480775e+001 4.80659823e+001 1.07951629e+003 1.02542470e+003 1.08686859e+001 -4.74412537e+001 5.68772652e+000 0.00000000e+000 0.00000000e+000 1.00000000e+000 0.00000000e+000
 1.00000000e+000 7.43898478e+000 4.27513318e+000 3.42699517e+001 4.69276719e+001 9.71892925e+001 4.81683146e+001 1.07956197e+003 1.02552919e+003 1.09109552e+001 -4.75709556e+001 5.67899877e+000 0.00000000e+000 0.00000000e+000 1.00000000e+000 0.00000000e+000
 1.00000000e+000 7.40331164e+000 4.28890342e+000 3.42487346e+001 4.69132432e+001 9.71557810e+001 4.82576750e+001 1.07956625e+003 1.02558537e+003 1.08868184e+001 -4.76328901e+001 5.73626805e+000 0.00000000e+000 0.00000000e+000 1.00000000e+000 0.00000000e+000
 1.00000000e+000 7.38623485e+000 4.29132695e+000 3.42663214e+001 4.69028986e+001 9.71153392e+001 4.82922873e+001 1.07962557e+003 1.02561613e+003 1.09020944e+001 -4.77119146e+001 5.72559894e+000 0.00000000e+000 0.00000000e+000 1.00000000e+000 0.00000000e+000
 1.00000000e+000 7.37825363e+000 4.30782074e+000 3.42883600e+001 4.68892346e+001 9.70826351e+001 4.83006399e+001 1.07967117e+003 1.02564469e+003 1.09171739e+001 -4.77610951e+001 5.70890205e+000 0.00000000e+000 0.00000000e+000 1.00000000e+000 0.00000000e+000
 1.00000000e+000 7.37727701e+000 4.31451881e+000 3.43151385e+001 4.68778710e+001 9.70536074e+001 4.82992065e+001 1.07971298e+003 1.02566438e+003 1.09338955e+001 -4.77965673e+001 5.69324639e+000 0.00000000e+000 0.00000000e+000 0.00000000e+000 1.00000000e+000
 1.00000000e+000 7.39038849e+000 4.31173016e+000 3.43410874e+001 4.68814106e+001 9.70393789e+001 4.82751594e+001 1.07976488e+003 1.02566099e+003 1.09575981e+001 -4.78286180e+001 5.64385359e+000 0.00000000e+000 0.00000000e+000 0.00000000e+000 1.00000000e+000
 1.00000000e+000 7.35249913e+000 4.39447360e+000 3.43611890e+001 4.67867069e+001 9.69633187e+001 4.83156984e+001 1.07982118e+003 1.02572954e+003 1.10293210e+001 -4.79466240e+001 5.57360391e+000 0.00000000e+000 0.00000000e+000 0.00000000e+000 1.00000000e+000
 1.00000000e+000 7.33005962e+000 4.43686542e+000 3.43641004e+001 4.67327634e+001 9.69118943e+001 4.83641264e+001 1.07987233e+003 1.02577687e+003 1.10830069e+001 -4.80613877e+001 5.50726197e+000 0.00000000e+000 0.00000000e+000 1.00000000e+000 0.00000000e+000
 1.00000000e+000 7.28361551e+000 4.50137367e+000 3.43554255e+001 4.66607538e+001 9.68604531e+001 4.84310920e+001 1.07990771e+003 1.02585098e+003 1.11340746e+001 -4.81637337e+001 5.47003169e+000 0.00000000e+000 0.00000000e+000 1.00000000e+000 0.00000000e+000
 1.00000000e+000 7.22986078e+000 4.59427223e+000 3.43353863e+001 4.65664554e+001 9.68051770e+001 4.85071912e+001 1.07994899e+003 1.02594317e+003 1.12024835e+001 -4.82898916e+001 5.40263737e+000 0.00000000e+000 0.00000000e+000 1.00000000e+000 0.00000000e+000
 1.00000000e+000 7.20486181e+000 4.64402869e+000 3.43362718e+001 4.65082386e+001 9.67764232e+001 4.85249481e+001 1.07997075e+003 1.02597960e+003 1.12546973e+001 -4.83354322e+001 5.34804919e+000 0.00000000e+000 0.00000000e+000 0.00000000e+000 1.00000000e+000
 1.00000000e+000 7.12570526e+000 4.76944434e+000 3.43097848e+001 4.63925806e+001 9.66991047e+001 4.86336060e+001 1.08002773e+003 1.02610294e+003 1.13461217e+001 -4.84988632e+001 5.27247718e+000 0.00000000e+000 0.00000000e+000 0.00000000e+000 1.00000000e+000
 1.00000000e+000 7.09449797e+000 4.78847408e+000 3.43378344e+001 4.63683858e+001 9.66413885e+001 4.86734015e+001 1.08013104e+003 1.02615818e+003 1.13847305e+001 -4.86349106e+001 5.22881021e+000 0.00000000e+000 0.00000000e+000 0.00000000e+000 1.00000000e+000
 1.00000000e+000 7.13256102e+000 4.77723517e+000 3.43885612e+001 4.63807357e+001 9.66310106e+001 4.85948673e+001 1.08018551e+003 1.02610612e+003 1.14216702e+001 -4.86600126e+001 5.12997868e+000 0.00000000e+000 0.00000000e+000 0.00000000e+000 1.00000000e+000
 1.00000000e+000 7.35967071e+000 4.52384898e+000 3.44869153e+001 4.66078268e+001 9.67742758e+001 4.82688496e+001 1.08025910e+003 1.02576335e+003 1.14787181e+001 -4.85685887e+001 4.85221110e+000 0.00000000e+000 0.00000000e+000 0.00000000e+000 1.00000000e+000
 1.00000000e+000 7.39372575e+000 4.52485658e+000 3.44788660e+001 4.66247647e+001 9.67928224e+001 4.82336532e+001 1.08028771e+003 1.02572115e+003 1.15478806e+001 -4.86284565e+001 4.71271531e+000 0.00000000e+000 0.00000000e+000 0.00000000e+000 1.00000000e+000
 1.00000000e+000 7.41795543e+000 4.54193221e+000 3.44960231e+001 4.65941499e+001 9.67731800e+001 4.82046162e+001 1.08029464e+003 1.02568716e+003 1.15920922e+001 -4.86756521e+001 4.62372080e+000 1.00000000e+000 0.00000000e+000 0.00000000e+000 0.00000000e+000
 1.00000000e+000 7.44224579e+000 4.58139449e+000 3.45423598e+001 4.65592784e+001 9.67419194e+001 4.81390185e+001 1.08032407e+003 1.02566078e+003 1.16524128e+001 -4.87097954e+001 4.51421415e+000 0.00000000e+000 0.00000000e+000 0.00000000e+000 1.00000000e+000
 1.00000000e+000 7.45508436e+000 4.66862616e+000 3.45222700e+001 4.64926154e+001 9.67106958e+001 4.81481914e+001 1.08037041e+003 1.02567372e+003 1.17933707e+001 -4.88572959e+001 4.29254190e+000 0.00000000e+000 0.00000000e+000 1.00000000e+000 0.00000000e+000
 1.00000000e+000 7.50001439e+000 4.69943383e+000 3.45176480e+001 4.64532434e+001 9.67106292e+001 4.81023993e+001 1.08039623e+003 1.02561949e+003 1.19185320e+001 -4.89362295e+001 4.08144177e+000 0.00000000e+000 0.00000000e+000 0.00000000e+000 1.00000000e+000
 1.00000000e+000 7.52498498e+000 4.77091346e+000 3.44645189e+001 4.63663678e+001 9.67091675e+001 4.81111165e+001 1.08038303e+003 1.02559031e+003 1.20739788e+001 -4.90337271e+001 3.84909213e+000 0.00000000e+000 0.00000000e+000 0.00000000e+000 1.00000000e+000
 1.00000000e+000 7.51846117e+000 4.84415270e+000 3.43786303e+001 4.62709633e+001 9.67097623e+001 4.81767982e+001 1.08033987e+003 1.02558089e+003 1.21898929e+001 -4.91212838e+001 3.68576024e+000 0.00000000e+000 0.00000000e+000 0.00000000e+000 1.00000000e+000
 1.00000000e+000 7.55547589e+000 4.82710229e+000 3.43474925e+001 4.62857024e+001 9.67604436e+001 4.81387801e+001 1.08031267e+003 1.02552077e+003 1.22332539e+001 -4.91052542e+001 3.59278415e+000 0.00000000e+000 0.00000000e+000 0.00000000e+000 1.00000000e+000
 1.00000000e+000 7.57777145e+000 4.81073893e+000 3.42970183e+001 4.63130313e+001 9.68274043e+001 4.81212969e+001 1.08027319e+003 1.02548554e+003 1.22420597e+001 -4.90582206e+001 3.55252043e+000 0.00000000e+000 0.00000000e+000 0.00000000e+000 1.00000000e+000
 1.00000000e+000 7.61514244e+000 4.75278449e+000 3.42727176e+001 4.63814250e+001 9.68916669e+001 4.80871023e+001 1.08030187e+003 1.02544215e+003 1.22610732e+001 -4.90502101e+001 3.49137460e+000 0.00000000e+000 0.00000000e+000 0.00000000e+000 1.00000000e+000
 1.00000000e+000 7.66468712e+000 4.70096891e+000 3.42897132e+001 4.64510120e+001 9.69281381e+001 4.80211583e+001 1.08034926e+003 1.02539274e+003 1.22790266e+001 -4.90378168e+001 3.42480498e+000 0.00000000e+000 0.00000000e+000 0.00000000e+000 1.00000000e+000
 1.00000000e+000 7.66419580e+000 4.70891932e+000 3.42849444e+001 4.64523338e+001 9.69200642e+001 4.80327451e+001 1.08040545e+003 1.02540187e+003 1.23272497e+001 -4.91212408e+001 3.34869465e+000 0.00000000e+000 0.00000000e+000 0.00000000e+000 1.00000000e+000
 1.00000000e+000 7.61400579e+000 4.76875250e+000 3.42568089e+001 4.64112309e+001 9.68739207e+001 4.81307656e+001 1.08045372e+003 1.02549208e+003 1.23651794e+001 -4.92498266e+001 3.32612379e+000 0.00000000e+000 0.00000000e+000 0.00000000e+000 1.00000000e+000
 1.00000000e+000 7.59528442e+000 4.80997090e+000 3.43015579e+001 4.63726026e+001 9.68086246e+001 4.81447315e+001 1.08047671e+003 1.02554295e+003 1.23414807e+001 -4.92798530e+001 3.37077802e+000 0.00000000e+000 1.00000000e+000 0.00000000e+000 0.00000000e+000
 1.00000000e+000 7.58060311e+000 4.83248840e+000 3.43301088e+001 4.63307835e+001 9.67561473e+001 4.81603629e+001 1.08053370e+003 1.02556275e+003 1.23679020e+001 -4.93673636e+001 3.32301067e+000 0.00000000e+000 0.00000000e+000 0.00000000e+000 1.00000000e+000
 1.00000000e+000 7.59673677e+000 4.85673795e+000 3.43615494e+001 4.62989627e+001 9.67075391e+001 4.81531054e+001 1.08060223e+003 1.02556500e+003 1.24323193e+001 -4.94773543e+001 3.20818093e+000 0.00000000e+000 0.00000000e+000 1.00000000e+000 0.00000000e+000
 1.00000000e+000 7.62422966e+000 4.87431838e+000 3.44245981e+001 4.62633332e+001 9.66647302e+001 4.80893205e+001 1.08062444e+003 1.02554134e+003 1.24559795e+001 -4.94762670e+001 3.16153154e+000 0.00000000e+000 1.00000000e+000 0.00000000e+000 0.00000000e+000
 1.00000000e+000 7.65851207e+000 4.90216665e+000 3.44726036e+001 4.62232408e+001 9.66307233e+001 4.80284535e+001 1.08064884e+003 1.02551999e+003 1.25045691e+001 -4.94987744e+001 3.07471646e+000 0.00000000e+000 0.00000000e+000 0.00000000e+000 1.00000000e+000
 1.00000000e+000 7.69379383e+000 4.95593666e+000 3.44788110e+001 4.61503009e+001 9.66133861e+001 4.79875885e+001 1.08059116e+003 1.02549344e+003 1.25574741e+001 -4.94621588e+001 2.99475706e+000 0.00000000e+000 0.00000000e+000 1.00000000e+000 0.00000000e+000
 1.00000000e+000 7.72145802e+000 4.97652850e+000 3.44989602e+001 4.61147588e+001 9.65884877e+001 4.79578472e+001 1.08059738e+003 1.02546305e+003 1.26096918e+001 -4.94890071e+001 2.90616613e+000 0.00000000e+000 0.00000000e+000 1.00000000e+000 0.00000000e+000
 1.00000000e+000 7.72628261e+000 5.00766094e+000 3.45175980e+001 4.60906653e+001 9.65617871e+001 4.79418355e+001 1.08064372e+003 1.02546323e+003 1.26788191e+001 -4.95534019e+001 2.80406891e+000 0.00000000e+000 0.00000000e+000 1.00000000e+000 0.00000000e+000
 1.00000000e+000 7.77726936e+000 5.04575368e+000 3.45636235e+001 4.60224708e+001 9.65339260e+001 4.78478211e+001 1.08066452e+003 1.02539894e+003 1.28042365e+001 -4.95778834e+001 2.61041277e+000 0.00000000e+000 0.00000000e+000 1.00000000e+000 0.00000000e+000
 1.00000000e+000 7.79799733e+000 5.05780650e+000 3.45503772e+001 4.60235752e+001 9.65482399e+001 4.78276544e+001 1.08070214e+003 1.02538217e+003 1.28831795e+001 -4.96402881e+001 2.47297872e+000 0.00000000e+000 0.00000000e+000 1.00000000e+000 0.00000000e+000
 1.00000000e+000 7.82567970e+000 5.04483890e+000 3.45627144e+001 4.60494091e+001 9.65483668e+001 4.78051818e+001 1.08073517e+003 1.02536808e+003 1.29048935e+001 -4.96581646e+001 2.41985777e+000 0.00000000e+000 0.00000000e+000 1.00000000e+000 0.00000000e+000
 1.00000000e+000 7.88342049e+000 4.96138001e+000 3.45661708e+001 4.61566509e+001 9.65967855e+001 4.77572672e+001 1.08077500e+003 1.02529680e+003 1.29022248e+001 -4.96595167e+001 2.36393218e+000 0.00000000e+000 0.00000000e+000 1.00000000e+000 0.00000000e+000
 1.00000000e+000 7.93028253e+000 4.88512969e+000 3.45727096e+001 4.63065298e+001 9.66628234e+001 4.77021269e+001 1.08080644e+003 1.02526201e+003 1.28553407e+001 -4.96327920e+001 2.37712340e+000 0.00000000e+000 0.00000000e+000 1.00000000e+000 0.00000000e+000
 1.00000000e+000 7.97460704e+000 4.79157609e+000 3.45617232e+001 4.64126795e+001 9.67365994e+001 4.76517584e+001 1.08082978e+003 1.02519333e+003 1.28348672e+001 -4.95973867e+001 2.36021141e+000 0.00000000e+000 0.00000000e+000 1.00000000e+000 0.00000000e+000
 1.00000000e+000 8.01654116e+000 4.74861062e+000 3.45620533e+001 4.64724678e+001 9.67667715e+001 4.76174600e+001 1.08083928e+003 1.02514925e+003 1.28383731e+001 -4.95811323e+001 2.32499101e+000 0.00000000e+000 0.00000000e+000 1.00000000e+000 0.00000000e+000
 1.00000000e+000 8.00475759e+000 4.74088870e+000 3.45612764e+001 4.64936657e+001 9.67588845e+001 4.76455130e+001 1.08089540e+003 1.02518559e+003 1.28388865e+001 -4.96272770e+001 2.33290077e+000 0.00000000e+000 0.00000000e+000 1.00000000e+000 0.00000000e+000
 1.00000000e+000 8.05288525e+000 4.67961290e+000 3.46190235e+001 4.65409464e+001 9.67587790e+001 4.75714129e+001 1.08093414e+003 1.02512962e+003 1.28130444e+001 -4.95979492e+001 2.32621335e+000 0.00000000e+000 0.00000000e+000 1.00000000e+000 0.00000000e+000
 1.00000000e+000 8.07140382e+000 4.62209190e+000 3.46214459e+001 4.66029534e+001 9.67853895e+001 4.75558795e+001 1.08100541e+003 1.02510689e+003 1.28353103e+001 -4.96463246e+001 2.27058756e+000 0.00000000e+000 0.00000000e+000 1.00000000e+000 0.00000000e+000
 1.00000000e+000 8.06197166e+000 4.62545307e+000 3.46518336e+001 4.65937287e+001 9.67548621e+001 4.75539659e+001 1.08106831e+003 1.02512454e+003 1.28477022e+001 -4.97071105e+001 2.24508299e+000 0.00000000e+000 0.00000000e+000 1.00000000e+000 0.00000000e+000
 1.00000000e+000 8.05046389e+000 4.56597644e+000 3.45678187e+001 4.67146995e+001 9.68069872e+001 4.76645246e+001 1.08110819e+003 1.02516222e+003 1.27961780e+001 -4.97661907e+001 2.28965124e+000 0.00000000e+000 0.00000000e+000 1.00000000e+000 0.00000000e+000
 1.00000000e+000 8.05316782e+000 4.49312098e+000 3.45078516e+001 4.68058183e+001 9.68465908e+001 4.77448950e+001 1.08113476e+003 1.02515981e+003 1.27636752e+001 -4.98084244e+001 2.32010332e+000 0.00000000e+000 0.00000000e+000 1.00000000e+000 0.00000000e+000
 1.00000000e+000 8.02742761e+000 4.50938118e+000 3.44923375e+001 4.67914760e+001 9.68261880e+001 4.77987731e+001 1.08114373e+003 1.02519541e+003 1.27682485e+001 -4.98481556e+001 2.33872263e+000 0.00000000e+000 0.00000000e+000 1.00000000e+000 0.00000000e+000
 1.00000000e+000 8.03683914e+000 4.52482740e+000 3.45079577e+001 4.67694815e+001 9.67915985e+001 4.78039534e+001 1.08115791e+003 1.02518739e+003 1.27910248e+001 -4.98934520e+001 2.29118294e+000 0.00000000e+000 1.00000000e+000 0.00000000e+000 0.00000000e+000
 1.00000000e+000 8.08707869e+000 4.53015586e+000 3.45329509e+001 4.67658676e+001 9.67949309e+001 4.77289756e+001 1.08118287e+003 1.02513248e+003 1.28672108e+001 -4.99143014e+001 2.15035615e+000 0.00000000e+000 0.00000000e+000 1.00000000e+000 0.00000000e+000
 1.00000000e+000 8.15929013e+000 4.53029316e+000 3.45624626e+001 4.67669214e+001 9.68130185e+001 4.76186967e+001 1.08116964e+003 1.02504505e+003 1.29209671e+001 -4.98742443e+001 2.02061424e+000 0.00000000e+000 0.00000000e+000 1.00000000e+000 0.00000000e+000
 1.00000000e+000 8.17006953e+000 4.59132099e+000 3.45620961e+001 4.67095742e+001 9.67988086e+001 4.75958820e+001 1.08115972e+003 1.02505115e+003 1.29886556e+001 -4.98891406e+001 1.92997236e+000 0.00000000e+000 0.00000000e+000 1.00000000e+000 0.00000000e+000
 1.00000000e+000 8.02445902e+000 4.83715484e+000 3.44971304e+001 4.64828146e+001 9.66610207e+001 4.78147887e+001 1.08111461e+003 1.02528800e+003 1.30381420e+001 -5.00272651e+001 1.99053788e+000 0.00000000e+000 0.00000000e+000 1.00000000e+000 0.00000000e+000
