 1.00000000e+000 1.60066808e+001 7.99713905e+000 1.10074347e+001 7.99997772e+000 9.99931722e+001 6.69968412e+001 1.01800049e+003 1.01399563e+003 3.00301801e+000 4.91859381e-004 2.29924468e+001 0.00000000e+000 1.00000000e+000 0.00000000e+000 0.00000000e+000
 1.00000000e+000 1.30021449e+001 7.99952916e+000 9.00246586e+000 5.99968681e+000 9.99975961e+001 6.69996880e+001 1.01799582e+003 1.01299224e+003 2.99828381e+000 1.99791888e+000 2.09985647e+001 0.00000000e+000 0.00000000e+000 1.00000000e+000 0.00000000e+000
 1.00000000e+000 1.39997561e+001 9.00090982e+000 7.99807485e+000 4.99948081e+000 9.30016544e+001 5.90009318e+001 1.01999040e+003 1.01599161e+003 2.99844323e+000 -1.23125366e-003 1.30012683e+001 0.00000000e+000 0.00000000e+000 0.00000000e+000 1.00000000e+000
 1.00000000e+000 1.10137108e+001 3.98718767e+000 8.01080592e+000 4.00082671e+000 9.99936564e+001 7.60016818e+001 1.02000495e+003 1.01599008e+003 2.00515271e+000 -1.51158810e-003 1.59886805e+001 0.00000000e+000 0.00000000e+000 1.00000000e+000 0.00000000e+000
 1.00000000e+000 1.10029089e+001 4.99843734e+000 8.00217804e+000 5.00110320e+000 9.99994170e+001 7.09993905e+001 1.01799763e+003 1.01499274e+003 1.99720852e+000 -2.13020975e-003 1.89979893e+001 0.00000000e+000 0.00000000e+000 1.00000000e+000 0.00000000e+000
 1.00000000e+000 1.30037511e+001 4.99847787e+000 7.00060753e+000 3.99847036e+000 1.00000059e+002 6.29986821e+001 1.02099191e+003 1.01599111e+003 2.00033112e+000 5.03566779e-004 1.39990684e+001 0.00000000e+000 0.00000000e+000 1.00000000e+000 0.00000000e+000
 1.00000000e+000 1.50094816e+001 3.99951486e+000 8.99341908e+000 3.99501152e+000 9.99947614e+001 6.29989301e+001 1.01799093e+003 1.01398990e+003 9.98979451e-001 -4.40185545e-004 1.09972188e+001 0.00000000e+000 0.00000000e+000 1.00000000e+000 0.00000000e+000
 1.00000000e+000 1.39990168e+001 3.99865583e+000 9.99870311e+000 4.00267185e+000 9.99983065e+001 6.30015829e+001 1.01599829e+003 1.01199278e+003 1.00021987e+000 -1.28980893e-003 1.39988306e+001 0.00000000e+000 0.00000000e+000 1.00000000e+000 0.00000000e+000
 1.00000000e+000 1.00051986e+001 5.99364482e+000 8.99903777e+000 5.99357213e+000 1.00001986e+002 8.70043768e+001 1.01798583e+003 1.01398862e+003 9.99500116e-001 -1.16546713e-003 1.40039719e+001 0.00000000e+000 0.00000000e+000 1.00000000e+000 0.00000000e+000
 1.00000000e+000 1.40084837e+001 4.99699024e+000 8.00180921e+000 4.99498377e+000 1.00001155e+002 5.90003690e+001 1.01699293e+003 1.01299051e+003 3.00374779e+000 -6.73702628e-004 2.29966255e+001 0.00000000e+000 0.00000000e+000 1.00000000e+000 0.00000000e+000
 1.00000000e+000 1.79999221e+001 4.00194693e+000 7.99854056e+000 3.00047223e+000 1.00002392e+002 3.70002481e+001 1.01499036e+003 1.01198992e+003 3.99843209e+000 -1.85031743e-003 2.09997127e+001 0.00000000e+000 0.00000000e+000 1.00000000e+000 0.00000000e+000
 1.00000000e+000 1.99995286e+001 6.00174630e+000 8.99638889e+000 3.99861063e+000 1.00002796e+002 3.49995490e+001 1.01498713e+003 1.00999028e+003 3.99829324e+000 1.11629976e-003 1.40016649e+001 0.00000000e+000 0.00000000e+000 1.00000000e+000 0.00000000e+000
 1.00000000e+000 2.49982817e+001 7.99798413e+000 1.20022800e+001 4.99735627e+000 9.99959108e+001 2.80007824e+001 1.01398694e+003 1.01098857e+003 3.99944050e+000 -2.79864351e-003 1.10088691e+001 0.00000000e+000 0.00000000e+000 1.00000000e+000 0.00000000e+000
 1.00000000e+000 2.39984482e+001 1.10001220e+001 1.19945679e+001 8.00196665e+000 1.00007405e+002 3.80028744e+001 1.01399049e+003 1.00899607e+003 2.99605096e+000 -7.29699508e-004 1.89987190e+001 0.00000000e+000 0.00000000e+000 1.00000000e+000 0.00000000e+000
 1.00000000e+000 2.10036337e+001 1.09969533e+001 1.30011362e+001 -7.00019849e+000 8.79992601e+001 1.60006300e+001 1.01599434e+003 1.00999154e+003 6.00058120e+000 9.99702040e-001 2.69965654e+001 0.00000000e+000 0.00000000e+000 1.00000000e+000 0.00000000e+000
 1.00000000e+000 1.70034874e+001 7.99841644e+000 1.00005243e+001 -1.18625451e-003 1.00000163e+002 3.20000459e+001 1.01699197e+003 1.01299198e+003 5.00120911e+000 7.47868119e-004 2.89974041e+001 0.00000000e+000 0.00000000e+000 1.00000000e+000 0.00000000e+000
 1.00000000e+000 1.89990842e+001 6.00026036e+000 5.99841963e+000 -1.00204925e+000 9.29992500e+001 2.60015880e+001 1.01399077e+003 1.01099155e+003 4.99904179e+000 9.99324060e-001 2.10014147e+001 0.00000000e+000 0.00000000e+000 1.00000000e+000 0.00000000e+000
 1.00000000e+000 2.09959382e+001 7.00656823e+000 5.99666804e+000 -4.00007022e+000 8.70034665e+001 2.00000506e+001 1.01397840e+003 1.00998742e+003 6.00021496e+000 1.00159695e+000 1.60065577e+001 0.00000000e+000 0.00000000e+000 1.00000000e+000 0.00000000e+000
 1.00000000e+000 1.89934632e+001 5.00781418e+000 4.99244367e+000 9.90844225e-001 9.30006323e+001 2.99950206e+001 1.01398016e+003 1.01098568e+003 4.99484889e+000 9.98016518e-001 2.40007045e+001 0.00000000e+000 0.00000000e+000 1.00000000e+000 0.00000000e+000
 1.00000000e+000 1.99992425e+001 4.99960292e+000 6.99864563e+000 -3.00072782e+000 8.20000364e+001 2.30033597e+001 1.01699350e+003 1.01299243e+003 4.99860277e+000 9.98566019e-001 1.39992861e+001 0.00000000e+000 0.00000000e+000 1.00000000e+000 0.00000000e+000
 1.00000000e+000 2.20005677e+001 7.00142318e+000 8.99871309e+000 -9.69720552e-004 8.70026743e+001 2.30024365e+001 1.01798630e+003 1.01399077e+003 4.99570157e+000 9.99937844e-001 1.59987423e+001 0.00000000e+000 0.00000000e+000 1.00000000e+000 0.00000000e+000
 1.00000000e+000 2.19858630e+001 1.00052333e+001 9.98599166e+000 3.99506299e+000 8.20167433e+001 3.09996057e+001 1.01797364e+003 1.01298163e+003 3.99278877e+000 9.98143890e-001 1.40147702e+001 0.00000000e+000 0.00000000e+000 1.00000000e+000 0.00000000e+000
 1.00000000e+000 2.20040570e+001 9.99794174e+000 1.00012057e+001 9.98995889e-001 9.39988432e+001 2.70004753e+001 1.01899367e+003 1.01499237e+003 4.00116875e+000 1.00024533e+000 1.39975519e+001 0.00000000e+000 0.00000000e+000 1.00000000e+000 0.00000000e+000
 1.00000000e+000 2.09940913e+001 7.99366075e+000 8.00040355e+000 9.98992615e-001 9.30027166e+001 2.70092237e+001 1.01899307e+003 1.01598761e+003 6.00096856e+000 9.95218345e-001 2.30069606e+001 0.00000000e+000 0.00000000e+000 1.00000000e+000 0.00000000e+000
 1.00000000e+000 2.10099965e+001 7.99348222e+000 8.00751556e+000 -3.99941126e+000 9.29973285e+001 1.80070256e+001 1.01899593e+003 1.01499745e+003 4.00153285e+000 9.97653829e-001 1.09953536e+001 0.00000000e+000 0.00000000e+000 1.00000000e+000 0.00000000e+000
 1.00000000e+000 2.19990978e+001 1.09974201e+001 8.00705343e+000 2.99941511e+000 6.70002349e+001 3.09985172e+001 1.02200270e+003 1.01699660e+003 7.00365356e+000 1.99769769e+000 1.89990722e+001 0.00000000e+000 0.00000000e+000 1.00000000e+000 0.00000000e+000
 1.00000000e+000 1.80029052e+001 5.99912103e+000 7.99918459e+000 4.99778480e+000 9.30017866e+001 4.80005101e+001 1.02198775e+003 1.01699060e+003 3.99813535e+000 -3.44081623e-004 2.09989790e+001 0.00000000e+000 0.00000000e+000 0.00000000e+000 1.00000000e+000
 1.00000000e+000 2.00006157e+001 6.00090589e+000 6.99808534e+000 1.00066194e+000 8.70027761e+001 2.80004529e+001 1.01898798e+003 1.01398900e+003 4.99928249e+000 1.00105598e+000 1.29997398e+001 0.00000000e+000 0.00000000e+000 1.00000000e+000 0.00000000e+000
 1.00000000e+000 2.09904037e+001 7.01136422e+000 8.98874957e+000 9.98452691e-001 9.30125652e+001 2.69975711e+001 1.01797324e+003 1.01198519e+003 2.99161495e+000 1.94317101e-003 1.10068153e+001 0.00000000e+000 0.00000000e+000 1.00000000e+000 0.00000000e+000
 1.00000000e+000 2.10026756e+001 1.09997012e+001 1.19998800e+001 5.99858794e+000 1.00001197e+002 3.79997970e+001 1.01899122e+003 1.01299106e+003 3.00033790e+000 9.26215341e-004 1.59991263e+001 0.00000000e+000 0.00000000e+000 1.00000000e+000 0.00000000e+000
 1.00000000e+000 2.09966844e+001 6.98817331e+000 1.19899544e+001 7.01789455e+000 1.00019146e+002 3.99779433e+001 1.01997013e+003 1.01599339e+003 3.98507379e+000 -1.67064694e-002 2.10121663e+001 0.00000000e+000 1.00000000e+000 0.00000000e+000 0.00000000e+000
 1.00000000e+000 2.10146981e+001 5.99100400e+000 1.00101729e+001 5.99979384e+000 9.99929421e+001 3.99980077e+001 1.01901261e+003 1.01500010e+003 5.00873355e+000 1.00356903e-004 2.29873102e+001 0.00000000e+000 0.00000000e+000 1.00000000e+000 0.00000000e+000
 1.00000000e+000 2.30107631e+001 8.99196783e+000 1.20046979e+001 6.99731721e+000 1.00000311e+002 3.79993986e+001 1.01899421e+003 1.01498862e+003 5.00610065e+000 -1.97445648e-003 1.59941330e+001 0.00000000e+000 0.00000000e+000 1.00000000e+000 0.00000000e+000
 1.00000000e+000 2.49968213e+001 9.00527753e+000 1.29966806e+001 8.96975621e+000 9.99917700e+001 3.89982381e+001 1.01800233e+003 1.01497861e+003 3.96915924e+000 -4.22465786e-003 1.40111038e+001 0.00000000e+000 0.00000000e+000 1.00000000e+000 0.00000000e+000
 1.00000000e+000 2.90004219e+001 1.09994165e+001 1.39949706e+001 8.99584224e+000 1.00002962e+002 3.19981623e+001 1.01798328e+003 1.01299145e+003 4.00337721e+000 4.39698935e-003 1.29995600e+001 0.00000000e+000 0.00000000e+000 1.00000000e+000 0.00000000e+000
 1.00000000e+000 2.90027776e+001 1.39986376e+001 1.60028643e+001 8.99893185e+000 8.79992803e+001 2.89997397e+001 1.01399443e+003 1.01099265e+003 3.00263134e+000 9.99974850e-001 1.29965601e+001 0.00000000e+000 0.00000000e+000 1.00000000e+000 0.00000000e+000
 1.00000000e+000 2.60013027e+001 1.59984949e+001 1.69980617e+001 1.19987327e+001 8.80018421e+001 4.19986723e+001 1.01399084e+003 1.00898986e+003 4.00107607e+000 1.00085213e+000 2.29993017e+001 0.00000000e+000 0.00000000e+000 0.00000000e+000 1.00000000e+000
 1.00000000e+000 2.60044089e+001 1.59937090e+001 1.80091162e+001 1.29991373e+001 9.99919018e+001 4.40053843e+001 1.01099596e+003 1.00799390e+003 5.00389181e+000 9.96282615e-001 1.39994867e+001 0.00000000e+000 0.00000000e+000 0.00000000e+000 1.00000000e+000
 1.00000000e+000 2.19990240e+001 1.30023009e+001 1.59958668e+001 7.99874280e+000 1.00002575e+002 4.09988483e+001 1.01398664e+003 1.00998959e+003 3.99771302e+000 1.02679394e-003 1.89997331e+001 1.00000000e+000 0.00000000e+000 0.00000000e+000 0.00000000e+000
 1.00000000e+000 2.19995569e+001 7.99277621e+000 1.10003320e+001 4.99910468e+000 9.99919373e+001 3.50030970e+001 1.01299838e+003 1.00999192e+003 6.99826595e+000 -5.41566723e-003 2.60003534e+001 0.00000000e+000 0.00000000e+000 1.00000000e+000 0.00000000e+000
 1.00000000e+000 2.20197058e+001 7.98085384e+000 1.10083112e+001 6.01968584e+000 1.00010704e+002 3.50344511e+001 1.01501176e+003 1.01101548e+003 4.97636762e+000 -1.05161028e-002 2.09492932e+001 0.00000000e+000 0.00000000e+000 1.00000000e+000 0.00000000e+000
 1.00000000e+000 2.40112096e+001 9.01386605e+000 1.09986788e+001 5.98537773e+000 1.00009038e+002 3.10070317e+001 1.01698115e+003 1.01398736e+003 7.00832889e+000 -4.09014202e-003 2.29984596e+001 0.00000000e+000 0.00000000e+000 1.00000000e+000 0.00000000e+000
 1.00000000e+000 2.69980516e+001 9.00613965e+000 1.39910722e+001 7.99770225e+000 1.00004780e+002 2.99998882e+001 1.01498079e+003 1.00999025e+003 4.99592413e+000 2.90301241e-003 1.40020002e+001 0.00000000e+000 0.00000000e+000 1.00000000e+000 0.00000000e+000
 1.00000000e+000 2.80123909e+001 1.59980592e+001 1.49943716e+001 9.00413921e+000 8.20091117e+001 3.20212468e+001 1.01198399e+003 1.00799475e+003 4.00355736e+000 9.96670143e-001 2.10080385e+001 0.00000000e+000 0.00000000e+000 1.00000000e+000 0.00000000e+000
 1.00000000e+000 2.20022263e+001 1.69931336e+001 1.69955680e+001 1.10024518e+001 1.00004181e+002 6.00007893e+001 1.01198595e+003 1.00799058e+003 5.00737888e+000 9.98754466e-001 2.10123592e+001 0.00000000e+000 0.00000000e+000 1.00000000e+000 0.00000000e+000
 1.00000000e+000 1.80144172e+001 1.49993646e+001 1.60016640e+001 1.49931541e+001 1.00004957e+002 8.80019176e+001 1.01298560e+003 9.99986910e+002 4.00526819e+000 1.99875610e+000 2.59897953e+001 1.00000000e+000 0.00000000e+000 0.00000000e+000 0.00000000e+000
 1.00000000e+000 2.10056975e+001 1.29911745e+001 1.60033425e+001 1.09989346e+001 9.99972259e+001 5.30014685e+001 1.01399293e+003 1.00999093e+003 4.00370268e+000 9.98079181e-001 1.71989682e+002 1.00000000e+000 0.00000000e+000 0.00000000e+000 0.00000000e+000
 1.00000000e+000 2.00058547e+001 8.99706210e+000 1.59994572e+001 7.99741639e+000 1.00001538e+002 4.59992345e+001 1.01799155e+003 1.01299026e+003 6.99904348e+000 3.59893524e-004 2.69970972e+001 1.00000000e+000 0.00000000e+000 0.00000000e+000 0.00000000e+000
 1.00000000e+000 2.10012923e+001 8.00246603e+000 1.19976639e+001 7.00083888e+000 1.00004164e+002 4.59978543e+001 1.01499413e+003 1.01198108e+003 4.99402787e+000 1.87516105e-003 2.29860536e+001 0.00000000e+000 0.00000000e+000 1.00000000e+000 0.00000000e+000
 1.00000000e+000 2.29804053e+001 9.99644743e+000 1.09950509e+001 4.01080885e+000 1.00001466e+002 3.30042353e+001 1.01799486e+003 1.01398895e+003 4.99338633e+000 -1.94602947e-002 1.30037760e+001 0.00000000e+000 0.00000000e+000 1.00000000e+000 0.00000000e+000
 1.00000000e+000 2.49910497e+001 1.20077975e+001 1.39836231e+001 5.97226746e+000 1.00007006e+002 2.89919168e+001 1.01798199e+003 1.01399844e+003 4.99457375e+000 1.00227560e+000 1.40138447e+001 0.00000000e+000 0.00000000e+000 1.00000000e+000 0.00000000e+000
 1.00000000e+000 2.10034712e+001 1.09979851e+001 1.40002696e+001 8.99842281e+000 9.99999749e+001 4.89987660e+001 1.02099143e+003 1.01699145e+003 5.00059268e+000 -1.25879434e-004 1.89984797e+001 0.00000000e+000 1.00000000e+000 0.00000000e+000 0.00000000e+000
 1.00000000e+000 2.19982727e+001 1.10015982e+001 1.39958567e+001 9.99934312e+000 1.00002798e+002 4.59978689e+001 1.01898648e+003 1.01499145e+003 3.99754930e+000 2.96368810e-004 1.30008407e+001 0.00000000e+000 0.00000000e+000 1.00000000e+000 0.00000000e+000
 1.00000000e+000 2.40024339e+001 1.29990905e+001 1.49984371e+001 8.99842378e+000 1.00001959e+002 3.79996763e+001 1.01798949e+003 1.01399243e+003 3.99966916e+000 2.63300521e-004 1.30003300e+001 0.00000000e+000 0.00000000e+000 1.00000000e+000 0.00000000e+000
 1.00000000e+000 2.30184880e+001 1.39990753e+001 1.49942009e+001 9.99538867e+000 9.40002382e+001 4.39883507e+001 1.01698761e+003 1.01199666e+003 3.00510685e+000 1.06316748e-002 1.29868388e+001 0.00000000e+000 0.00000000e+000 1.00000000e+000 0.00000000e+000
 1.00000000e+000 2.39951828e+001 1.09989520e+001 1.49991042e+001 4.00960942e+000 9.99916675e+001 2.89931091e+001 1.01499001e+003 1.00999171e+003 5.99587744e+000 4.77066488e-003 1.29992113e+001 0.00000000e+000 0.00000000e+000 1.00000000e+000 0.00000000e+000
 1.00000000e+000 2.10064129e+001 1.29949871e+001 1.40054734e+001 1.00006932e+001 9.99952592e+001 4.89995177e+001 1.01699861e+003 1.01099216e+003 5.00438282e+000 9.99036784e-001 1.89945067e+001 0.00000000e+000 0.00000000e+000 1.00000000e+000 0.00000000e+000
 1.00000000e+000 2.29977025e+001 1.30097367e+001 1.29923559e+001 5.00467708e+000 9.40102871e+001 3.09930899e+001 1.02099494e+003 1.01598025e+003 6.99947624e+000 1.01603588e+000 1.59859867e+001 1.00000000e+000 0.00000000e+000 0.00000000e+000 0.00000000e+000
 1.00000000e+000 2.30077999e+001 8.99423936e+000 1.00052431e+001 4.00010285e+000 9.99972401e+001 2.90029255e+001 1.01999851e+003 1.01499342e+003 5.00351430e+000 9.98845564e-001 2.29943657e+001 0.00000000e+000 0.00000000e+000 0.00000000e+000 1.00000000e+000
 1.00000000e+000 2.09934390e+001 1.00000607e+001 1.29949858e+001 6.99633622e+000 9.40002270e+001 4.89969887e+001 1.01698087e+003 1.01398148e+003 5.00490906e+000 9.99619975e-001 2.30144710e+001 0.00000000e+000 0.00000000e+000 1.00000000e+000 0.00000000e+000
 1.00000000e+000 2.40009693e+001 1.39957283e+001 1.50002521e+001 1.00029726e+001 9.40030732e+001 4.09964306e+001 1.01599693e+003 1.01099241e+003 3.00001276e+000 9.95447670e-001 1.10003982e+001 0.00000000e+000 0.00000000e+000 0.00000000e+000 1.00000000e+000
 1.00000000e+000 2.00029728e+001 1.59986318e+001 1.79981260e+001 1.20001498e+001 1.00002728e+002 6.79990949e+001 1.01598921e+003 1.01099294e+003 2.99926562e+000 1.00000028e+000 1.09994915e+001 0.00000000e+000 0.00000000e+000 1.00000000e+000 0.00000000e+000
 1.00000000e+000 2.19953759e+001 1.40004358e+001 1.69934911e+001 1.20021371e+001 1.00003931e+002 5.29982621e+001 1.01599071e+003 1.01198075e+003 4.99830873e+000 -7.31440251e-004 2.30018535e+001 0.00000000e+000 1.00000000e+000 0.00000000e+000 0.00000000e+000
 1.00000000e+000 2.60061666e+001 1.19983098e+001 1.70016157e+001 1.19978806e+001 1.00000914e+002 4.20014405e+001 1.01599318e+003 1.01199241e+003 5.00008340e+000 -1.98929153e-003 2.29952857e+001 0.00000000e+000 1.00000000e+000 0.00000000e+000 0.00000000e+000
 1.00000000e+000 2.60079649e+001 1.19942042e+001 1.40052575e+001 9.00547352e+000 9.99983059e+001 3.60030040e+001 1.01900287e+003 1.01398911e+003 5.00505308e+000 7.71427169e-004 2.09892255e+001 0.00000000e+000 0.00000000e+000 1.00000000e+000 0.00000000e+000
 1.00000000e+000 2.70024158e+001 1.29993234e+001 1.30005334e+001 8.99826496e+000 8.20011366e+001 3.20001943e+001 1.01799174e+003 1.01399221e+003 5.99937932e+000 1.00017079e+000 2.29964915e+001 0.00000000e+000 0.00000000e+000 1.00000000e+000 0.00000000e+000
 1.00000000e+000 2.60061848e+001 1.39968945e+001 1.60011250e+001 1.09968520e+001 9.39988254e+001 3.90014372e+001 1.01499771e+003 1.00999113e+003 6.00498560e+000 9.98840756e-001 2.29957631e+001 0.00000000e+000 0.00000000e+000 0.00000000e+000 1.00000000e+000
 1.00000000e+000 2.60009853e+001 1.60025997e+001 1.60016604e+001 9.99862315e+000 8.80055272e+001 3.59945937e+001 1.01398318e+003 1.00898882e+003 7.00075558e+000 2.00183670e+000 2.09989129e+001 0.00000000e+000 0.00000000e+000 0.00000000e+000 1.00000000e+000
 1.00000000e+000 2.50014932e+001 1.40008494e+001 1.39995149e+001 8.99951936e+000 9.40006029e+001 3.59991913e+001 1.01699056e+003 1.01299240e+003 6.00041701e+000 1.00067398e+000 1.59983546e+001 0.00000000e+000 0.00000000e+000 0.00000000e+000 1.00000000e+000
 1.00000000e+000 2.70023241e+001 1.19987156e+001 1.29995756e+001 8.99815699e+000 9.40009933e+001 3.19999674e+001 1.01599204e+003 1.01199163e+003 5.99986287e+000 1.00033544e+000 2.09974560e+001 0.00000000e+000 0.00000000e+000 1.00000000e+000 0.00000000e+000
 1.00000000e+000 2.80015588e+001 1.29976559e+001 1.29993618e+001 5.99750452e+000 8.80011478e+001 2.60007189e+001 1.01499166e+003 1.01199010e+003 7.99974847e+000 9.99902150e-001 2.09991612e+001 0.00000000e+000 0.00000000e+000 1.00000000e+000 0.00000000e+000
 1.00000000e+000 2.90054951e+001 1.39978326e+001 1.40040052e+001 7.00092769e+000 8.19981795e+001 2.49992278e+001 1.01399357e+003 1.00999403e+003 7.00373367e+000 1.00073882e+000 2.09951183e+001 0.00000000e+000 0.00000000e+000 0.00000000e+000 1.00000000e+000
 1.00000000e+000 3.30031724e+001 1.49986996e+001 1.60026615e+001 1.19996946e+001 9.39985731e+001 3.29996673e+001 1.01399329e+003 1.00899350e+003 4.00113057e+000 1.00041600e+000 1.89961576e+001 0.00000000e+000 0.00000000e+000 0.00000000e+000 1.00000000e+000
 1.00000000e+000 3.20016620e+001 1.60023941e+001 1.79985041e+001 1.39961804e+001 9.99996316e+001 3.50017062e+001 1.01499163e+003 1.01098869e+003 3.00170031e+000 9.99480898e-001 1.59969751e+001 0.00000000e+000 0.00000000e+000 1.00000000e+000 0.00000000e+000
 1.00000000e+000 3.20046713e+001 1.69974124e+001 1.70061063e+001 7.00103476e+000 9.99946577e+001 2.70011976e+001 1.01299873e+003 1.00699579e+003 5.00319050e+000 9.98644377e-001 2.29960678e+001 0.00000000e+000 0.00000000e+000 1.00000000e+000 0.00000000e+000
 1.00000000e+000 3.20063746e+001 1.69921946e+001 1.90054637e+001 1.29946840e+001 9.39956048e+001 3.10041221e+001 1.00999619e+003 1.00599061e+003 4.99634621e+000 -2.45035592e-003 1.59919151e+001 0.00000000e+000 0.00000000e+000 1.00000000e+000 0.00000000e+000
 1.00000000e+000 3.40021402e+001 1.99982676e+001 1.80014835e+001 1.09989825e+001 8.29994280e+001 2.70009519e+001 1.00699473e+003 1.00199338e+003 4.00059077e+000 9.99875940e-001 1.59965209e+001 0.00000000e+000 0.00000000e+000 1.00000000e+000 0.00000000e+000
 1.00000000e+000 3.40015930e+001 1.89975237e+001 1.79980503e+001 9.99813254e+000 8.30026307e+001 2.60010303e+001 1.00399339e+003 9.99991349e+002 2.99939824e+000 1.99918026e+000 1.59980424e+001 0.00000000e+000 0.00000000e+000 0.00000000e+000 1.00000000e+000
 1.00000000e+000 3.20062808e+001 1.89960785e+001 1.70132479e+001 2.98945188e+000 7.79915961e+001 1.60041124e+001 1.00599492e+003 1.00099253e+003 5.00618957e+000 2.00283723e+000 2.09971317e+001 0.00000000e+000 0.00000000e+000 0.00000000e+000 1.00000000e+000
 1.00000000e+000 2.89999239e+001 1.59999883e+001 1.59978084e+001 5.99676900e+000 9.40019028e+001 2.59988144e+001 1.01098772e+003 1.00599058e+003 4.99831412e+000 1.00091770e+000 2.29992733e+001 0.00000000e+000 0.00000000e+000 0.00000000e+000 1.00000000e+000
 1.00000000e+000 3.30041864e+001 1.49946322e+001 1.30004204e+001 2.00177371e+000 8.80008173e+001 1.50040255e+001 1.01099644e+003 1.00799553e+003 5.00122395e+000 9.98626557e-001 1.89982354e+001 0.00000000e+000 0.00000000e+000 1.00000000e+000 0.00000000e+000
 1.00000000e+000 3.60043374e+001 1.79968968e+001 1.40013139e+001 5.99735680e+000 7.30007190e+001 2.00002269e+001 1.01199135e+003 1.00699168e+003 5.00161899e+000 2.00035270e+000 1.89972885e+001 0.00000000e+000 0.00000000e+000 1.00000000e+000 0.00000000e+000
 1.00000000e+000 3.20151813e+001 2.09936631e+001 1.60098403e+001 9.00175677e+000 6.89968714e+001 2.39926343e+001 1.01199846e+003 1.00798558e+003 5.00198596e+000 1.99827812e+000 1.89805540e+001 0.00000000e+000 0.00000000e+000 0.00000000e+000 1.00000000e+000
 1.00000000e+000 3.20077992e+001 1.79927750e+001 1.60034254e+001 9.99976006e+000 8.79985994e+001 2.60002969e+001 1.01299878e+003 1.00899782e+003 7.00290559e+000 3.52732976e-004 2.09957534e+001 0.00000000e+000 0.00000000e+000 0.00000000e+000 1.00000000e+000
 1.00000000e+000 3.40015408e+001 1.79982400e+001 1.60020531e+001 6.99759850e+000 8.29978455e+001 1.90005382e+001 1.01199516e+003 1.00799396e+003 5.00173344e+000 9.99615526e-001 2.29992721e+001 0.00000000e+000 0.00000000e+000 1.00000000e+000 0.00000000e+000
 1.00000000e+000 3.60010813e+001 1.89988440e+001 1.50004434e+001 7.99790026e+000 7.30005958e+001 1.80010479e+001 1.01099720e+003 1.00599486e+003 3.99794573e+000 1.99999538e+000 1.89953044e+001 0.00000000e+000 0.00000000e+000 0.00000000e+000 1.00000000e+000
 1.00000000e+000 3.60008872e+001 2.09989148e+001 1.90001387e+001 8.99797971e+000 7.30007304e+001 2.00004891e+001 1.00899244e+003 1.00499234e+003 5.00018472e+000 1.00014657e+000 2.29974457e+001 0.00000000e+000 0.00000000e+000 0.00000000e+000 1.00000000e+000
 1.00000000e+000 3.20017639e+001 2.30001918e+001 1.99987643e+001 1.79933793e+001 7.80029202e+001 4.60000142e+001 1.01098684e+003 1.00599044e+003 2.99988662e+000 2.99795351e+000 2.59993872e+001 0.00000000e+000 0.00000000e+000 0.00000000e+000 1.00000000e+000
 1.00000000e+000 3.20045523e+001 1.90028245e+001 2.00007021e+001 5.99084309e+000 7.40017419e+001 2.00015809e+001 1.01298250e+003 1.00698352e+003 4.99515774e+000 1.99918714e+000 2.89885202e+001 0.00000000e+000 0.00000000e+000 0.00000000e+000 1.00000000e+000
 1.00000000e+000 3.39980097e+001 1.80013976e+001 1.69956894e+001 6.99780733e+000 8.80032042e+001 2.09994102e+001 1.01198733e+003 1.00798957e+003 3.99823238e+000 1.00105920e+000 1.90007625e+001 1.00000000e+000 0.00000000e+000 0.00000000e+000 0.00000000e+000
 1.00000000e+000 3.30071041e+001 1.89993298e+001 1.50056599e+001 5.98748753e+000 7.79966105e+001 1.80015873e+001 1.01098875e+003 1.00700505e+003 3.99799998e+000 9.98286542e-001 1.90006829e+001 0.00000000e+000 0.00000000e+000 1.00000000e+000 0.00000000e+000
 1.00000000e+000 3.30023182e+001 2.19985918e+001 1.30024195e+001 5.99916274e+000 5.00015950e+001 1.80005438e+001 1.01199345e+003 1.00699342e+003 5.00137134e+000 2.00002647e+000 2.29968001e+001 0.00000000e+000 0.00000000e+000 1.00000000e+000 0.00000000e+000
 1.00000000e+000 3.09939041e+001 2.00070467e+001 1.09945901e+001 6.00473781e+000 5.20089072e+001 2.30046470e+001 1.01297502e+003 1.00898750e+003 4.99394475e+000 2.99933802e+000 2.30032932e+001 1.00000000e+000 0.00000000e+000 0.00000000e+000 0.00000000e+000
 1.00000000e+000 3.10011760e+001 1.69995121e+001 9.99974619e+000 9.98985850e-001 5.90035094e+001 1.50005956e+001 1.01499102e+003 1.00999221e+003 5.99992062e+000 1.00047469e+000 2.29984936e+001 0.00000000e+000 0.00000000e+000 0.00000000e+000 1.00000000e+000
 1.00000000e+000 3.40103628e+001 1.69852807e+001 9.01167154e+000 -3.99974426e+000 5.89928599e+001 9.01347961e+000 1.01499511e+003 1.00998538e+003 4.98964827e+000 9.87529607e-001 1.89832411e+001 0.00000000e+000 0.00000000e+000 0.00000000e+000 1.00000000e+000
 1.00000000e+000 3.40055081e+001 1.99947658e+001 9.00620977e+000 -1.00123057e+000 4.59988990e+001 1.09999649e+001 1.01300160e+003 1.00999328e+003 4.00398414e+000 9.99826642e-001 2.09933470e+001 0.00000000e+000 0.00000000e+000 0.00000000e+000 1.00000000e+000
 1.00000000e+000 3.20006379e+001 2.10004856e+001 1.19998975e+001 4.99869938e+000 5.30024456e+001 1.90004063e+001 1.01299201e+003 1.00999248e+003 2.99883039e+000 1.00015052e+000 1.89970937e+001 0.00000000e+000 0.00000000e+000 0.00000000e+000 1.00000000e+000
 1.00000000e+000 3.29999561e+001 1.79998830e+001 1.10003698e+001 1.99822493e+000 6.40029811e+001 1.69998899e+001 1.01399207e+003 1.00899224e+003 4.99921642e+000 1.00024852e+000 1.89981430e+001 0.00000000e+000 0.00000000e+000 0.00000000e+000 1.00000000e+000
 1.00000000e+000 3.40058627e+001 1.99955809e+001 1.00037459e+001 5.00308045e+000 4.90069679e+001 1.59997827e+001 1.01399422e+003 1.00999967e+003 3.99697875e+000 1.00160091e+000 1.39929965e+001 0.00000000e+000 0.00000000e+000 0.00000000e+000 1.00000000e+000
 1.00000000e+000 3.10020249e+001 2.29981623e+001 1.30014838e+001 7.99828121e+000 5.00016128e+001 2.49995307e+001 1.01999290e+003 1.01099273e+003 4.00057769e+000 1.99986851e+000 2.39967173e+001 0.00000000e+000 0.00000000e+000 0.00000000e+000 1.00000000e+000
 1.00000000e+000 3.39945278e+001 2.30037689e+001 1.39956232e+001 8.99857850e+000 5.30050764e+001 2.29992585e+001 1.01298413e+003 1.00898823e+003 3.99670187e+000 2.00060563e+000 1.60018038e+001 1.00000000e+000 0.00000000e+000 0.00000000e+000 0.00000000e+000
 1.00000000e+000 3.30002960e+001 2.20021918e+001 1.69984755e+001 1.29987676e+001 6.90028335e+001 3.09996753e+001 1.01098791e+003 1.00799144e+003 2.99937536e+000 1.00062430e+000 1.39982832e+001 0.00000000e+000 0.00000000e+000 0.00000000e+000 1.00000000e+000
 1.00000000e+000 3.30062554e+001 1.99884980e+001 1.59971287e+001 7.00662222e+000 7.30055320e+001 2.00046270e+001 1.01299158e+003 1.00800073e+003 4.99894686e+000 1.00187894e+000 1.60032217e+001 0.00000000e+000 0.00000000e+000 0.00000000e+000 1.00000000e+000
 1.00000000e+000 3.50057300e+001 2.19918851e+001 1.50121455e+001 5.00026781e+000 5.99927818e+001 1.50015647e+001 1.01098827e+003 1.00598782e+003 5.00907647e+000 1.99807929e+000 1.40011985e+001 0.00000000e+000 0.00000000e+000 0.00000000e+000 1.00000000e+000
 1.00000000e+000 3.60025896e+001 2.29963442e+001 1.50034545e+001 8.00271412e+000 6.09987067e+001 1.90007764e+001 1.00899673e+003 1.00499422e+003 4.00055974e+000 1.00009337e+000 1.59953255e+001 0.00000000e+000 0.00000000e+000 0.00000000e+000 1.00000000e+000
 1.00000000e+000 3.50173136e+001 2.40044149e+001 1.59812380e+001 1.00017889e+001 5.40152236e+001 2.50045265e+001 1.01196993e+003 1.00698537e+003 4.00047944e+000 2.01554297e+000 2.30044067e+001 0.00000000e+000 0.00000000e+000 0.00000000e+000 1.00000000e+000
 1.00000000e+000 3.49872970e+001 2.20032656e+001 2.29945729e+001 1.30037793e+001 8.80012604e+001 2.60002134e+001 1.01098157e+003 1.00499027e+003 4.99224126e+000 3.00018961e+000 2.30085642e+001 0.00000000e+000 0.00000000e+000 0.00000000e+000 1.00000000e+000
 1.00000000e+000 3.29997267e+001 2.00022713e+001 1.69983262e+001 8.00113516e+000 8.30010505e+001 2.09974508e+001 1.00999072e+003 1.00599303e+003 5.00311822e+000 2.00181936e+000 1.90004718e+001 1.00000000e+000 0.00000000e+000 0.00000000e+000 0.00000000e+000
 1.00000000e+000 3.40023882e+001 1.99967764e+001 1.40016347e+001 3.99733939e+000 6.80003400e+001 1.60050021e+001 1.00998414e+003 1.00598895e+003 4.99496402e+000 1.99810846e+000 3.69967800e+001 0.00000000e+000 0.00000000e+000 0.00000000e+000 1.00000000e+000
 1.00000000e+000 3.40158733e+001 1.89772949e+001 1.30014261e+001 3.99617451e+000 6.40100243e+001 1.60106647e+001 1.01100164e+003 1.00699412e+003 6.99754525e+000 1.99637895e+000 2.29949057e+001 1.00000000e+000 0.00000000e+000 0.00000000e+000 0.00000000e+000
 1.00000000e+000 3.49941127e+001 2.09939592e+001 1.30006969e+001 3.00799245e+000 5.70034115e+001 1.30021371e+001 1.01099193e+003 1.00699189e+003 4.99923358e+000 2.00046505e+000 2.59996053e+001 0.00000000e+000 0.00000000e+000 0.00000000e+000 1.00000000e+000
 1.00000000e+000 3.50033878e+001 1.99967972e+001 9.00207033e+000 3.99941280e+000 4.90010387e+001 1.50014960e+001 1.01099257e+003 1.00599159e+003 4.00070810e+000 1.99974027e+000 2.09961447e+001 0.00000000e+000 0.00000000e+000 0.00000000e+000 1.00000000e+000
 1.00000000e+000 3.60030322e+001 2.19981032e+001 1.10017083e+001 3.99773631e+000 4.70020310e+001 1.40000937e+001 1.00899258e+003 1.00499217e+003 4.99947001e+000 1.00036859e+000 1.29965474e+001 0.00000000e+000 0.00000000e+000 0.00000000e+000 1.00000000e+000
 1.00000000e+000 3.90017227e+001 2.49997218e+001 1.29984448e+001 5.99943006e+000 4.10045748e+001 1.39985521e+001 1.00798887e+003 1.00299034e+003 3.99939566e+000 1.00152515e+000 1.29977984e+001 0.00000000e+000 0.00000000e+000 0.00000000e+000 1.00000000e+000
 1.00000000e+000 3.99940319e+001 2.49914060e+001 1.29951011e+001 4.99189674e+000 4.20062211e+001 1.20082513e+001 1.00698981e+003 1.00198681e+003 4.98799552e+000 9.95990688e-001 1.71994064e+002 0.00000000e+000 0.00000000e+000 0.00000000e+000 1.00000000e+000
 1.00000000e+000 3.60025645e+001 2.60002014e+001 1.69986060e+001 8.99753954e+000 5.70036792e+001 2.29971985e+001 1.00998817e+003 1.00399157e+003 3.99947877e+000 2.00153229e+000 2.29982208e+001 0.00000000e+000 0.00000000e+000 0.00000000e+000 1.00000000e+000
 1.00000000e+000 3.59963486e+001 2.30044347e+001 1.59972538e+001 1.19980418e+001 6.50027031e+001 2.29989319e+001 1.00998745e+003 1.00398977e+003 3.99862054e+000 2.00070835e+000 1.89994425e+001 0.00000000e+000 0.00000000e+000 0.00000000e+000 1.00000000e+000
 1.00000000e+000 3.89945946e+001 2.70014850e+001 1.69998505e+001 1.10035065e+001 5.10023757e+001 1.80092468e+001 1.00699008e+003 1.00099640e+003 4.99833745e+000 9.97113960e-001 1.40065324e+001 0.00000000e+000 0.00000000e+000 0.00000000e+000 1.00000000e+000
 1.00000000e+000 4.00002765e+001 2.69935059e+001 1.60078870e+001 6.00123718e+000 3.99984836e+001 1.30017275e+001 1.00600281e+003 1.00099646e+003 5.00193274e+000 9.98921187e-001 2.39936716e+001 0.00000000e+000 0.00000000e+000 0.00000000e+000 1.00000000e+000
 1.00000000e+000 4.09983687e+001 2.90011234e+001 1.09990936e+001 5.99837173e+000 3.00041696e+001 1.19992770e+001 1.00798751e+003 1.00299011e+003 5.00049863e+000 2.00074589e+000 1.90004756e+001 0.00000000e+000 0.00000000e+000 0.00000000e+000 1.00000000e+000
 1.00000000e+000 4.09999794e+001 2.69994521e+001 1.19988878e+001 4.99617797e+000 3.70053602e+001 1.20014532e+001 1.00798849e+003 1.00299157e+003 4.99668661e+000 1.99986621e+000 2.69979021e+001 0.00000000e+000 0.00000000e+000 0.00000000e+000 1.00000000e+000
 1.00000000e+000 4.00032435e+001 2.69968254e+001 1.50034883e+001 6.99782193e+000 3.70004087e+001 1.60006161e+001 1.00499472e+003 9.99993052e+002 4.00121158e+000 2.99927608e+000 2.09962832e+001 0.00000000e+000 0.00000000e+000 0.00000000e+000 1.00000000e+000
 1.00000000e+000 4.10012786e+001 2.79985717e+001 1.60013996e+001 6.99729302e+000 4.50010301e+001 1.39996150e+001 1.00299291e+003 9.98991668e+002 4.00064218e+000 2.00014171e+000 3.39957102e+001 0.00000000e+000 0.00000000e+000 0.00000000e+000 1.00000000e+000
 1.00000000e+000 3.90022891e+001 2.80014457e+001 1.49992629e+001 1.09961188e+001 3.90054070e+001 2.19991401e+001 1.00598895e+003 1.00099247e+003 5.99813495e+000 2.00080741e+000 1.59951897e+001 0.00000000e+000 0.00000000e+000 0.00000000e+000 1.00000000e+000
 1.00000000e+000 3.80029486e+001 2.79976146e+001 2.10012168e+001 1.39972502e+001 6.19999158e+001 3.10008391e+001 1.00799524e+003 1.00199381e+003 4.00106978e+000 1.99917852e+000 2.09965315e+001 0.00000000e+000 1.00000000e+000 0.00000000e+000 0.00000000e+000
 1.00000000e+000 3.79998371e+001 2.60019000e+001 2.09975421e+001 1.09985421e+001 6.20027501e+001 2.19996145e+001 1.00698675e+003 1.00199205e+003 4.00147311e+000 1.00161658e+000 2.69992469e+001 1.00000000e+000 0.00000000e+000 0.00000000e+000 0.00000000e+000
 1.00000000e+000 3.60007520e+001 2.49952273e+001 1.79998861e+001 1.30008897e+001 6.50010214e+001 2.50008352e+001 1.00699353e+003 1.00199515e+003 3.99734243e+000 1.99980405e+000 1.89995298e+001 1.00000000e+000 0.00000000e+000 0.00000000e+000 0.00000000e+000
 1.00000000e+000 3.80022710e+001 2.49986540e+001 1.60013272e+001 9.99833211e+000 5.70006647e+001 1.80004308e+001 1.00499370e+003 1.00099296e+003 5.00083234e+000 1.99993213e+000 2.59964100e+001 0.00000000e+000 0.00000000e+000 0.00000000e+000 1.00000000e+000
 1.00000000e+000 4.10179123e+001 2.79675644e+001 1.70001373e+001 7.02607546e+000 5.10072994e+001 1.30082332e+001 1.00300327e+003 9.99006266e+002 5.00628762e+000 9.97578553e-001 2.30046574e+001 0.00000000e+000 0.00000000e+000 0.00000000e+000 1.00000000e+000
 1.00000000e+000 4.30059641e+001 2.79955338e+001 1.50021777e+001 6.99867551e+000 3.70017751e+001 1.29975798e+001 1.00299374e+003 9.98994182e+002 4.00135876e+000 1.00149218e+000 2.09936099e+001 0.00000000e+000 0.00000000e+000 0.00000000e+000 1.00000000e+000
 1.00000000e+000 4.19997985e+001 2.80001978e+001 1.69986077e+001 6.99910067e+000 3.90040017e+001 1.30003171e+001 1.00298993e+003 9.98992029e+002 4.99972821e+000 1.00060496e+000 1.89992284e+001 0.00000000e+000 0.00000000e+000 0.00000000e+000 1.00000000e+000
 1.00000000e+000 4.29981555e+001 3.00031554e+001 1.79966444e+001 5.00030236e+000 3.40056326e+001 9.99615729e+000 1.00299411e+003 9.98992719e+002 5.00241720e+000 1.00275988e+000 2.29969153e+001 0.00000000e+000 0.00000000e+000 0.00000000e+000 1.00000000e+000
 1.00000000e+000 3.90021724e+001 2.89970932e+001 1.70076414e+001 7.00011086e+000 4.80034759e+001 2.09981204e+001 1.00699861e+003 1.00099503e+003 5.00433262e+000 3.00526547e+000 2.59919015e+001 0.00000000e+000 0.00000000e+000 0.00000000e+000 1.00000000e+000
 1.00000000e+000 4.09986836e+001 2.89976651e+001 1.69999241e+001 9.00219692e+000 4.80005277e+001 1.49984659e+001 1.00499163e+003 1.00098823e+003 4.00415555e+000 9.97493947e-001 1.39967928e+001 1.00000000e+000 0.00000000e+000 0.00000000e+000 0.00000000e+000
 1.00000000e+000 4.20013758e+001 2.89978130e+001 1.40008754e+001 4.99865480e+000 4.00026958e+001 9.99802445e+000 1.00698969e+003 1.00299242e+003 3.99859961e+000 2.00118836e+000 1.39976763e+001 1.00000000e+000 0.00000000e+000 0.00000000e+000 0.00000000e+000
 1.00000000e+000 4.20021993e+001 2.99914001e+001 1.89999771e+001 7.99132432e+000 4.30034884e+001 1.30011402e+001 1.00897859e+003 1.00498039e+003 2.99467865e+000 9.98767936e-001 1.60015873e+001 0.00000000e+000 0.00000000e+000 0.00000000e+000 1.00000000e+000
 1.00000000e+000 4.40018541e+001 2.99980628e+001 2.09998160e+001 1.99874913e+000 5.50009236e+001 8.00063445e+000 1.00899181e+003 1.00299237e+003 3.00110619e+000 2.00030110e+000 1.89975831e+001 0.00000000e+000 0.00000000e+000 0.00000000e+000 1.00000000e+000
 1.00000000e+000 4.40054631e+001 3.09946010e+001 2.50034836e+001 1.19979429e+001 6.19980125e+001 1.69999999e+001 1.00599813e+003 9.99994351e+002 3.00311205e+000 1.99974762e+000 2.59941772e+001 0.00000000e+000 0.00000000e+000 0.00000000e+000 1.00000000e+000
 1.00000000e+000 4.20030108e+001 2.89989384e+001 2.20021408e+001 1.40047257e+001 5.50001091e+001 2.00013048e+001 1.00299254e+003 9.97994314e+002 5.00498913e+000 4.00026544e+000 2.59965450e+001 1.00000000e+000 0.00000000e+000 0.00000000e+000 0.00000000e+000
 1.00000000e+000 3.90007595e+001 2.69995342e+001 2.09987163e+001 1.79980524e+001 7.00009989e+001 2.89998099e+001 1.00199033e+003 9.95991929e+002 4.99978937e+000 3.99983505e+000 2.59983545e+001 0.00000000e+000 0.00000000e+000 0.00000000e+000 1.00000000e+000
 1.00000000e+000 3.19999983e+001 2.20013992e+001 2.19970011e+001 1.29984177e+001 9.39993016e+001 3.10019944e+001 1.00299230e+003 9.96992043e+002 3.99959840e+000 9.99534090e-001 3.39986824e+001 0.00000000e+000 0.00000000e+000 0.00000000e+000 1.00000000e+000
 1.00000000e+000 3.30127956e+001 2.09967743e+001 2.10141692e+001 1.59925261e+001 9.99870862e+001 3.80016834e+001 1.00799565e+003 9.98995044e+002 5.00727593e+000 1.99875160e+000 3.69915774e+001 1.00000000e+000 0.00000000e+000 0.00000000e+000 0.00000000e+000
 1.00000000e+000 3.60012905e+001 2.30047805e+001 1.99998061e+001 1.59989159e+001 8.30012030e+001 2.99976567e+001 1.00498628e+003 1.00199406e+003 3.99872150e+000 2.00172145e+000 2.59958297e+001 1.00000000e+000 0.00000000e+000 0.00000000e+000 0.00000000e+000
 1.00000000e+000 4.10061620e+001 2.59974263e+001 2.20077289e+001 9.99857549e+000 6.89945227e+001 1.50053189e+001 1.00399026e+003 9.99996518e+002 4.99808403e+000 9.97694853e-001 2.69930214e+001 1.00000000e+000 0.00000000e+000 0.00000000e+000 0.00000000e+000
 1.00000000e+000 4.09900466e+001 3.10024123e+001 2.19907617e+001 1.59974073e+001 5.20096916e+001 2.30015613e+001 1.00297912e+003 9.98984914e+002 3.99261436e+000 1.99940826e+000 3.70045379e+001 0.00000000e+000 0.00000000e+000 0.00000000e+000 1.00000000e+000
 1.00000000e+000 3.90063097e+001 2.69950448e+001 2.10053136e+001 1.20030249e+001 6.49967875e+001 2.50011005e+001 1.00599948e+003 1.00099041e+003 4.00364849e+000 2.99949575e+000 2.69893721e+001 1.00000000e+000 0.00000000e+000 0.00000000e+000 0.00000000e+000
 1.00000000e+000 3.59985370e+001 2.49999984e+001 2.09971587e+001 1.49991145e+001 7.39985906e+001 2.79996909e+001 1.01098917e+003 1.00199189e+003 4.00135549e+000 2.00008385e+000 3.40013827e+001 1.00000000e+000 0.00000000e+000 0.00000000e+000 0.00000000e+000
 1.00000000e+000 3.80012368e+001 2.69996019e+001 1.80012056e+001 1.39980482e+001 5.80030786e+001 2.69988727e+001 1.00599117e+003 1.00099130e+003 4.99945574e+000 3.00007221e+000 2.09986726e+001 1.00000000e+000 0.00000000e+000 0.00000000e+000 0.00000000e+000
 1.00000000e+000 4.10003210e+001 2.59999937e+001 1.99985517e+001 1.29969499e+001 6.10035443e+001 2.09989158e+001 1.00598930e+003 1.00099378e+003 4.99911263e+000 4.00006755e+000 1.90011603e+001 0.00000000e+000 0.00000000e+000 0.00000000e+000 1.00000000e+000
 1.00000000e+000 4.10017014e+001 2.59985761e+001 2.29997032e+001 1.69967531e+001 6.10009033e+001 2.59996151e+001 1.00499105e+003 9.98993361e+002 5.00006555e+000 2.99976441e+000 2.39980746e+001 1.00000000e+000 0.00000000e+000 0.00000000e+000 0.00000000e+000
 1.00000000e+000 4.09993737e+001 2.79992534e+001 2.29969866e+001 1.59959205e+001 7.00028476e+001 2.30028744e+001 1.00099314e+003 9.94990370e+002 3.99731895e+000 1.99906694e+000 2.69974750e+001 0.00000000e+000 0.00000000e+000 0.00000000e+000 1.00000000e+000
 1.00000000e+000 3.49982244e+001 2.60009542e+001 2.19964483e+001 1.69987116e+001 7.40024949e+001 3.39998043e+001 1.00298712e+003 9.95989717e+002 4.99864902e+000 3.00040176e+000 2.59999527e+001 1.00000000e+000 0.00000000e+000 0.00000000e+000 0.00000000e+000
 1.00000000e+000 3.50033657e+001 2.29954724e+001 2.09978423e+001 1.19947911e+001 7.30032072e+001 2.50013218e+001 1.00799335e+003 9.99990843e+002 3.99641874e+000 2.99957259e+000 3.39945811e+001 0.00000000e+000 0.00000000e+000 0.00000000e+000 1.00000000e+000
 1.00000000e+000 3.90043261e+001 2.59962915e+001 1.80018480e+001 1.30001721e+001 6.10002899e+001 2.10012212e+001 1.00699545e+003 1.00199422e+003 4.00226709e+000 1.99966384e+000 1.39969971e+001 1.00000000e+000 0.00000000e+000 0.00000000e+000 0.00000000e+000
 1.00000000e+000 4.00036227e+001 2.60001193e+001 2.00026866e+001 8.99858636e+000 6.49991208e+001 1.49972270e+001 1.00499159e+003 9.99993685e+002 4.00364574e+000 2.00088742e+000 1.59976894e+001 0.00000000e+000 0.00000000e+000 0.00000000e+000 1.00000000e+000
 1.00000000e+000 4.19978439e+001 3.00031994e+001 1.79949383e+001 1.09953452e+001 4.30050369e+001 1.60008485e+001 1.00298802e+003 9.98990411e+002 4.99706535e+000 2.00027671e+000 1.40005169e+001 0.00000000e+000 0.00000000e+000 0.00000000e+000 1.00000000e+000
 1.00000000e+000 4.30006408e+001 3.19991340e+001 2.09988723e+001 1.19998256e+001 4.40035585e+001 1.60008378e+001 1.00398992e+003 9.98991792e+002 4.99989635e+000 3.00021974e+000 1.39990335e+001 0.00000000e+000 0.00000000e+000 0.00000000e+000 1.00000000e+000
 1.00000000e+000 4.40020391e+001 2.99972836e+001 2.30033006e+001 9.99982371e+000 5.19982971e+001 1.30011218e+001 1.00199714e+003 9.95993944e+002 4.00133645e+000 1.99935255e+000 3.69960441e+001 1.00000000e+000 0.00000000e+000 0.00000000e+000 0.00000000e+000
 1.00000000e+000 3.70007728e+001 2.79962208e+001 2.10000583e+001 1.59934260e+001 5.79984793e+001 3.69946348e+001 1.00099385e+003 9.95992904e+002 3.99955680e+000 3.00099168e+000 2.59988246e+001 0.00000000e+000 0.00000000e+000 0.00000000e+000 1.00000000e+000
 1.00000000e+000 3.70008615e+001 2.89987365e+001 2.20001508e+001 1.69989223e+001 5.80001879e+001 3.79989759e+001 9.99992186e+002 9.94992977e+002 3.99987022e+000 1.99999101e+000 2.69979031e+001 0.00000000e+000 0.00000000e+000 0.00000000e+000 1.00000000e+000
 1.00000000e+000 3.30018883e+001 2.19982505e+001 2.29984088e+001 1.79985286e+001 8.79997628e+001 4.59974966e+001 1.00099212e+003 9.95991663e+002 5.00133607e+000 3.00028984e+000 2.39994909e+001 0.00000000e+000 0.00000000e+000 0.00000000e+000 1.00000000e+000
 1.00000000e+000 4.09997433e+001 2.69998004e+001 2.39976839e+001 1.99975544e+001 7.00019287e+001 2.99993735e+001 9.98989232e+002 9.94991260e+002 3.99881112e+000 3.00026875e+000 2.09992853e+001 0.00000000e+000 0.00000000e+000 0.00000000e+000 1.00000000e+000
 1.00000000e+000 3.60025570e+001 2.99959325e+001 2.50002590e+001 2.09981638e+001 7.39988452e+001 4.09991767e+001 1.00099370e+003 9.96992226e+002 3.99995839e+000 2.99904458e+000 2.59978291e+001 0.00000000e+000 0.00000000e+000 0.00000000e+000 1.00000000e+000
 1.00000000e+000 3.89985711e+001 2.79953267e+001 2.39995517e+001 1.99987770e+001 7.90019096e+001 3.29911917e+001 1.00299286e+003 9.96988292e+002 5.00358495e+000 2.99722051e+000 1.89980273e+001 1.00000000e+000 0.00000000e+000 0.00000000e+000 0.00000000e+000
 1.00000000e+000 4.09932650e+001 2.60003658e+001 2.59966577e+001 1.69963190e+001 8.29987345e+001 2.39997434e+001 9.99981101e+002 9.94984157e+002 3.99929212e+000 2.99867559e+000 2.10096937e+001 1.00000000e+000 0.00000000e+000 0.00000000e+000 0.00000000e+000
 1.00000000e+000 3.39961993e+001 2.60057207e+001 2.49994265e+001 2.09917285e+001 7.89977362e+001 5.19911831e+001 1.00199491e+003 9.97000324e+002 4.99406621e+000 3.99865796e+000 2.30023639e+001 1.00000000e+000 0.00000000e+000 0.00000000e+000 0.00000000e+000
 1.00000000e+000 3.60014630e+001 2.69989747e+001 2.69987796e+001 2.19983969e+001 8.39991077e+001 4.69981538e+001 9.99989882e+002 9.93992070e+002 4.99926365e+000 4.00034495e+000 2.29977537e+001 1.00000000e+000 0.00000000e+000 0.00000000e+000 0.00000000e+000
 1.00000000e+000 3.70003403e+001 2.59987132e+001 2.69986218e+001 2.09989065e+001 8.90011139e+001 4.69989419e+001 9.97990461e+002 9.93991973e+002 3.99832867e+000 2.99953510e+000 2.39993127e+001 0.00000000e+000 0.00000000e+000 0.00000000e+000 1.00000000e+000
 1.00000000e+000 3.70021860e+001 2.69983072e+001 2.40008511e+001 2.19990252e+001 7.89992562e+001 4.39985169e+001 9.99993284e+002 9.94993040e+002 4.99992618e+000 2.00023096e+000 1.89972962e+001 0.00000000e+000 1.00000000e+000 0.00000000e+000 0.00000000e+000
 1.00000000e+000 3.79965778e+001 2.40034194e+001 2.39946637e+001 2.09982397e+001 8.90021262e+001 4.19982711e+001 9.97982457e+002 9.94989718e+002 4.99594345e+000 3.00075981e+000 2.30017265e+001 1.00000000e+000 0.00000000e+000 0.00000000e+000 0.00000000e+000
 1.00000000e+000 3.60040036e+001 2.69923412e+001 2.50037004e+001 2.09973860e+001 7.89982019e+001 4.70016354e+001 1.00000026e+003 9.96991356e+002 3.99757332e+000 2.99742017e+000 1.89951725e+001 1.00000000e+000 0.00000000e+000 0.00000000e+000 0.00000000e+000
 1.00000000e+000 3.79992731e+001 3.00038415e+001 2.79965480e+001 2.19989578e+001 8.39971638e+001 4.19993199e+001 1.00098448e+003 9.95996340e+002 3.99902945e+000 3.00178561e+000 1.89973723e+001 0.00000000e+000 0.00000000e+000 0.00000000e+000 1.00000000e+000
 1.00000000e+000 3.80023536e+001 2.99991479e+001 2.60002854e+001 2.29984089e+001 7.39995921e+001 4.39984698e+001 9.98990087e+002 9.94993115e+002 3.99993228e+000 2.00021787e+000 1.89977867e+001 0.00000000e+000 0.00000000e+000 0.00000000e+000 1.00000000e+000
 1.00000000e+000 3.69950251e+001 3.00036377e+001 2.59954460e+001 2.40011350e+001 7.40021602e+001 4.69986515e+001 9.98987219e+002 9.94989138e+002 4.99450264e+000 2.99922501e+000 2.09988190e+001 0.00000000e+000 0.00000000e+000 0.00000000e+000 1.00000000e+000
 1.00000000e+000 3.69917073e+001 3.00016163e+001 2.59909515e+001 2.29959753e+001 7.90073102e+001 4.39986922e+001 9.97978698e+002 9.93983625e+002 3.99251389e+000 2.99966768e+000 1.60054392e+001 0.00000000e+000 0.00000000e+000 0.00000000e+000 1.00000000e+000
 1.00000000e+000 3.59990775e+001 3.00035256e+001 2.69946761e+001 2.40042826e+001 7.90054238e+001 5.29994778e+001 9.97982398e+002 9.93992962e+002 3.99964573e+000 3.00203083e+000 1.90014590e+001 0.00000000e+000 0.00000000e+000 0.00000000e+000 1.00000000e+000
 1.00000000e+000 3.10010747e+001 2.59997848e+001 2.69982125e+001 2.39998789e+001 9.39997234e+001 7.39971015e+001 9.99990005e+002 9.95991329e+002 4.99859372e+000 1.00027009e+000 1.39987248e+001 0.00000000e+000 1.00000000e+000 0.00000000e+000 0.00000000e+000
 1.00000000e+000 3.20116668e+001 2.69956378e+001 2.79975047e+001 2.40024398e+001 9.99947652e+001 6.20031126e+001 9.98985490e+002 9.95995612e+002 3.00930702e+000 1.00558669e+000 1.39931487e+001 1.00000000e+000 0.00000000e+000 0.00000000e+000 0.00000000e+000
 1.00000000e+000 3.19989695e+001 2.69994173e+001 2.89931468e+001 2.49940911e+001 1.00004506e+002 6.59980959e+001 9.97984322e+002 9.94990319e+002 4.99502586e+000 1.00001300e+000 2.30029110e+001 0.00000000e+000 1.00000000e+000 0.00000000e+000 0.00000000e+000
 1.00000000e+000 3.09904648e+001 2.50071182e+001 2.79567510e+001 2.49879589e+001 1.00005360e+002 6.99920686e+001 9.98960357e+002 9.96000931e+002 3.99250323e+000 9.94921990e-001 1.40121471e+001 0.00000000e+000 1.00000000e+000 0.00000000e+000 0.00000000e+000
 1.00000000e+000 3.19966807e+001 2.70009226e+001 2.69919700e+001 2.39962409e+001 9.40038461e+001 6.19871996e+001 9.99998535e+002 9.95993927e+002 5.00963864e+000 1.00502427e+000 2.30053808e+001 1.00000000e+000 0.00000000e+000 0.00000000e+000 0.00000000e+000
 1.00000000e+000 3.49988677e+001 2.60010110e+001 2.59965246e+001 2.19982693e+001 9.40009134e+001 4.69980415e+001 9.99987097e+002 9.96990325e+002 3.99822398e+000 3.00056795e+000 2.60001916e+001 0.00000000e+000 1.00000000e+000 0.00000000e+000 0.00000000e+000
 1.00000000e+000 3.60005730e+001 2.79924966e+001 2.60050665e+001 2.10034696e+001 8.39940979e+001 4.39936577e+001 9.99992673e+002 9.96996170e+002 4.00371979e+000 2.00185720e+000 2.30046573e+001 0.00000000e+000 0.00000000e+000 0.00000000e+000 1.00000000e+000
 1.00000000e+000 3.70017155e+001 2.70075789e+001 2.50005073e+001 2.09983748e+001 8.89966605e+001 3.89916578e+001 1.00198409e+003 9.97991913e+002 5.00594156e+000 4.00306160e+000 2.39972960e+001 0.00000000e+000 0.00000000e+000 0.00000000e+000 1.00000000e+000
 1.00000000e+000 3.59993890e+001 2.79859928e+001 2.50194011e+001 2.10059404e+001 7.39818998e+001 4.10017967e+001 1.00301644e+003 9.99994045e+002 4.99537179e+000 3.99484265e+000 2.09921493e+001 0.00000000e+000 0.00000000e+000 0.00000000e+000 1.00000000e+000
 1.00000000e+000 3.69919760e+001 2.90090710e+001 2.59920926e+001 1.99983740e+001 8.40036383e+001 4.59942537e+001 1.00397904e+003 1.00098854e+003 3.99672415e+000 2.00248787e+000 1.90045017e+001 0.00000000e+000 0.00000000e+000 0.00000000e+000 1.00000000e+000
 1.00000000e+000 3.39989141e+001 2.70010488e+001 2.69962837e+001 2.39983113e+001 9.40014574e+001 5.89972696e+001 1.00498626e+003 1.00099015e+003 4.99799412e+000 2.00081894e+000 2.10005280e+001 0.00000000e+000 1.00000000e+000 0.00000000e+000 0.00000000e+000
 1.00000000e+000 3.49977237e+001 2.79994028e+001 2.59960869e+001 2.30004515e+001 8.89978830e+001 4.89976094e+001 1.00399148e+003 1.00099265e+003 4.99636125e+000 1.99728939e+000 1.90018565e+001 0.00000000e+000 0.00000000e+000 0.00000000e+000 1.00000000e+000
 1.00000000e+000 3.10033865e+001 2.60012263e+001 2.69981491e+001 2.29956908e+001 9.40052978e+001 6.59993792e+001 1.00498789e+003 1.00199810e+003 3.99701074e+000 2.00577554e+000 1.89903316e+001 1.00000000e+000 0.00000000e+000 0.00000000e+000 0.00000000e+000
 1.00000000e+000 3.19923021e+001 2.70071726e+001 2.69902109e+001 2.39928335e+001 1.00001398e+002 6.19915698e+001 1.00397849e+003 9.99984069e+002 4.99509499e+000 1.00305879e+000 2.30030621e+001 0.00000000e+000 0.00000000e+000 0.00000000e+000 1.00000000e+000
 1.00000000e+000 3.20008601e+001 2.70061879e+001 2.70033825e+001 2.39906084e+001 9.39891441e+001 6.19921388e+001 1.00197441e+003 9.98996092e+002 4.99894973e+000 2.00121980e+000 1.60010313e+001 0.00000000e+000 0.00000000e+000 1.00000000e+000 0.00000000e+000
 1.00000000e+000 3.40045868e+001 2.69984657e+001 2.69994372e+001 2.40005900e+001 9.39995228e+001 5.59962633e+001 1.00099734e+003 9.97990555e+002 4.00376809e+000 1.00362327e+000 1.29922753e+001 0.00000000e+000 1.00000000e+000 0.00000000e+000 0.00000000e+000
 1.00000000e+000 3.50007560e+001 2.69997585e+001 2.79974939e+001 2.29980676e+001 1.00001422e+002 5.29982751e+001 9.99988464e+002 9.96991089e+002 3.99762710e+000 1.00037823e+000 1.89993963e+001 0.00000000e+000 1.00000000e+000 0.00000000e+000 0.00000000e+000
 1.00000000e+000 3.50027716e+001 2.79967609e+001 2.69981549e+001 2.29971142e+001 8.89987381e+001 4.89962566e+001 1.00099552e+003 9.96993613e+002 4.99869418e+000 2.00092059e+000 1.59966546e+001 0.00000000e+000 0.00000000e+000 0.00000000e+000 1.00000000e+000
 1.00000000e+000 3.40000928e+001 2.70010663e+001 2.79975293e+001 2.49996491e+001 8.90005518e+001 6.29958926e+001 9.99989228e+002 9.95992826e+002 4.99850868e+000 3.00120195e+000 1.89985362e+001 0.00000000e+000 0.00000000e+000 0.00000000e+000 1.00000000e+000
 1.00000000e+000 3.09965287e+001 2.60152634e+001 2.79865823e+001 2.29920716e+001 9.40039463e+001 6.99947311e+001 9.99977802e+002 9.96987552e+002 4.99564960e+000 2.99686591e+000 2.40031919e+001 0.00000000e+000 0.00000000e+000 0.00000000e+000 1.00000000e+000
 1.00000000e+000 3.30030446e+001 2.59949035e+001 2.60016151e+001 2.29980658e+001 9.39964573e+001 5.49991664e+001 1.00099444e+003 9.96993564e+002 5.00005039e+000 3.00234332e+000 2.09974121e+001 0.00000000e+000 0.00000000e+000 0.00000000e+000 1.00000000e+000
 1.00000000e+000 3.30077947e+001 2.69994640e+001 2.60014500e+001 2.40006895e+001 9.39973856e+001 5.89962637e+001 9.99991728e+002 9.96994523e+002 5.00531578e+000 3.00349498e+000 2.29967547e+001 0.00000000e+000 0.00000000e+000 0.00000000e+000 1.00000000e+000
 1.00000000e+000 3.19995584e+001 2.69957233e+001 2.59999752e+001 2.29995578e+001 9.39967891e+001 6.59977364e+001 9.98992906e+002 9.94987808e+002 5.00347418e+000 2.99919277e+000 2.10036091e+001 0.00000000e+000 0.00000000e+000 0.00000000e+000 1.00000000e+000
 1.00000000e+000 3.50056062e+001 2.79965801e+001 2.70096449e+001 2.40012645e+001 8.89902581e+001 5.30002488e+001 9.97995379e+002 9.92998865e+002 5.00246052e+000 3.00091235e+000 1.09966638e+001 0.00000000e+000 0.00000000e+000 0.00000000e+000 1.00000000e+000
 1.00000000e+000 3.70003076e+001 2.80060953e+001 2.59944414e+001 2.20025520e+001 8.90052995e+001 4.19947260e+001 9.96989669e+002 9.92991122e+002 5.00300832e+000 3.00165854e+000 1.90009632e+001 0.00000000e+000 0.00000000e+000 0.00000000e+000 1.00000000e+000
 1.00000000e+000 3.49984540e+001 2.70025513e+001 2.59975492e+001 2.19952881e+001 8.39979335e+001 5.59913339e+001 9.98982217e+002 9.94990005e+002 4.00435949e+000 3.00222406e+000 1.30067747e+001 0.00000000e+000 1.00000000e+000 0.00000000e+000 0.00000000e+000
 1.00000000e+000 3.40056455e+001 2.59954762e+001 2.70038817e+001 2.40012044e+001 9.99959367e+001 5.59990914e+001 9.97998613e+002 9.95991188e+002 4.00248889e+000 9.99688630e-001 1.89924937e+001 0.00000000e+000 0.00000000e+000 0.00000000e+000 1.00000000e+000
 1.00000000e+000 3.19911890e+001 2.70048037e+001 2.69853724e+001 2.39932413e+001 8.90090684e+001 6.19955032e+001 9.99975392e+002 9.96983347e+002 4.99142963e+000 3.00214420e+000 2.10078817e+001 1.00000000e+000 0.00000000e+000 0.00000000e+000 0.00000000e+000
 1.00000000e+000 3.40013012e+001 2.69982630e+001 2.60000583e+001 2.29995484e+001 9.39991014e+001 5.49987215e+001 1.00299242e+003 9.99990488e+002 4.99875093e+000 3.99955128e+000 2.29974019e+001 0.00000000e+000 1.00000000e+000 0.00000000e+000 0.00000000e+000
 1.00000000e+000 3.19974421e+001 2.70037707e+001 2.59961013e+001 2.29980961e+001 8.90006515e+001 6.19960489e+001 1.00698470e+003 1.00299052e+003 4.99863300e+000 3.00120608e+000 2.30015452e+001 0.00000000e+000 0.00000000e+000 0.00000000e+000 1.00000000e+000
 1.00000000e+000 3.49974018e+001 2.90029832e+001 2.59945744e+001 2.39977875e+001 8.40028333e+001 5.29959769e+001 1.00698377e+003 1.00298917e+003 4.99719511e+000 3.00127297e+000 2.40015083e+001 0.00000000e+000 0.00000000e+000 0.00000000e+000 1.00000000e+000
 1.00000000e+000 3.29995912e+001 2.69981765e+001 2.70000392e+001 2.39988431e+001 9.39995287e+001 6.29969217e+001 1.00499116e+003 9.99991993e+002 3.99909882e+000 1.00076772e+000 2.09982977e+001 0.00000000e+000 0.00000000e+000 0.00000000e+000 1.00000000e+000
 1.00000000e+000 3.20018301e+001 2.59997577e+001 2.69961452e+001 2.50000720e+001 9.99984746e+001 6.99950690e+001 1.00298902e+003 9.97991032e+002 3.99680033e+000 1.99876336e+000 1.90000154e+001 0.00000000e+000 1.00000000e+000 0.00000000e+000 0.00000000e+000
 1.00000000e+000 3.50011936e+001 2.59991603e+001 2.69990965e+001 2.29987077e+001 9.39992143e+001 5.29982786e+001 1.00299166e+003 9.98991187e+002 4.99925417e+000 1.99983914e+000 1.39981248e+001 1.00000000e+000 0.00000000e+000 0.00000000e+000 0.00000000e+000
 1.00000000e+000 3.40025134e+001 2.79948935e+001 2.70013278e+001 2.49992137e+001 9.39980525e+001 6.29975121e+001 1.00199254e+003 9.96988748e+002 2.99934002e+000 9.98841192e-001 1.39966030e+001 0.00000000e+000 0.00000000e+000 0.00000000e+000 1.00000000e+000
 1.00000000e+000 3.60568231e+001 2.80230543e+001 2.70049865e+001 1.59977520e+001 8.90537809e+001 3.80247048e+001 1.00000604e+003 9.95024353e+002 5.01454310e+000 1.96253434e+000 2.09986420e+001 0.00000000e+000 0.00000000e+000 1.00000000e+000 0.00000000e+000
 1.00000000e+000 3.60013984e+001 2.79991190e+001 2.69984950e+001 2.40006401e+001 8.40015369e+001 5.29992615e+001 9.99990395e+002 9.95992239e+002 5.00029616e+000 3.00036255e+000 1.59991760e+001 1.00000000e+000 0.00000000e+000 0.00000000e+000 0.00000000e+000
 1.00000000e+000 3.80008182e+001 2.79970704e+001 2.69990496e+001 2.29957636e+001 8.90021851e+001 4.40021342e+001 9.99993227e+002 9.95991634e+002 4.99296329e+000 3.99804318e+000 1.89975521e+001 1.00000000e+000 0.00000000e+000 0.00000000e+000 0.00000000e+000
 1.00000000e+000 3.40013857e+001 2.79999956e+001 2.69991640e+001 2.29983872e+001 8.40010382e+001 5.19972174e+001 1.00199003e+003 9.97992126e+002 4.99883111e+000 3.00022768e+000 2.29980404e+001 0.00000000e+000 1.00000000e+000 0.00000000e+000 0.00000000e+000
 1.00000000e+000 3.20017029e+001 2.59988236e+001 2.69995743e+001 2.49987848e+001 9.99984644e+001 7.49966877e+001 1.00099075e+003 9.96991457e+002 2.99953031e+000 2.00017398e+000 1.29988533e+001 0.00000000e+000 0.00000000e+000 0.00000000e+000 1.00000000e+000
 1.00000000e+000 3.40002613e+001 2.70009602e+001 2.79986214e+001 2.49993204e+001 9.39992593e+001 5.89968063e+001 9.99991452e+002 9.95991797e+002 4.99859698e+000 9.99177180e-001 1.90002218e+001 1.00000000e+000 0.00000000e+000 0.00000000e+000 0.00000000e+000
 1.00000000e+000 3.20014774e+001 2.69995209e+001 2.79998559e+001 2.59987144e+001 9.99980979e+001 7.49970360e+001 9.99992245e+002 9.95991123e+002 4.99928602e+000 1.99952189e+000 1.39982008e+001 1.00000000e+000 0.00000000e+000 0.00000000e+000 0.00000000e+000
 1.00000000e+000 3.40050341e+001 2.79962653e+001 2.70026359e+001 2.49997394e+001 9.39976029e+001 6.29987548e+001 9.99995966e+002 9.95994130e+002 4.00204421e+000 1.99973054e+000 2.09958145e+001 1.00000000e+000 0.00000000e+000 0.00000000e+000 0.00000000e+000
 1.00000000e+000 3.40009851e+001 2.80010806e+001 2.69978313e+001 2.39957747e+001 9.40001386e+001 5.89941659e+001 1.00098429e+003 9.96988477e+002 4.99743682e+000 3.00139494e+000 2.59989505e+001 0.00000000e+000 0.00000000e+000 0.00000000e+000 1.00000000e+000
 1.00000000e+000 3.30008488e+001 2.80017261e+001 2.50004482e+001 2.29957977e+001 8.39964703e+001 5.49936959e+001 9.99992943e+002 9.96989551e+002 5.00157280e+000 4.00118697e+000 3.19956697e+001 1.00000000e+000 0.00000000e+000 0.00000000e+000 0.00000000e+000
 1.00000000e+000 3.10017627e+001 2.59966693e+001 2.69997571e+001 2.39993279e+001 9.99982019e+001 6.99981032e+001 1.00099323e+003 9.97991244e+002 4.99867399e+000 1.99972610e+000 2.59979442e+001 0.00000000e+000 0.00000000e+000 0.00000000e+000 1.00000000e+000
 1.00000000e+000 3.10046532e+001 2.69963537e+001 2.69984006e+001 2.49928450e+001 1.00001181e+002 6.99958351e+001 1.00099727e+003 9.96992538e+002 4.99780276e+000 2.00073971e+000 2.29964663e+001 0.00000000e+000 1.00000000e+000 0.00000000e+000 0.00000000e+000
 1.00000000e+000 3.00019157e+001 2.49918187e+001 2.80039531e+001 2.49998414e+001 9.99926960e+001 7.89981670e+001 9.99991067e+002 9.96983688e+002 4.00546438e+000 9.97473515e-001 2.10052942e+001 0.00000000e+000 1.00000000e+000 0.00000000e+000 0.00000000e+000
 1.00000000e+000 3.40019416e+001 2.60003944e+001 2.59957195e+001 2.40011246e+001 9.40013615e+001 5.89948133e+001 1.00198702e+003 9.97990960e+002 4.99782543e+000 2.99950257e+000 1.89999605e+001 1.00000000e+000 0.00000000e+000 0.00000000e+000 0.00000000e+000
 1.00000000e+000 3.10010685e+001 2.60014067e+001 2.49965156e+001 2.30001501e+001 8.89988654e+001 6.60012361e+001 1.00398461e+003 9.99988223e+002 4.99897886e+000 3.00202941e+000 2.69996234e+001 0.00000000e+000 0.00000000e+000 0.00000000e+000 1.00000000e+000
 1.00000000e+000 2.80112938e+001 2.49937420e+001 2.69964041e+001 2.49913462e+001 1.00002006e+002 8.39852912e+001 1.00099447e+003 9.95994527e+002 3.00829770e+000 1.00337276e+000 8.49833567e+001 0.00000000e+000 1.00000000e+000 0.00000000e+000 0.00000000e+000
 1.00000000e+000 2.80041565e+001 2.49980450e+001 2.70015758e+001 2.49963869e+001 9.99970932e+001 8.39952790e+001 1.00199425e+003 9.97993162e+002 2.99838443e+000 1.00032445e+000 1.09960524e+001 1.00000000e+000 0.00000000e+000 0.00000000e+000 0.00000000e+000
 1.00000000e+000 3.20036998e+001 2.49953922e+001 2.60076143e+001 2.29981754e+001 9.99905877e+001 6.19932210e+001 1.00199897e+003 9.98986798e+002 3.99848601e+000 1.99468755e+000 1.39974724e+001 0.00000000e+000 1.00000000e+000 0.00000000e+000 0.00000000e+000
 1.00000000e+000 3.40024577e+001 2.59996015e+001 2.69981312e+001 2.29978396e+001 9.40009403e+001 5.19959577e+001 1.00399206e+003 9.99990051e+002 4.00065815e+000 2.00177815e+000 1.89950836e+001 0.00000000e+000 0.00000000e+000 0.00000000e+000 1.00000000e+000
 1.00000000e+000 3.00056151e+001 2.59957936e+001 2.70031614e+001 2.39991415e+001 9.99966475e+001 7.39979509e+001 1.00499669e+003 1.00199323e+003 3.00220386e+000 9.99671183e-001 1.59956613e+001 0.00000000e+000 1.00000000e+000 0.00000000e+000 0.00000000e+000
 1.00000000e+000 3.30016021e+001 2.59995497e+001 2.69986699e+001 2.39986836e+001 9.99998794e+001 5.89964328e+001 1.00698900e+003 1.00299067e+003 3.99900826e+000 2.00045176e+000 2.29991269e+001 1.00000000e+000 0.00000000e+000 0.00000000e+000 0.00000000e+000
 1.00000000e+000 3.40045619e+001 2.69915359e+001 2.60056745e+001 2.39986388e+001 9.39915451e+001 5.60000635e+001 1.00699806e+003 1.00299091e+003 4.00541202e+000 2.99802442e+000 1.39993963e+001 0.00000000e+000 1.00000000e+000 0.00000000e+000 0.00000000e+000
 1.00000000e+000 3.69966074e+001 2.90032475e+001 2.69947249e+001 2.39991138e+001 8.90029247e+001 4.69982869e+001 1.00698418e+003 1.00198840e+003 3.99739742e+000 1.00076927e+000 1.10022242e+001 0.00000000e+000 0.00000000e+000 0.00000000e+000 1.00000000e+000
 1.00000000e+000 3.39992598e+001 2.59909107e+001 2.70071477e+001 2.39977787e+001 1.00000123e+002 6.70018094e+001 1.00497318e+003 1.00199306e+003 2.99823543e+000 2.01247661e+000 1.90083364e+001 0.00000000e+000 0.00000000e+000 0.00000000e+000 1.00000000e+000
 1.00000000e+000 3.10022515e+001 2.49972709e+001 2.60065367e+001 2.39976254e+001 9.99958911e+001 6.60123022e+001 1.00600919e+003 1.00199763e+003 4.00509448e+000 1.99360840e+000 1.39987488e+001 1.00000000e+000 0.00000000e+000 0.00000000e+000 0.00000000e+000
 1.00000000e+000 3.29946215e+001 2.59930346e+001 2.69958986e+001 2.40038471e+001 9.40022282e+001 5.90046351e+001 1.00598508e+003 1.00098387e+003 3.99939171e+000 9.99335612e-001 1.10105796e+001 0.00000000e+000 1.00000000e+000 0.00000000e+000 0.00000000e+000
 1.00000000e+000 3.19965794e+001 2.60047034e+001 2.69946746e+001 2.49971667e+001 1.00002015e+002 6.99958906e+001 1.00698438e+003 1.00198902e+003 2.99580122e+000 1.00129567e+000 1.40003873e+001 0.00000000e+000 1.00000000e+000 0.00000000e+000 0.00000000e+000
 1.00000000e+000 3.20040662e+001 2.80019814e+001 2.69991174e+001 2.49965172e+001 9.39992710e+001 6.59985020e+001 1.00598815e+003 1.00198916e+003 4.00058902e+000 9.99596797e-001 1.89977313e+001 1.00000000e+000 0.00000000e+000 0.00000000e+000 0.00000000e+000
 1.00000000e+000 3.49980983e+001 2.70015979e+001 2.69968122e+001 2.39987473e+001 9.40011078e+001 5.29975477e+001 1.00498719e+003 9.99989661e+002 4.99830006e+000 3.00044027e+000 1.40009876e+001 0.00000000e+000 0.00000000e+000 0.00000000e+000 1.00000000e+000
 1.00000000e+000 3.49948048e+001 2.79987504e+001 2.59990469e+001 2.39906954e+001 8.40006027e+001 5.29934703e+001 1.00598656e+003 1.00199371e+003 3.99309933e+000 3.00032661e+000 2.10028387e+001 0.00000000e+000 0.00000000e+000 0.00000000e+000 1.00000000e+000
 1.00000000e+000 3.50007605e+001 2.79998738e+001 2.69991381e+001 2.49983530e+001 8.89999441e+001 5.59980927e+001 1.00599014e+003 1.00199084e+003 3.99966362e+000 3.00033577e+000 1.59986066e+001 0.00000000e+000 0.00000000e+000 0.00000000e+000 1.00000000e+000
 1.00000000e+000 3.50003569e+001 2.90058527e+001 2.69988769e+001 2.40000239e+001 8.90006587e+001 5.29957071e+001 1.00598732e+003 9.99992608e+002 4.99875808e+000 3.00129528e+000 1.89977684e+001 0.00000000e+000 0.00000000e+000 0.00000000e+000 1.00000000e+000
 1.00000000e+000 3.50022412e+001 2.89978961e+001 2.60008937e+001 2.39988729e+001 8.39983708e+001 5.29978053e+001 1.00399161e+003 9.99990531e+002 5.00240050e+000 3.00021372e+000 7.99959129e+001 0.00000000e+000 0.00000000e+000 0.00000000e+000 1.00000000e+000
 1.00000000e+000 3.60016880e+001 2.89994219e+001 2.70000092e+001 2.29979932e+001 8.39994295e+001 4.69982286e+001 1.00399246e+003 9.98991763e+002 4.99960102e+000 3.00037500e+000 1.39972967e+001 0.00000000e+000 0.00000000e+000 0.00000000e+000 1.00000000e+000
 1.00000000e+000 3.30014718e+001 2.49993697e+001 2.69995437e+001 2.29984116e+001 9.39992398e+001 5.49981545e+001 1.00299114e+003 9.99991084e+002 4.00005955e+000 3.00025104e+000 2.69978085e+001 0.00000000e+000 0.00000000e+000 0.00000000e+000 1.00000000e+000
 1.00000000e+000 3.00005313e+001 2.60003366e+001 2.69982188e+001 2.39985587e+001 1.00000024e+002 7.89968416e+001 1.00398886e+003 1.00099058e+003 3.99907136e+000 1.00046672e+000 2.09991863e+001 1.00000000e+000 0.00000000e+000 0.00000000e+000 0.00000000e+000
 1.00000000e+000 3.19985436e+001 2.49997709e+001 2.69963618e+001 2.49988724e+001 1.00000431e+002 6.59964223e+001 1.00498781e+003 1.00099082e+003 3.99693004e+000 2.00158241e+000 1.60009518e+001 1.00000000e+000 0.00000000e+000 0.00000000e+000 0.00000000e+000
 1.00000000e+000 3.10023993e+001 2.49988147e+001 2.69993937e+001 2.49983062e+001 9.99996775e+001 6.99987996e+001 1.00298970e+003 9.98989888e+002 4.99844799e+000 2.00038144e+000 2.09973575e+001 1.00000000e+000 0.00000000e+000 0.00000000e+000 0.00000000e+000
 1.00000000e+000 3.30024314e+001 2.50006898e+001 2.70014687e+001 2.49989104e+001 9.99968966e+001 6.29980146e+001 1.00199205e+003 9.97989773e+002 4.99927996e+000 1.00090747e+000 1.09949980e+001 1.00000000e+000 0.00000000e+000 0.00000000e+000 0.00000000e+000
 1.00000000e+000 3.39990728e+001 2.69933337e+001 2.69999353e+001 2.50003419e+001 9.99961784e+001 5.89964225e+001 1.00199462e+003 9.97990423e+002 4.99446364e+000 2.00026527e+000 1.59999338e+001 0.00000000e+000 1.00000000e+000 0.00000000e+000 0.00000000e+000
 1.00000000e+000 2.90000543e+001 2.59970315e+001 2.69957054e+001 2.59972316e+001 1.00000069e+002 8.39955462e+001 1.00498881e+003 1.00099042e+003 2.99950512e+000 1.00395097e+000 1.29983434e+001 1.00000000e+000 0.00000000e+000 0.00000000e+000 0.00000000e+000
 1.00000000e+000 3.30029442e+001 2.60009202e+001 2.70042974e+001 2.40031505e+001 9.99960087e+001 5.89974012e+001 1.00699870e+003 1.00199157e+003 4.00171470e+000 9.97808655e-001 9.99279132e+000 1.00000000e+000 0.00000000e+000 0.00000000e+000 0.00000000e+000
 1.00000000e+000 3.29984396e+001 2.70024352e+001 2.69983080e+001 2.39963161e+001 9.39985213e+001 5.89960058e+001 1.00598803e+003 1.00098869e+003 3.99814884e+000 2.00078185e+000 2.29983884e+001 0.00000000e+000 0.00000000e+000 1.00000000e+000 0.00000000e+000
 1.00000000e+000 3.20030369e+001 2.69991283e+001 2.60004335e+001 2.49982065e+001 9.39984746e+001 6.59976328e+001 1.00499127e+003 1.00199084e+003 5.00107606e+000 2.00077085e+000 2.29957231e+001 1.00000000e+000 0.00000000e+000 0.00000000e+000 0.00000000e+000
 1.00000000e+000 3.40011512e+001 2.69992090e+001 2.70002233e+001 2.39983099e+001 9.99990260e+001 5.59987345e+001 1.00599087e+003 1.00199140e+003 4.99941374e+000 1.99963545e+000 1.09983726e+001 0.00000000e+000 0.00000000e+000 0.00000000e+000 1.00000000e+000
 1.00000000e+000 3.50034898e+001 2.69951729e+001 2.69922629e+001 2.50053566e+001 9.40070423e+001 5.89959399e+001 1.00397879e+003 9.99993750e+002 4.99727462e+000 3.00388766e+000 1.30036347e+001 0.00000000e+000 0.00000000e+000 0.00000000e+000 1.00000000e+000
 1.00000000e+000 3.19988850e+001 2.50011959e+001 2.59983104e+001 2.29983665e+001 9.99979492e+001 6.19977428e+001 1.00398896e+003 1.00098999e+003 4.99919502e+000 1.00045216e+000 1.90008007e+001 0.00000000e+000 0.00000000e+000 0.00000000e+000 1.00000000e+000
 1.00000000e+000 3.19977849e+001 2.60110985e+001 2.69947783e+001 2.39971955e+001 1.00004719e+002 6.59998033e+001 1.00498413e+003 1.00098689e+003 4.99792644e+000 9.98734567e-001 1.10060093e+001 1.00000000e+000 0.00000000e+000 0.00000000e+000 0.00000000e+000
 1.00000000e+000 3.20007245e+001 2.40001969e+001 2.69987761e+001 2.39984055e+001 9.99994882e+001 6.59975316e+001 1.00498974e+003 9.99990569e+002 4.99935436e+000 3.00034600e+000 1.59988981e+001 0.00000000e+000 1.00000000e+000 0.00000000e+000 0.00000000e+000
 1.00000000e+000 3.20033687e+001 2.49974793e+001 2.60017456e+001 2.39985337e+001 9.99973758e+001 6.19983492e+001 1.00499358e+003 1.00199199e+003 4.00109275e+000 2.00001247e+000 1.89969738e+001 1.00000000e+000 0.00000000e+000 0.00000000e+000 0.00000000e+000
 1.00000000e+000 3.40130604e+001 2.49932519e+001 2.60071609e+001 2.30013093e+001 9.99983154e+001 5.49987748e+001 1.00800122e+003 1.00399759e+003 4.00549066e+000 1.99528579e+000 1.89969791e+001 0.00000000e+000 0.00000000e+000 0.00000000e+000 1.00000000e+000
 1.00000000e+000 3.20026605e+001 2.39989088e+001 2.59997341e+001 2.19988604e+001 9.39988543e+001 5.49976468e+001 1.00899189e+003 1.00499136e+003 5.00168010e+000 3.00085095e+000 2.09975510e+001 0.00000000e+000 0.00000000e+000 0.00000000e+000 1.00000000e+000
 1.00000000e+000 3.20015744e+001 2.50000108e+001 2.49998010e+001 2.19983204e+001 9.39988498e+001 5.79987142e+001 1.00699034e+003 1.00299102e+003 3.99999058e+000 2.00005197e+000 2.09983134e+001 0.00000000e+000 0.00000000e+000 0.00000000e+000 1.00000000e+000
 1.00000000e+000 3.29977018e+001 2.50050474e+001 2.39972819e+001 2.09997268e+001 9.40007829e+001 5.19978539e+001 1.00798531e+003 1.00399169e+003 3.99868186e+000 2.00151744e+000 1.60011992e+001 0.00000000e+000 0.00000000e+000 0.00000000e+000 1.00000000e+000
 1.00000000e+000 3.30007877e+001 2.40005043e+001 2.39997528e+001 1.99986767e+001 9.39991301e+001 4.59985140e+001 1.00699102e+003 1.00299129e+003 5.00004936e+000 3.00033930e+000 2.29985341e+001 0.00000000e+000 0.00000000e+000 0.00000000e+000 1.00000000e+000
 1.00000000e+000 3.39959692e+001 2.20027950e+001 2.19931715e+001 1.59969585e+001 9.40047406e+001 3.39990945e+001 1.00698370e+003 1.00398741e+003 4.99515033e+000 3.00039021e+000 2.30022234e+001 0.00000000e+000 0.00000000e+000 0.00000000e+000 1.00000000e+000
 1.00000000e+000 3.40026529e+001 2.29990355e+001 2.30000106e+001 1.99991039e+001 8.89995108e+001 4.59988875e+001 1.00899168e+003 1.00599069e+003 5.00053647e+000 3.00073360e+000 2.29964838e+001 0.00000000e+000 0.00000000e+000 0.00000000e+000 1.00000000e+000
 1.00000000e+000 3.29981297e+001 2.30024487e+001 2.29977966e+001 1.99968638e+001 8.89998899e+001 4.89969225e+001 1.00898718e+003 1.00598861e+003 4.99816357e+000 3.00053881e+000 2.69990899e+001 0.00000000e+000 0.00000000e+000 0.00000000e+000 1.00000000e+000
 1.00000000e+000 3.40025726e+001 2.30018327e+001 2.29973785e+001 1.89975296e+001 8.90016281e+001 4.39990191e+001 1.00798894e+003 1.00498943e+003 4.99987717e+000 4.00205292e+000 2.29984458e+001 0.00000000e+000 0.00000000e+000 0.00000000e+000 1.00000000e+000
 1.00000000e+000 3.50001777e+001 2.29994143e+001 2.29993807e+001 1.89983885e+001 8.90014342e+001 4.40006898e+001 1.00898737e+003 1.00599057e+003 4.99756306e+000 3.00191569e+000 2.29973082e+001 0.00000000e+000 0.00000000e+000 0.00000000e+000 1.00000000e+000
 1.00000000e+000 3.30004901e+001 2.19999753e+001 2.29990198e+001 1.59984584e+001 9.39993395e+001 3.59987784e+001 1.00898976e+003 1.00599013e+003 5.00062605e+000 3.00052405e+000 2.39998209e+001 0.00000000e+000 0.00000000e+000 0.00000000e+000 1.00000000e+000
 1.00000000e+000 3.40033874e+001 2.19964438e+001 2.00027033e+001 1.59972132e+001 8.29969691e+001 3.39977095e+001 1.01099735e+003 1.00699106e+003 5.00319242e+000 3.00019441e+000 2.59969807e+001 0.00000000e+000 0.00000000e+000 0.00000000e+000 1.00000000e+000
 1.00000000e+000 3.29998108e+001 2.10007949e+001 2.19983216e+001 1.69985829e+001 8.80005655e+001 3.79986632e+001 1.00998874e+003 1.00598971e+003 4.99918002e+000 3.00062335e+000 2.39991801e+001 0.00000000e+000 0.00000000e+000 0.00000000e+000 1.00000000e+000
 1.00000000e+000 3.39971863e+001 2.10014718e+001 2.09965919e+001 1.49983144e+001 8.30032447e+001 3.39982096e+001 1.00798464e+003 1.00498381e+003 4.99732330e+000 3.00139552e+000 2.10004579e+001 0.00000000e+000 0.00000000e+000 0.00000000e+000 1.00000000e+000
 1.00000000e+000 3.30041620e+001 2.19963486e+001 2.00017481e+001 1.39967092e+001 7.79992594e+001 3.80005019e+001 1.00899262e+003 1.00499286e+003 4.99980557e+000 1.99947939e+000 2.29980878e+001 0.00000000e+000 0.00000000e+000 0.00000000e+000 1.00000000e+000
 1.00000000e+000 3.40052507e+001 2.19989172e+001 2.09978950e+001 1.59981807e+001 7.29991043e+001 3.79969840e+001 1.00999043e+003 1.00598869e+003 4.00115609e+000 2.00154611e+000 2.39987993e+001 0.00000000e+000 0.00000000e+000 0.00000000e+000 1.00000000e+000
 1.00000000e+000 3.29967501e+001 2.30061309e+001 2.09909249e+001 1.59964003e+001 8.30085182e+001 3.59961234e+001 1.01400524e+003 1.00899777e+003 4.99350943e+000 2.00295722e+000 1.89930256e+001 0.00000000e+000 0.00000000e+000 0.00000000e+000 1.00000000e+000
 1.00000000e+000 3.40016238e+001 2.29989241e+001 2.09991706e+001 1.69981493e+001 8.79998516e+001 3.79995601e+001 1.01499023e+003 1.01099061e+003 4.99941578e+000 2.00019509e+000 1.89985388e+001 0.00000000e+000 0.00000000e+000 0.00000000e+000 1.00000000e+000
 1.00000000e+000 3.30003311e+001 2.20006558e+001 1.99993519e+001 1.40006585e+001 8.30008953e+001 3.10002260e+001 1.01298953e+003 1.00899111e+003 5.00161082e+000 3.00044530e+000 2.10005319e+001 0.00000000e+000 0.00000000e+000 0.00000000e+000 1.00000000e+000
 1.00000000e+000 3.50019569e+001 2.29991050e+001 2.20015509e+001 1.59988278e+001 8.29984912e+001 3.19990798e+001 1.01299234e+003 1.00899128e+003 5.00097023e+000 1.99988497e+000 1.59975707e+001 0.00000000e+000 0.00000000e+000 0.00000000e+000 1.00000000e+000
 1.00000000e+000 3.39975630e+001 2.30024082e+001 2.29940017e+001 1.50140478e+001 9.40021923e+001 3.40034042e+001 1.01398653e+003 1.01097676e+003 4.00052955e+000 1.00178895e+000 2.29898375e+001 0.00000000e+000 0.00000000e+000 0.00000000e+000 1.00000000e+000
 1.00000000e+000 3.30062303e+001 2.09984189e+001 1.99996410e+001 1.59991059e+001 8.80015646e+001 3.59997397e+001 1.01498738e+003 1.01199027e+003 4.00379061e+000 2.00104181e+000 2.39970374e+001 0.00000000e+000 0.00000000e+000 0.00000000e+000 1.00000000e+000
 1.00000000e+000 3.30029887e+001 2.19983072e+001 2.90009486e+001 1.39985642e+001 9.99978044e+001 3.09995703e+001 1.01499295e+003 1.01199113e+003 4.00088266e+000 2.00018505e+000 1.89969678e+001 0.00000000e+000 0.00000000e+000 0.00000000e+000 1.00000000e+000
 1.00000000e+000 3.39988416e+001 2.10018405e+001 1.89973472e+001 1.39980308e+001 8.30017800e+001 3.09986884e+001 1.01498650e+003 1.01098898e+003 3.99865771e+000 2.00090985e+000 2.10003547e+001 0.00000000e+000 0.00000000e+000 0.00000000e+000 1.00000000e+000
 1.00000000e+000 3.50032572e+001 1.99988800e+001 1.80025053e+001 1.19983614e+001 8.29978150e+001 2.59994095e+001 1.01199365e+003 1.00899145e+003 4.00464987e+000 2.00146549e+000 2.29968515e+001 0.00000000e+000 0.00000000e+000 0.00000000e+000 1.00000000e+000
 1.00000000e+000 3.39986501e+001 2.30018610e+001 1.69975575e+001 1.19976560e+001 6.50025556e+001 2.59985553e+001 1.01098663e+003 1.00798901e+003 3.99887888e+000 2.00096407e+000 2.60003827e+001 0.00000000e+000 0.00000000e+000 0.00000000e+000 1.00000000e+000
 1.00000000e+000 3.39995265e+001 2.09991805e+001 1.59982579e+001 9.99708903e+000 6.80025167e+001 2.39988698e+001 1.01098847e+003 1.00698946e+003 4.00038941e+000 2.00043827e+000 1.90008909e+001 0.00000000e+000 0.00000000e+000 0.00000000e+000 1.00000000e+000
 1.00000000e+000 3.40012944e+001 2.00004240e+001 1.49989055e+001 4.99790405e+000 7.30006984e+001 1.69994523e+001 1.01098831e+003 1.00798965e+003 4.99998097e+000 2.00126019e+000 2.39983046e+001 0.00000000e+000 0.00000000e+000 0.00000000e+000 1.00000000e+000
 1.00000000e+000 3.30051998e+001 1.79973491e+001 1.50040770e+001 6.99935424e+000 8.29978368e+001 2.00023966e+001 1.01299694e+003 1.00899401e+003 4.00140724e+000 9.99383754e-001 1.39957489e+001 0.00000000e+000 0.00000000e+000 0.00000000e+000 1.00000000e+000
 1.00000000e+000 3.20019092e+001 1.89975769e+001 1.50041579e+001 8.99700140e+000 6.79999445e+001 2.39998324e+001 1.01399424e+003 1.00899171e+003 3.00058221e+000 9.99079348e-001 2.09966428e+001 0.00000000e+000 0.00000000e+000 0.00000000e+000 1.00000000e+000
 1.00000000e+000 3.20034831e+001 1.89973918e+001 1.59998052e+001 8.99799381e+000 7.29990799e+001 2.39993083e+001 1.01099150e+003 1.00698858e+003 4.00086080e+000 2.00009401e+000 2.09974646e+001 0.00000000e+000 0.00000000e+000 0.00000000e+000 1.00000000e+000
 1.00000000e+000 3.29958517e+001 1.90048493e+001 1.59923992e+001 1.10022356e+001 6.80074996e+001 2.60000986e+001 1.00997870e+003 1.00698865e+003 1.99849864e+000 1.00176083e+000 1.30051024e+001 0.00000000e+000 0.00000000e+000 0.00000000e+000 1.00000000e+000
 1.00000000e+000 3.09998268e+001 1.80008658e+001 1.79981154e+001 1.39980197e+001 8.30017869e+001 3.49976037e+001 1.01198885e+003 1.00898961e+003 1.99939977e+000 1.00130122e+000 1.00000371e+001 0.00000000e+000 0.00000000e+000 0.00000000e+000 1.00000000e+000
 1.00000000e+000 3.19968994e+001 1.90024335e+001 1.89993533e+001 9.99941148e+000 8.29975820e+001 2.59991333e+001 1.01398677e+003 1.00998869e+003 3.00258560e+000 1.00065826e+000 1.40043891e+001 0.00000000e+000 0.00000000e+000 1.00000000e+000 0.00000000e+000
 1.00000000e+000 3.30008396e+001 1.90002678e+001 1.59995088e+001 1.09981766e+001 7.80012540e+001 2.59990585e+001 1.01398975e+003 1.01098926e+003 2.99983219e+000 1.00075747e+000 1.29989094e+001 0.00000000e+000 0.00000000e+000 1.00000000e+000 0.00000000e+000
 1.00000000e+000 3.20021818e+001 2.09985367e+001 1.70015185e+001 1.19987339e+001 7.30003646e+001 3.09989900e+001 1.01399269e+003 1.01099056e+003 2.00055286e+000 9.99899244e-001 1.09981590e+001 0.00000000e+000 0.00000000e+000 1.00000000e+000 0.00000000e+000
 1.00000000e+000 3.10114204e+001 1.79902198e+001 1.60036365e+001 8.99885321e+000 8.29937684e+001 2.70044368e+001 1.01399254e+003 1.01098654e+003 3.00276553e+000 9.99232587e-001 1.29955920e+001 0.00000000e+000 0.00000000e+000 0.00000000e+000 1.00000000e+000
 1.00000000e+000 3.00011582e+001 1.80027010e+001 1.50030737e+001 8.99543393e+000 7.79943059e+001 2.99957210e+001 1.01699134e+003 1.01198910e+003 3.00029522e+000 1.00107854e+000 1.39955989e+001 0.00000000e+000 0.00000000e+000 1.00000000e+000 0.00000000e+000
 1.00000000e+000 2.90013250e+001 1.59997759e+001 1.19979790e+001 5.99837688e+000 7.20008985e+001 2.29980782e+001 1.01599011e+003 1.01198886e+003 3.99933656e+000 1.00069449e+000 2.29992875e+001 0.00000000e+000 0.00000000e+000 1.00000000e+000 0.00000000e+000
 1.00000000e+000 3.00047706e+001 1.59970977e+001 1.20029979e+001 5.99969991e+000 6.29997192e+001 2.20000535e+001 1.01599540e+003 1.01199153e+003 5.00234694e+000 1.00023861e+000 1.39962669e+001 0.00000000e+000 0.00000000e+000 0.00000000e+000 1.00000000e+000
 1.00000000e+000 2.89999036e+001 1.50019383e+001 1.29987422e+001 8.99805834e+000 8.20008293e+001 2.89982756e+001 1.01598778e+003 1.01198932e+003 2.99907488e+000 1.00099222e+000 1.09999026e+001 0.00000000e+000 0.00000000e+000 0.00000000e+000 1.00000000e+000
 1.00000000e+000 3.00008460e+001 1.59963428e+001 1.29984747e+001 6.99711383e+000 7.20026050e+001 2.29982040e+001 1.01398924e+003 1.00998810e+003 2.99722802e+000 1.00102729e+000 1.39994632e+001 0.00000000e+000 0.00000000e+000 0.00000000e+000 1.00000000e+000
 1.00000000e+000 3.10098941e+001 1.59942332e+001 1.30033305e+001 6.99479518e+000 7.69895304e+001 2.19913222e+001 1.01398698e+003 1.00999066e+003 1.00286252e+000 1.00416387e+000 9.99689734e+000 0.00000000e+000 0.00000000e+000 0.00000000e+000 1.00000000e+000
 1.00000000e+000 3.20012247e+001 1.79987536e+001 1.50006135e+001 5.99807248e+000 7.69998578e+001 1.99998898e+001 1.01399368e+003 1.00998918e+003 2.99842328e+000 1.00011089e+000 1.39974299e+001 0.00000000e+000 0.00000000e+000 1.00000000e+000 0.00000000e+000
 1.00000000e+000 3.20002595e+001 1.69954875e+001 1.20014287e+001 7.00143011e+000 6.30009440e+001 2.40022492e+001 1.01399266e+003 1.00898949e+003 2.99992507e+000 9.99096078e-001 1.40014751e+001 0.00000000e+000 0.00000000e+000 1.00000000e+000 0.00000000e+000
 1.00000000e+000 3.10013916e+001 1.79996893e+001 1.20004259e+001 6.99772068e+000 6.00009915e+001 2.39988032e+001 1.01299111e+003 1.00999020e+003 4.00005839e+000 1.00057634e+000 1.39988148e+001 0.00000000e+000 0.00000000e+000 0.00000000e+000 1.00000000e+000
 1.00000000e+000 3.10080771e+001 1.69949715e+001 1.70074804e+001 8.99570603e+000 7.79943772e+001 2.69974113e+001 1.01499801e+003 1.01099444e+003 3.00148061e+000 9.77977523e-005 1.09929388e+001 0.00000000e+000 0.00000000e+000 0.00000000e+000 1.00000000e+000
 1.00000000e+000 3.00025606e+001 1.79990267e+001 1.70018011e+001 1.10005055e+001 9.40019577e+001 3.49988720e+001 1.01598171e+003 1.01198511e+003 2.99763002e+000 1.57566164e-003 1.39963995e+001 0.00000000e+000 0.00000000e+000 1.00000000e+000 0.00000000e+000
 1.00000000e+000 3.00022920e+001 1.59994332e+001 1.50012838e+001 1.09979448e+001 8.79984093e+001 3.09994123e+001 1.01399102e+003 1.00998994e+003 4.00060769e+000 1.81904400e-004 2.09977843e+001 0.00000000e+000 0.00000000e+000 1.00000000e+000 0.00000000e+000
 1.00000000e+000 2.90031541e+001 1.59981574e+001 1.30014704e+001 8.99837220e+000 7.69976905e+001 2.89998152e+001 1.01499624e+003 1.01099083e+003 5.00309604e+000 1.00007736e+000 1.09963566e+001 0.00000000e+000 0.00000000e+000 1.00000000e+000 0.00000000e+000
 1.00000000e+000 2.89999890e+001 1.60021136e+001 1.29991752e+001 6.99764546e+000 7.70003698e+001 2.49989648e+001 1.01698835e+003 1.01198976e+003 2.99930905e+000 1.00094602e+000 9.99960234e+000 0.00000000e+000 0.00000000e+000 0.00000000e+000 1.00000000e+000
 1.00000000e+000 3.00026130e+001 1.59992076e+001 1.40010910e+001 1.09979071e+001 7.19998426e+001 3.29986186e+001 1.01599197e+003 1.01099111e+003 4.00056199e+000 1.00048702e+000 1.89978065e+001 0.00000000e+000 0.00000000e+000 0.00000000e+000 1.00000000e+000
 1.00000000e+000 3.10014563e+001 1.79994527e+001 1.69989219e+001 1.29974013e+001 8.30006330e+001 3.49991216e+001 1.01398984e+003 1.00998917e+003 3.99972057e+000 4.69205762e-004 1.89986534e+001 0.00000000e+000 0.00000000e+000 0.00000000e+000 1.00000000e+000
 1.00000000e+000 2.80005168e+001 1.80007627e+001 1.59976262e+001 1.39999575e+001 8.80023381e+001 4.49990766e+001 1.01498818e+003 1.01099221e+003 3.99797053e+000 3.97215705e-004 1.90004765e+001 0.00000000e+000 0.00000000e+000 1.00000000e+000 0.00000000e+000
 1.00000000e+000 2.90007300e+001 1.49973695e+001 1.49951012e+001 7.99475579e+000 8.80050574e+001 2.69958056e+001 1.01399729e+003 1.01098599e+003 5.00110855e+000 -5.36795694e-005 2.29997195e+001 0.00000000e+000 0.00000000e+000 1.00000000e+000 0.00000000e+000
 1.00000000e+000 2.90018882e+001 1.49999666e+001 1.20000817e+001 7.99911030e+000 7.20011929e+001 2.69989190e+001 1.01599183e+003 1.01299057e+003 5.99948170e+000 1.00078824e+000 1.09976052e+001 0.00000000e+000 0.00000000e+000 1.00000000e+000 0.00000000e+000
 1.00000000e+000 3.00004885e+001 1.50000900e+001 1.29983083e+001 9.99777350e+000 8.20017866e+001 2.89992358e+001 1.01598918e+003 1.01299009e+003 4.99839382e+000 1.00058588e+000 1.10001538e+001 0.00000000e+000 0.00000000e+000 0.00000000e+000 1.00000000e+000
 1.00000000e+000 2.89997602e+001 1.50007213e+001 1.30009184e+001 9.00132607e+000 8.19980713e+001 3.19970855e+001 1.01699365e+003 1.01298912e+003 5.00137368e+000 9.98855858e-001 1.29976634e+001 0.00000000e+000 0.00000000e+000 0.00000000e+000 1.00000000e+000
 1.00000000e+000 2.90022358e+001 1.49994373e+001 1.30005306e+001 9.99836588e+000 7.70003529e+001 2.99991734e+001 1.01599134e+003 1.01199129e+003 4.00040385e+000 1.00042840e+000 2.09981512e+001 0.00000000e+000 0.00000000e+000 1.00000000e+000 0.00000000e+000
 1.00000000e+000 2.90018777e+001 1.50008199e+001 1.40018277e+001 8.99719729e+000 8.19992930e+001 2.89978528e+001 1.01499160e+003 1.01199328e+003 5.99802518e+000 1.00063749e+000 1.89956058e+001 0.00000000e+000 0.00000000e+000 0.00000000e+000 1.00000000e+000
 1.00000000e+000 3.00021443e+001 1.39996486e+001 1.30001682e+001 9.99794787e+000 7.70007935e+001 2.89985023e+001 1.01499151e+003 1.01099102e+003 4.99998210e+000 1.00072059e+000 1.39982959e+001 0.00000000e+000 0.00000000e+000 0.00000000e+000 1.00000000e+000
 1.00000000e+000 2.70014481e+001 1.60002668e+001 1.69987604e+001 1.19979666e+001 8.80009390e+001 4.79978752e+001 1.01598950e+003 1.01199048e+003 1.99918572e+000 1.00064807e+000 1.39989256e+001 0.00000000e+000 0.00000000e+000 0.00000000e+000 1.00000000e+000
 1.00000000e+000 2.60027177e+001 1.49991091e+001 1.79997544e+001 1.29976695e+001 9.99993934e+001 5.09982025e+001 1.01799098e+003 1.01499125e+003 1.99971618e+000 3.50073326e-004 1.29986601e+001 0.00000000e+000 0.00000000e+000 1.00000000e+000 0.00000000e+000
 1.00000000e+000 2.69983195e+001 1.60038950e+001 1.79981639e+001 1.49965818e+001 9.39986476e+001 5.09985540e+001 1.01998729e+003 1.01598439e+003 1.99741400e+000 7.14416331e-005 9.99732434e+000 0.00000000e+000 0.00000000e+000 1.00000000e+000 0.00000000e+000
 1.00000000e+000 2.70015619e+001 1.60023531e+001 1.79987307e+001 1.49995971e+001 9.40007415e+001 5.09976640e+001 1.01898857e+003 1.01498981e+003 9.99173322e-001 1.16809566e-003 5.99886712e+000 0.00000000e+000 0.00000000e+000 1.00000000e+000 0.00000000e+000
 1.00000000e+000 2.70062017e+001 1.59998904e+001 1.70071498e+001 1.40037045e+001 9.39932468e+001 4.49985457e+001 1.01899621e+003 1.01499221e+003 3.00812920e+000 -1.71030218e-005 1.09950047e+001 0.00000000e+000 0.00000000e+000 1.00000000e+000 0.00000000e+000
 1.00000000e+000 2.70004605e+001 1.59997244e+001 1.60000319e+001 1.29978709e+001 9.39988678e+001 4.39999862e+001 1.01999225e+003 1.01499155e+003 2.99859611e+000 9.99722490e-001 9.99959064e+000 0.00000000e+000 0.00000000e+000 1.00000000e+000 0.00000000e+000
 1.00000000e+000 2.70001564e+001 1.40081795e+001 1.69965746e+001 7.99624546e+000 9.40067325e+001 3.19992367e+001 1.01899083e+003 1.01398059e+003 5.01026123e+000 -2.12509927e-003 9.99829566e+000 0.00000000e+000 0.00000000e+000 1.00000000e+000 0.00000000e+000
 1.00000000e+000 2.60040257e+001 1.40016403e+001 1.29990929e+001 7.99818509e+000 8.79997671e+001 3.19986860e+001 1.01699039e+003 1.01299034e+003 5.00276683e+000 1.00121453e+000 1.09971616e+001 0.00000000e+000 0.00000000e+000 1.00000000e+000 0.00000000e+000
 1.00000000e+000 2.50037581e+001 1.29981079e+001 1.20003774e+001 8.99805571e+000 9.39984368e+001 3.59987743e+001 1.01699228e+003 1.01299081e+003 2.99986124e+000 9.99976186e-001 1.29969297e+001 0.00000000e+000 0.00000000e+000 1.00000000e+000 0.00000000e+000
 1.00000000e+000 2.40023537e+001 1.39981646e+001 1.20024621e+001 7.99907620e+000 8.19973367e+001 3.59986818e+001 1.01498988e+003 1.01098975e+003 4.00343983e+000 9.99932719e-001 1.90013259e+001 0.00000000e+000 0.00000000e+000 1.00000000e+000 0.00000000e+000
 1.00000000e+000 2.50045763e+001 1.09978576e+001 1.30031621e+001 6.99735566e+000 9.39967807e+001 3.59986209e+001 1.01399496e+003 1.01099274e+003 5.00111772e+000 2.65447660e-005 2.39962723e+001 0.00000000e+000 0.00000000e+000 1.00000000e+000 0.00000000e+000
 1.00000000e+000 2.60002713e+001 1.19997412e+001 9.00001778e+000 2.99932737e+000 7.69988589e+001 2.40028751e+001 1.01498877e+003 1.01099022e+003 4.99708516e+000 9.98768938e-001 1.39991473e+001 0.00000000e+000 0.00000000e+000 1.00000000e+000 0.00000000e+000
 1.00000000e+000 2.50009461e+001 1.20007751e+001 1.09991182e+001 6.99829524e+000 7.70014050e+001 3.39985967e+001 1.01598886e+003 1.01199103e+003 3.99897405e+000 1.00028931e+000 1.89991545e+001 0.00000000e+000 0.00000000e+000 0.00000000e+000 1.00000000e+000
 1.00000000e+000 2.70021618e+001 1.49998654e+001 1.39998095e+001 1.09980743e+001 8.79995684e+001 3.89982910e+001 1.01699057e+003 1.01199064e+003 1.99984472e+000 6.71569376e-004 7.99862560e+000 0.00000000e+000 0.00000000e+000 0.00000000e+000 1.00000000e+000
 1.00000000e+000 2.70015866e+001 1.39994992e+001 1.40020378e+001 9.99727019e+000 9.39983255e+001 3.69993517e+001 1.01199268e+003 1.00799026e+003 2.99764128e+000 -3.44209668e-004 1.59973059e+001 0.00000000e+000 0.00000000e+000 1.00000000e+000 0.00000000e+000
 1.00000000e+000 2.60025066e+001 1.30010151e+001 1.09998194e+001 7.99745007e+000 7.69999495e+001 3.39995756e+001 1.01199207e+003 1.00899118e+003 4.00247212e+000 1.00023399e+000 1.39989710e+001 0.00000000e+000 0.00000000e+000 1.00000000e+000 0.00000000e+000
 1.00000000e+000 2.80008062e+001 1.30008708e+001 1.19992255e+001 6.99841107e+000 8.20003660e+001 2.59994008e+001 1.01399016e+003 1.01099023e+003 3.99932654e+000 1.00074919e+000 7.99943497e+000 0.00000000e+000 0.00000000e+000 0.00000000e+000 1.00000000e+000
 1.00000000e+000 2.70028446e+001 1.49988575e+001 1.70008487e+001 9.99824639e+000 8.79989828e+001 3.59988611e+001 1.01499192e+003 1.01199110e+003 3.00056406e+000 1.00024687e+000 1.39980143e+001 0.00000000e+000 0.00000000e+000 1.00000000e+000 0.00000000e+000
 1.00000000e+000 2.60022294e+001 1.39994635e+001 1.70001857e+001 1.19984319e+001 9.39996095e+001 4.19981934e+001 1.01599098e+003 1.01199103e+003 4.00015149e+000 6.80285168e-004 1.59982487e+001 0.00000000e+000 0.00000000e+000 1.00000000e+000 0.00000000e+000
 1.00000000e+000 2.79963319e+001 1.50040814e+001 1.59970553e+001 1.30011653e+001 9.39950977e+001 4.19895169e+001 1.01598300e+003 1.01099039e+003 4.00364764e+000 1.00425083e+000 1.40079375e+001 0.00000000e+000 0.00000000e+000 1.00000000e+000 0.00000000e+000
 1.00000000e+000 2.20068515e+001 1.39960878e+001 1.70041513e+001 1.39991302e+001 9.99964364e+001 6.89976476e+001 1.01599869e+003 1.01099386e+003 3.00135683e+000 -3.87821174e-004 1.29938073e+001 0.00000000e+000 0.00000000e+000 1.00000000e+000 0.00000000e+000
 1.00000000e+000 2.20007067e+001 1.30001145e+001 1.39998729e+001 6.99761601e+000 9.99987559e+001 3.80008672e+001 1.01499256e+003 1.01199031e+003 4.99884661e+000 -1.40571473e-004 2.09984898e+001 0.00000000e+000 0.00000000e+000 1.00000000e+000 0.00000000e+000
 1.00000000e+000 2.20083094e+001 9.99972213e+000 9.00145432e+000 1.99389857e+000 7.70024213e+001 3.09954992e+001 1.01598057e+003 1.01298201e+003 5.00217654e+000 1.00164347e+000 1.39950967e+001 0.00000000e+000 0.00000000e+000 1.00000000e+000 0.00000000e+000
 1.00000000e+000 2.20025132e+001 9.00030001e+000 8.00103439e+000 1.99896055e+000 7.69998478e+001 2.69988463e+001 1.01999190e+003 1.01499087e+003 5.00022663e+000 6.50120126e-004 1.09976952e+001 0.00000000e+000 0.00000000e+000 1.00000000e+000 0.00000000e+000
 1.00000000e+000 2.20020227e+001 7.99888308e+000 7.99760419e+000 3.99652899e+000 8.70020598e+001 3.09954924e+001 1.01899630e+003 1.01599083e+003 5.00155264e+000 1.80324672e-003 1.39993718e+001 0.00000000e+000 0.00000000e+000 1.00000000e+000 0.00000000e+000
 1.00000000e+000 2.10048864e+001 6.99468639e+000 8.00377053e+000 1.99723425e+000 8.69954032e+001 2.79988035e+001 1.01899711e+003 1.01599131e+003 4.00180558e+000 2.23737068e-005 1.39988875e+001 0.00000000e+000 0.00000000e+000 1.00000000e+000 0.00000000e+000
 1.00000000e+000 2.10011422e+001 7.00067317e+000 5.99861151e+000 -1.53155679e-003 8.70004713e+001 2.49990288e+001 1.01998977e+003 1.01599048e+003 4.99885306e+000 1.00068445e+000 1.39989668e+001 0.00000000e+000 0.00000000e+000 1.00000000e+000 0.00000000e+000
 1.00000000e+000 2.09987460e+001 7.00309295e+000 6.99790363e+000 1.99899477e+000 8.10027423e+001 2.79982726e+001 1.01998676e+003 1.01598977e+003 3.99919810e+000 1.00079337e+000 1.40015701e+001 0.00000000e+000 0.00000000e+000 1.00000000e+000 0.00000000e+000
 1.00000000e+000 2.00000719e+001 6.00697353e+000 6.00270395e+000 3.00213652e+000 8.69940414e+001 3.29939923e+001 1.01899188e+003 1.01499637e+003 5.00560682e+000 2.23172688e-003 1.89995863e+001 0.00000000e+000 0.00000000e+000 1.00000000e+000 0.00000000e+000
 1.00000000e+000 2.20016376e+001 8.00500191e+000 1.00022238e+001 2.00317844e+000 9.39965695e+001 2.69963557e+001 1.01999256e+003 1.01599554e+003 3.00606947e+000 2.07235420e-003 1.09994409e+001 0.00000000e+000 0.00000000e+000 1.00000000e+000 0.00000000e+000
 1.00000000e+000 2.10030581e+001 6.00208920e+000 1.09998432e+001 9.98641135e-001 9.99991439e+001 2.79983975e+001 1.01999003e+003 1.01499180e+003 2.00106583e+000 1.01054387e-003 9.99836318e+000 0.00000000e+000 0.00000000e+000 1.00000000e+000 0.00000000e+000
 1.00000000e+000 1.90027417e+001 7.00068366e+000 1.00017834e+001 3.99972607e+000 9.99980297e+001 4.30010354e+001 1.01798849e+003 1.01399144e+003 2.99755852e+000 -1.65909861e-004 1.39968579e+001 0.00000000e+000 0.00000000e+000 1.00000000e+000 0.00000000e+000
 1.00000000e+000 2.20031808e+001 8.00280042e+000 8.99874845e+000 9.96822462e-001 9.99998298e+001 2.50009257e+001 1.01898927e+003 1.01599034e+003 3.00398180e+000 5.72715669e-003 9.99860958e+000 0.00000000e+000 0.00000000e+000 1.00000000e+000 0.00000000e+000
 1.00000000e+000 2.00028068e+001 6.99856337e+000 9.99958485e+000 2.99848367e+000 1.00000488e+002 3.30001561e+001 1.01999268e+003 1.01499144e+003 2.99932364e+000 -1.11929578e-004 1.39985864e+001 0.00000000e+000 0.00000000e+000 1.00000000e+000 0.00000000e+000
 1.00000000e+000 1.90019589e+001 4.99951631e+000 8.99992340e+000 -1.58384529e-003 9.99999900e+001 2.99980254e+001 1.01899117e+003 1.01399079e+003 4.99879312e+000 1.37822073e-004 1.89977798e+001 0.00000000e+000 0.00000000e+000 1.00000000e+000 0.00000000e+000
 1.00000000e+000 1.80036081e+001 4.00096133e+000 5.00212142e+000 9.99129868e-001 8.69991537e+001 3.19989981e+001 1.01799423e+003 1.01299382e+003 3.99947776e+000 5.24845770e-004 1.59955385e+001 0.00000000e+000 0.00000000e+000 1.00000000e+000 0.00000000e+000
 1.00000000e+000 2.00017696e+001 5.00170672e+000 5.00047172e+000 -1.99717912e+000 9.29968686e+001 2.40015008e+001 1.01798476e+003 1.01398872e+003 2.99665928e+000 1.74790255e-003 1.09965446e+001 0.00000000e+000 0.00000000e+000 1.00000000e+000 0.00000000e+000
 1.00000000e+000 2.00017743e+001 5.00077819e+000 6.00034941e+000 -1.61522907e-003 8.70005310e+001 2.79985503e+001 1.01799085e+003 1.01399091e+003 1.99977874e+000 4.73249904e-004 9.99896466e+000 0.00000000e+000 0.00000000e+000 1.00000000e+000 0.00000000e+000
 1.00000000e+000 2.00005633e+001 5.00155888e+000 7.99864039e+000 3.99814859e+000 9.30011797e+001 3.99980129e+001 1.01798760e+003 1.01398972e+003 9.99368909e-001 1.28422095e-003 1.10009284e+001 0.00000000e+000 0.00000000e+000 1.00000000e+000 0.00000000e+000
 1.00000000e+000 2.20009234e+001 5.99540534e+000 1.09949877e+001 5.00753674e+000 1.00016691e+002 3.50117964e+001 1.01998452e+003 1.01599923e+003 2.99806636e+000 -3.35948147e-003 1.10113582e+001 0.00000000e+000 0.00000000e+000 1.00000000e+000 0.00000000e+000
 1.00000000e+000 2.10038250e+001 7.00089045e+000 1.30005018e+001 6.99762399e+000 9.99992233e+001 4.89985131e+001 1.02099193e+003 1.01599211e+003 9.99465053e-001 1.89681833e-003 1.09958938e+001 0.00000000e+000 0.00000000e+000 1.00000000e+000 0.00000000e+000
 1.00000000e+000 1.69999499e+001 6.00224443e+000 1.29975709e+001 5.99835748e+000 1.00000952e+002 7.19963746e+001 1.02098737e+003 1.01698987e+003 9.98062062e-001 6.33200111e-004 1.10005093e+001 0.00000000e+000 0.00000000e+000 1.00000000e+000 0.00000000e+000
 1.00000000e+000 2.19993898e+001 8.00433073e+000 1.29966861e+001 8.00025707e+000 1.00003618e+002 4.60022452e+001 1.01998332e+003 1.01599343e+003 2.99688081e+000 3.45700439e-004 1.30016268e+001 0.00000000e+000 0.00000000e+000 1.00000000e+000 0.00000000e+000
