 1.00000000e+000 2.10000000e+001 9.00000000e+000 1.20000000e+001 8.00000000e+000 1.00000000e+002 4.60000000e+001 1.02200000e+003 1.01800000e+003 2.00000000e+000 0.00000000e+000 1.40000000e+001 1.00000000e+000 0.00000000e+000 0.00000000e+000 0.00000000e+000
 1.00000000e+000 2.10000000e+001 8.00000000e+000 1.20000000e+001 8.00000000e+000 1.00000000e+002 4.90000000e+001 1.02000000e+003 1.01500000e+003 3.00000000e+000 0.00000000e+000 1.40000000e+001 0.00000000e+000 0.00000000e+000 1.00000000e+000 0.00000000e+000
 1.00000000e+000 2.10000000e+001 9.00000000e+000 1.10000000e+001 7.00000000e+000 1.00000000e+002 4.00000000e+001 1.01800000e+003 1.01500000e+003 4.00000000e+000 0.00000000e+000 1.00000000e+001 0.00000000e+000 0.00000000e+000 1.00000000e+000 0.00000000e+000
 1.00000000e+000 2.10000000e+001 1.10000000e+001 1.20000000e+001 7.00000000e+000 9.40000000e+001 4.00000000e+001 1.01900000e+003 1.01500000e+003 4.00000000e+000 0.00000000e+000 1.40000000e+001 0.00000000e+000 0.00000000e+000 1.00000000e+000 0.00000000e+000
 1.00000000e+000 2.20000000e+001 1.10000000e+001 1.10000000e+001 4.00000000e+000 1.00000000e+002 3.10000000e+001 1.01900000e+003 1.01600000e+003 4.00000000e+000 0.00000000e+000 1.00000000e+001 0.00000000e+000 0.00000000e+000 1.00000000e+000 0.00000000e+000
 1.00000000e+000 2.00000000e+001 9.00000000e+000 1.30000000e+001 8.00000000e+000 1.00000000e+002 4.60000000e+001 1.02200000e+003 1.01900000e+003 2.00000000e+000 0.00000000e+000 1.40000000e+001 0.00000000e+000 0.00000000e+000 1.00000000e+000 0.00000000e+000
 1.00000000e+000 2.00000000e+001 7.00000000e+000 1.00000000e+001 3.00000000e+000 1.00000000e+002 3.30000000e+001 1.02200000e+003 1.01900000e+003 5.00000000e+000 0.00000000e+000 1.90000000e+001 0.00000000e+000 0.00000000e+000 1.00000000e+000 0.00000000e+000
 1.00000000e+000 2.00000000e+001 7.00000000e+000 1.30000000e+001 4.00000000e+000 9.30000000e+001 3.50000000e+001 1.02400000e+003 1.02000000e+003 4.00000000e+000 1.00000000e+000 1.30000000e+001 0.00000000e+000 0.00000000e+000 1.00000000e+000 0.00000000e+000
 1.00000000e+000 1.90000000e+001 7.00000000e+000 9.00000000e+000 5.00000000e+000 1.00000000e+002 4.00000000e+001 1.02300000e+003 1.02000000e+003 4.00000000e+000 1.00000000e+000 1.30000000e+001 0.00000000e+000 0.00000000e+000 1.00000000e+000 0.00000000e+000
 1.00000000e+000 1.90000000e+001 7.00000000e+000 9.00000000e+000 4.00000000e+000 1.00000000e+002 3.70000000e+001 1.02200000e+003 1.01800000e+003 4.00000000e+000 1.00000000e+000 1.90000000e+001 0.00000000e+000 0.00000000e+000 1.00000000e+000 0.00000000e+000
 1.00000000e+000 1.90000000e+001 7.00000000e+000 8.00000000e+000 5.00000000e+000 1.00000000e+002 4.30000000e+001 1.02200000e+003 1.01900000e+003 3.00000000e+000 1.00000000e+000 1.30000000e+001 0.00000000e+000 0.00000000e+000 1.00000000e+000 0.00000000e+000
 1.00000000e+000 1.90000000e+001 8.00000000e+000 9.00000000e+000 6.00000000e+000 9.30000000e+001 4.30000000e+001 1.02200000e+003 1.01800000e+003 3.00000000e+000 0.00000000e+000 1.30000000e+001 0.00000000e+000 0.00000000e+000 1.00000000e+000 0.00000000e+000
 1.00000000e+000 1.80000000e+001 6.00000000e+000 8.00000000e+000 4.00000000e+000 1.00000000e+002 4.00000000e+001 1.02100000e+003 1.01600000e+003 3.00000000e+000 0.00000000e+000 1.40000000e+001 0.00000000e+000 0.00000000e+000 1.00000000e+000 0.00000000e+000
 1.00000000e+000 1.90000000e+001 5.00000000e+000 8.00000000e+000 2.00000000e+000 1.00000000e+002 3.20000000e+001 1.02000000e+003 1.01600000e+003 2.00000000e+000 0.00000000e+000 1.00000000e+001 0.00000000e+000 0.00000000e+000 1.00000000e+000 0.00000000e+000
 1.00000000e+000 2.00000000e+001 7.00000000e+000 9.00000000e+000 4.00000000e+000 9.30000000e+001 3.50000000e+001 1.02000000e+003 1.01600000e+003 3.00000000e+000 0.00000000e+000 1.10000000e+001 0.00000000e+000 0.00000000e+000 1.00000000e+000 0.00000000e+000
 1.00000000e+000 1.40000000e+001 6.00000000e+000 8.00000000e+000 6.00000000e+000 1.00000000e+002 6.70000000e+001 1.02100000e+003 1.01700000e+003 1.00000000e+000 0.00000000e+000 1.10000000e+001 0.00000000e+000 0.00000000e+000 1.00000000e+000 0.00000000e+000
 1.00000000e+000 2.00000000e+001 8.00000000e+000 9.00000000e+000 3.00000000e+000 1.00000000e+002 3.30000000e+001 1.02000000e+003 1.01600000e+003 4.00000000e+000 1.00000000e+000 1.90000000e+001 0.00000000e+000 0.00000000e+000 1.00000000e+000 0.00000000e+000
 1.00000000e+000 2.20000000e+001 7.00000000e+000 6.00000000e+000 -3.00000000e+000 8.70000000e+001 1.90000000e+001 1.02000000e+003 1.01500000e+003 5.00000000e+000 0.00000000e+000 1.00000000e+001 0.00000000e+000 0.00000000e+000 1.00000000e+000 0.00000000e+000
 1.00000000e+000 1.50000000e+001 1.10000000e+001 1.20000000e+001 4.00000000e+000 1.00000000e+002 5.40000000e+001 1.01500000e+003 1.00800000e+003 2.00000000e+000 1.00000000e+000 4.00000000e+001 0.00000000e+000 0.00000000e+000 1.00000000e+000 0.00000000e+000
 1.00000000e+000 1.60000000e+001 1.00000000e+001 1.30000000e+001 9.00000000e+000 1.00000000e+002 6.30000000e+001 1.01300000e+003 1.01000000e+003 2.00000000e+000 0.00000000e+000 1.40000000e+001 1.00000000e+000 0.00000000e+000 0.00000000e+000 0.00000000e+000
 1.00000000e+000 1.60000000e+001 8.00000000e+000 1.10000000e+001 8.00000000e+000 1.00000000e+002 6.30000000e+001 1.01900000e+003 1.01400000e+003 2.00000000e+000 0.00000000e+000 6.00000000e+000 0.00000000e+000 0.00000000e+000 1.00000000e+000 0.00000000e+000
 1.00000000e+000 1.50000000e+001 6.00000000e+000 1.00000000e+001 6.00000000e+000 1.00000000e+002 6.30000000e+001 1.02100000e+003 1.01700000e+003 3.00000000e+000 0.00000000e+000 2.30000000e+001 0.00000000e+000 0.00000000e+000 1.00000000e+000 0.00000000e+000
 1.00000000e+000 1.60000000e+001 6.00000000e+000 9.00000000e+000 6.00000000e+000 1.00000000e+002 5.20000000e+001 1.01800000e+003 1.01500000e+003 4.00000000e+000 0.00000000e+000 2.70000000e+001 0.00000000e+000 0.00000000e+000 1.00000000e+000 0.00000000e+000
 1.00000000e+000 1.70000000e+001 6.00000000e+000 9.00000000e+000 5.00000000e+000 1.00000000e+002 4.50000000e+001 1.01700000e+003 1.01300000e+003 2.00000000e+000 0.00000000e+000 2.30000000e+001 0.00000000e+000 0.00000000e+000 1.00000000e+000 0.00000000e+000
 1.00000000e+000 1.90000000e+001 5.00000000e+000 7.00000000e+000 3.00000000e+000 1.00000000e+002 3.50000000e+001 1.01900000e+003 1.01400000e+003 4.00000000e+000 1.00000000e+000 2.40000000e+001 0.00000000e+000 0.00000000e+000 1.00000000e+000 0.00000000e+000
 1.00000000e+000 1.90000000e+001 5.00000000e+000 1.00000000e+001 5.00000000e+000 1.00000000e+002 4.60000000e+001 1.01900000e+003 1.01500000e+003 4.00000000e+000 0.00000000e+000 1.40000000e+001 0.00000000e+000 0.00000000e+000 1.00000000e+000 0.00000000e+000
 1.00000000e+000 2.00000000e+001 1.10000000e+001 1.20000000e+001 3.00000000e+000 1.00000000e+002 3.50000000e+001 1.01900000e+003 1.01500000e+003 2.00000000e+000 0.00000000e+000 1.40000000e+001 0.00000000e+000 0.00000000e+000 1.00000000e+000 0.00000000e+000
 1.00000000e+000 1.90000000e+001 6.00000000e+000 1.10000000e+001 6.00000000e+000 1.00000000e+002 4.90000000e+001 1.02000000e+003 1.01600000e+003 3.00000000e+000 0.00000000e+000 2.30000000e+001 0.00000000e+000 0.00000000e+000 1.00000000e+000 0.00000000e+000
 1.00000000e+000 1.80000000e+001 7.00000000e+000 1.10000000e+001 7.00000000e+000 1.00000000e+002 5.20000000e+001 1.01700000e+003 1.01300000e+003 4.00000000e+000 0.00000000e+000 2.10000000e+001 0.00000000e+000 0.00000000e+000 1.00000000e+000 0.00000000e+000
 1.00000000e+000 2.10000000e+001 8.00000000e+000 1.10000000e+001 8.00000000e+000 1.00000000e+002 4.90000000e+001 1.01700000e+003 1.01200000e+003 4.00000000e+000 0.00000000e+000 1.00000000e+001 0.00000000e+000 0.00000000e+000 1.00000000e+000 0.00000000e+000
 1.00000000e+000 1.90000000e+001 8.00000000e+000 1.10000000e+001 8.00000000e+000 1.00000000e+002 5.20000000e+001 1.01400000e+003 1.01100000e+003 3.00000000e+000 0.00000000e+000 2.30000000e+001 0.00000000e+000 0.00000000e+000 1.00000000e+000 0.00000000e+000
 1.00000000e+000 2.10000000e+001 8.00000000e+000 1.10000000e+001 8.00000000e+000 1.00000000e+002 4.30000000e+001 1.01500000e+003 1.01000000e+003 3.00000000e+000 0.00000000e+000 1.90000000e+001 0.00000000e+000 0.00000000e+000 1.00000000e+000 0.00000000e+000
 1.00000000e+000 1.90000000e+001 1.30000000e+001 1.50000000e+001 9.00000000e+000 1.00000000e+002 6.00000000e+001 1.01000000e+003 1.00700000e+003 3.00000000e+000 0.00000000e+000 2.90000000e+001 0.00000000e+000 0.00000000e+000 1.00000000e+000 0.00000000e+000
 1.00000000e+000 1.90000000e+001 1.00000000e+001 1.50000000e+001 1.00000000e+001 1.00000000e+002 6.40000000e+001 1.01300000e+003 1.00800000e+003 2.00000000e+000 0.00000000e+000 1.40000000e+001 0.00000000e+000 1.00000000e+000 0.00000000e+000 0.00000000e+000
 1.00000000e+000 1.80000000e+001 1.10000000e+001 1.30000000e+001 9.00000000e+000 1.00000000e+002 6.80000000e+001 1.01500000e+003 1.01200000e+003 3.00000000e+000 0.00000000e+000 2.30000000e+001 0.00000000e+000 1.00000000e+000 0.00000000e+000 0.00000000e+000
 1.00000000e+000 1.80000000e+001 7.00000000e+000 1.00000000e+001 2.00000000e+000 1.00000000e+002 3.40000000e+001 1.01600000e+003 1.01300000e+003 5.00000000e+000 0.00000000e+000 2.30000000e+001 0.00000000e+000 0.00000000e+000 1.00000000e+000 0.00000000e+000
 1.00000000e+000 1.90000000e+001 6.00000000e+000 7.00000000e+000 2.00000000e+000 9.30000000e+001 3.20000000e+001 1.01700000e+003 1.01300000e+003 5.00000000e+000 1.00000000e+000 2.90000000e+001 0.00000000e+000 0.00000000e+000 1.00000000e+000 0.00000000e+000
 1.00000000e+000 2.10000000e+001 7.00000000e+000 8.00000000e+000 1.00000000e+000 1.00000000e+002 2.80000000e+001 1.01500000e+003 1.01200000e+003 5.00000000e+000 1.00000000e+000 2.60000000e+001 0.00000000e+000 0.00000000e+000 0.00000000e+000 1.00000000e+000
 1.00000000e+000 2.50000000e+001 8.00000000e+000 1.20000000e+001 3.00000000e+000 8.70000000e+001 2.50000000e+001 1.01200000e+003 1.00500000e+003 5.00000000e+000 1.00000000e+000 1.90000000e+001 0.00000000e+000 0.00000000e+000 1.00000000e+000 0.00000000e+000
 1.00000000e+000 2.00000000e+001 9.00000000e+000 1.20000000e+001 8.00000000e+000 9.40000000e+001 5.60000000e+001 1.01100000e+003 1.00600000e+003 4.00000000e+000 1.00000000e+000 1.90000000e+001 0.00000000e+000 0.00000000e+000 0.00000000e+000 1.00000000e+000
 1.00000000e+000 2.10000000e+001 9.00000000e+000 1.30000000e+001 0.00000000e+000 1.00000000e+002 2.50000000e+001 1.01500000e+003 1.01100000e+003 6.00000000e+000 0.00000000e+000 1.90000000e+001 0.00000000e+000 0.00000000e+000 1.00000000e+000 0.00000000e+000
 1.00000000e+000 2.00000000e+001 8.00000000e+000 8.00000000e+000 -1.00000000e+000 8.70000000e+001 3.00000000e+001 1.01900000e+003 1.01400000e+003 4.00000000e+000 1.00000000e+000 2.60000000e+001 0.00000000e+000 0.00000000e+000 1.00000000e+000 0.00000000e+000
 1.00000000e+000 2.10000000e+001 7.00000000e+000 7.00000000e+000 1.00000000e+000 8.70000000e+001 2.80000000e+001 1.01900000e+003 1.01600000e+003 6.00000000e+000 1.00000000e+000 3.70000000e+001 0.00000000e+000 0.00000000e+000 0.00000000e+000 1.00000000e+000
 1.00000000e+000 2.30000000e+001 8.00000000e+000 8.00000000e+000 -1.00000000e+000 8.70000000e+001 2.00000000e+001 1.01700000e+003 1.01300000e+003 7.00000000e+000 1.00000000e+000 3.20000000e+001 0.00000000e+000 0.00000000e+000 0.00000000e+000 1.00000000e+000
 1.00000000e+000 2.30000000e+001 1.00000000e+001 1.20000000e+001 6.00000000e+000 8.20000000e+001 3.50000000e+001 1.01500000e+003 1.01000000e+003 4.00000000e+000 1.00000000e+000 2.30000000e+001 0.00000000e+000 0.00000000e+000 0.00000000e+000 1.00000000e+000
 1.00000000e+000 2.20000000e+001 1.10000000e+001 1.10000000e+001 6.00000000e+000 1.00000000e+002 3.50000000e+001 1.01300000e+003 1.00900000e+003 5.00000000e+000 0.00000000e+000 2.40000000e+001 0.00000000e+000 0.00000000e+000 0.00000000e+000 1.00000000e+000
 1.00000000e+000 2.20000000e+001 1.30000000e+001 1.00000000e+001 -1.00000000e+000 7.70000000e+001 2.20000000e+001 1.01400000e+003 1.00900000e+003 6.00000000e+000 1.00000000e+000 2.70000000e+001 0.00000000e+000 0.00000000e+000 1.00000000e+000 0.00000000e+000
 1.00000000e+000 2.20000000e+001 9.00000000e+000 6.00000000e+000 -2.00000000e+000 8.20000000e+001 2.00000000e+001 1.01400000e+003 1.01100000e+003 7.00000000e+000 1.00000000e+000 3.20000000e+001 0.00000000e+000 0.00000000e+000 0.00000000e+000 1.00000000e+000
 1.00000000e+000 2.30000000e+001 1.00000000e+001 9.00000000e+000 3.00000000e+000 7.60000000e+001 2.70000000e+001 1.01500000e+003 1.01100000e+003 6.00000000e+000 1.00000000e+000 1.40000000e+001 0.00000000e+000 0.00000000e+000 0.00000000e+000 1.00000000e+000
 1.00000000e+000 2.30000000e+001 1.00000000e+001 7.00000000e+000 0.00000000e+000 7.60000000e+001 2.20000000e+001 1.01900000e+003 1.01400000e+003 5.00000000e+000 1.00000000e+000 1.60000000e+001 0.00000000e+000 0.00000000e+000 0.00000000e+000 1.00000000e+000
 1.00000000e+000 2.10000000e+001 9.00000000e+000 8.00000000e+000 1.00000000e+000 7.60000000e+001 2.70000000e+001 1.02000000e+003 1.01600000e+003 5.00000000e+000 1.00000000e+000 2.30000000e+001 0.00000000e+000 0.00000000e+000 0.00000000e+000 1.00000000e+000
 1.00000000e+000 2.30000000e+001 1.00000000e+001 8.00000000e+000 4.00000000e+000 8.70000000e+001 2.90000000e+001 1.02000000e+003 1.01600000e+003 5.00000000e+000 1.00000000e+000 1.90000000e+001 0.00000000e+000 0.00000000e+000 0.00000000e+000 1.00000000e+000
 1.00000000e+000 2.40000000e+001 1.00000000e+001 7.00000000e+000 1.00000000e+000 7.60000000e+001 2.20000000e+001 1.01800000e+003 1.01600000e+003 4.00000000e+000 1.00000000e+000 1.60000000e+001 0.00000000e+000 0.00000000e+000 1.00000000e+000 0.00000000e+000
 1.00000000e+000 2.50000000e+001 1.10000000e+001 9.00000000e+000 3.00000000e+000 7.70000000e+001 2.40000000e+001 1.01700000e+003 1.01300000e+003 5.00000000e+000 1.00000000e+000 3.40000000e+001 0.00000000e+000 0.00000000e+000 0.00000000e+000 1.00000000e+000
 1.00000000e+000 2.90000000e+001 1.30000000e+001 1.30000000e+001 5.00000000e+000 7.70000000e+001 2.50000000e+001 1.01600000e+003 1.01100000e+003 6.00000000e+000 1.00000000e+000 2.30000000e+001 0.00000000e+000 0.00000000e+000 0.00000000e+000 1.00000000e+000
 1.00000000e+000 2.50000000e+001 1.70000000e+001 1.50000000e+001 1.20000000e+001 8.20000000e+001 4.70000000e+001 1.01500000e+003 1.01100000e+003 3.00000000e+000 1.00000000e+000 2.90000000e+001 0.00000000e+000 0.00000000e+000 0.00000000e+000 1.00000000e+000
 1.00000000e+000 2.50000000e+001 1.50000000e+001 1.50000000e+001 1.30000000e+001 8.80000000e+001 5.00000000e+001 1.01600000e+003 1.01300000e+003 3.00000000e+000 1.00000000e+000 2.30000000e+001 0.00000000e+000 0.00000000e+000 0.00000000e+000 1.00000000e+000
 1.00000000e+000 2.50000000e+001 2.00000000e+001 8.00000000e+000 4.00000000e+000 4.60000000e+001 2.60000000e+001 1.01600000e+003 1.01400000e+003 5.00000000e+000 2.00000000e+000 1.90000000e+001 0.00000000e+000 0.00000000e+000 0.00000000e+000 1.00000000e+000
 1.00000000e+000 2.60000000e+001 1.10000000e+001 1.10000000e+001 4.00000000e+000 8.20000000e+001 2.40000000e+001 1.01800000e+003 1.01400000e+003 6.00000000e+000 1.00000000e+000 2.90000000e+001 0.00000000e+000 0.00000000e+000 0.00000000e+000 1.00000000e+000
 1.00000000e+000 3.20000000e+001 1.50000000e+001 1.60000000e+001 7.00000000e+000 7.70000000e+001 2.20000000e+001 1.01600000e+003 1.01000000e+003 6.00000000e+000 1.00000000e+000 1.40000000e+001 0.00000000e+000 0.00000000e+000 0.00000000e+000 1.00000000e+000
 1.00000000e+000 2.80000000e+001 1.70000000e+001 1.40000000e+001 4.00000000e+000 7.30000000e+001 2.10000000e+001 1.01800000e+003 1.01100000e+003 7.00000000e+000 2.00000000e+000 2.70000000e+001 0.00000000e+000 0.00000000e+000 0.00000000e+000 1.00000000e+000
 1.00000000e+000 2.30000000e+001 9.00000000e+000 9.00000000e+000 4.00000000e+000 8.80000000e+001 3.10000000e+001 1.02000000e+003 1.01600000e+003 6.00000000e+000 1.00000000e+000 1.90000000e+001 0.00000000e+000 0.00000000e+000 0.00000000e+000 1.00000000e+000
 1.00000000e+000 2.40000000e+001 1.00000000e+001 9.00000000e+000 5.00000000e+000 9.40000000e+001 3.10000000e+001 1.01800000e+003 1.01400000e+003 6.00000000e+000 1.00000000e+000 2.10000000e+001 0.00000000e+000 0.00000000e+000 1.00000000e+000 0.00000000e+000
 1.00000000e+000 2.60000000e+001 1.10000000e+001 1.00000000e+001 5.00000000e+000 8.80000000e+001 2.80000000e+001 1.01900000e+003 1.01400000e+003 5.00000000e+000 1.00000000e+000 1.10000000e+001 0.00000000e+000 0.00000000e+000 0.00000000e+000 1.00000000e+000
 1.00000000e+000 2.90000000e+001 1.50000000e+001 2.70000000e+001 6.00000000e+000 9.40000000e+001 2.30000000e+001 1.01900000e+003 1.01500000e+003 6.00000000e+000 1.00000000e+000 1.40000000e+001 0.00000000e+000 0.00000000e+000 1.00000000e+000 0.00000000e+000
 1.00000000e+000 2.70000000e+001 1.60000000e+001 1.50000000e+001 9.00000000e+000 8.20000000e+001 3.60000000e+001 1.01900000e+003 1.01300000e+003 3.00000000e+000 1.00000000e+000 1.30000000e+001 0.00000000e+000 0.00000000e+000 0.00000000e+000 1.00000000e+000
 1.00000000e+000 2.90000000e+001 1.60000000e+001 1.60000000e+001 1.00000000e+001 9.40000000e+001 3.20000000e+001 1.01700000e+003 1.01400000e+003 6.00000000e+000 1.00000000e+000 2.30000000e+001 0.00000000e+000 0.00000000e+000 0.00000000e+000 1.00000000e+000
 1.00000000e+000 2.80000000e+001 1.60000000e+001 1.80000000e+001 1.20000000e+001 9.40000000e+001 3.70000000e+001 1.01600000e+003 1.01200000e+003 5.00000000e+000 0.00000000e+000 2.60000000e+001 0.00000000e+000 0.00000000e+000 1.00000000e+000 0.00000000e+000
 1.00000000e+000 2.80000000e+001 1.50000000e+001 1.70000000e+001 1.10000000e+001 1.00000000e+002 3.70000000e+001 1.01700000e+003 1.01300000e+003 6.00000000e+000 0.00000000e+000 1.90000000e+001 0.00000000e+000 0.00000000e+000 1.00000000e+000 0.00000000e+000
 1.00000000e+000 3.00000000e+001 1.50000000e+001 1.60000000e+001 1.00000000e+001 1.00000000e+002 2.90000000e+001 1.01700000e+003 1.01200000e+003 5.00000000e+000 0.00000000e+000 1.30000000e+001 0.00000000e+000 0.00000000e+000 1.00000000e+000 0.00000000e+000
 1.00000000e+000 2.90000000e+001 1.50000000e+001 1.60000000e+001 6.00000000e+000 1.00000000e+002 2.30000000e+001 1.01500000e+003 1.01100000e+003 6.00000000e+000 0.00000000e+000 1.90000000e+001 0.00000000e+000 0.00000000e+000 1.00000000e+000 0.00000000e+000
 1.00000000e+000 2.50000000e+001 1.70000000e+001 1.60000000e+001 1.10000000e+001 8.80000000e+001 4.10000000e+001 1.01300000e+003 1.01000000e+003 5.00000000e+000 1.00000000e+000 1.90000000e+001 0.00000000e+000 0.00000000e+000 1.00000000e+000 0.00000000e+000
 1.00000000e+000 2.60000000e+001 1.80000000e+001 1.70000000e+001 1.00000000e+001 9.40000000e+001 3.60000000e+001 1.01300000e+003 1.01000000e+003 5.00000000e+000 1.00000000e+000 1.90000000e+001 0.00000000e+000 1.00000000e+000 0.00000000e+000 1.00000000e+000
 1.00000000e+000 2.70000000e+001 1.70000000e+001 1.70000000e+001 9.00000000e+000 9.40000000e+001 3.60000000e+001 1.01600000e+003 1.01000000e+003 3.00000000e+000 1.00000000e+000 1.60000000e+001 0.00000000e+000 0.00000000e+000 1.00000000e+000 0.00000000e+000
 1.00000000e+000 2.60000000e+001 2.00000000e+001 1.30000000e+001 8.00000000e+000 6.40000000e+001 3.20000000e+001 1.00900000e+003 1.00700000e+003 7.00000000e+000 1.00000000e+000 1.90000000e+001 0.00000000e+000 0.00000000e+000 0.00000000e+000 0.00000000e+000
 1.00000000e+000 2.60000000e+001 2.00000000e+001 1.30000000e+001 8.00000000e+000 6.40000000e+001 3.20000000e+001 1.00900000e+003 1.00700000e+003 7.00000000e+000 1.00000000e+000 1.90000000e+001 0.00000000e+000 0.00000000e+000 0.00000000e+000 1.00000000e+000
 1.00000000e+000 2.60000000e+001 2.00000000e+001 1.30000000e+001 8.00000000e+000 6.40000000e+001 3.20000000e+001 1.00900000e+003 1.00700000e+003 7.00000000e+000 1.00000000e+000 1.90000000e+001 0.00000000e+000 0.00000000e+000 0.00000000e+000 1.00000000e+000
 1.00000000e+000 2.60000000e+001 2.00000000e+001 1.30000000e+001 8.00000000e+000 6.40000000e+001 3.20000000e+001 1.00900000e+003 1.00700000e+003 7.00000000e+000 1.00000000e+000 1.90000000e+001 0.00000000e+000 0.00000000e+000 0.00000000e+000 1.00000000e+000
 1.00000000e+000 2.60000000e+001 2.00000000e+001 1.30000000e+001 8.00000000e+000 6.40000000e+001 3.20000000e+001 1.00900000e+003 1.00700000e+003 7.00000000e+000 1.00000000e+000 1.90000000e+001 0.00000000e+000 0.00000000e+000 0.00000000e+000 1.00000000e+000
 1.00000000e+000 2.60000000e+001 2.00000000e+001 1.30000000e+001 8.00000000e+000 6.40000000e+001 3.20000000e+001 1.00900000e+003 1.00700000e+003 7.00000000e+000 1.00000000e+000 1.90000000e+001 0.00000000e+000 0.00000000e+000 0.00000000e+000 1.00000000e+000
 1.00000000e+000 2.50000000e+001 1.60000000e+001 1.50000000e+001 1.10000000e+001 8.80000000e+001 4.10000000e+001 1.01400000e+003 1.00700000e+003 6.00000000e+000 1.00000000e+000 3.70000000e+001 0.00000000e+000 0.00000000e+000 0.00000000e+000 1.00000000e+000
 1.00000000e+000 2.50000000e+001 1.30000000e+001 1.50000000e+001 9.00000000e+000 1.00000000e+002 3.60000000e+001 1.01400000e+003 1.01100000e+003 7.00000000e+000 0.00000000e+000 2.90000000e+001 0.00000000e+000 1.00000000e+000 0.00000000e+000 0.00000000e+000
 1.00000000e+000 2.70000000e+001 1.30000000e+001 1.30000000e+001 6.00000000e+000 1.00000000e+002 2.80000000e+001 1.01500000e+003 1.01200000e+003 6.00000000e+000 0.00000000e+000 2.40000000e+001 0.00000000e+000 0.00000000e+000 0.00000000e+000 0.00000000e+000
 1.00000000e+000 2.80000000e+001 1.40000000e+001 1.30000000e+001 5.00000000e+000 8.80000000e+001 2.30000000e+001 1.01400000e+003 1.01100000e+003 7.00000000e+000 1.00000000e+000 3.70000000e+001 0.00000000e+000 0.00000000e+000 1.00000000e+000 0.00000000e+000
 1.00000000e+000 2.90000000e+001 1.50000000e+001 1.30000000e+001 9.00000000e+000 8.80000000e+001 2.90000000e+001 1.01500000e+003 1.01100000e+003 7.00000000e+000 1.00000000e+000 1.90000000e+001 0.00000000e+000 0.00000000e+000 1.00000000e+000 0.00000000e+000
 1.00000000e+000 3.10000000e+001 1.60000000e+001 1.40000000e+001 8.00000000e+000 8.20000000e+001 2.50000000e+001 1.01500000e+003 1.01100000e+003 6.00000000e+000 1.00000000e+000 2.10000000e+001 0.00000000e+000 0.00000000e+000 1.00000000e+000 1.00000000e+000
 1.00000000e+000 2.80000000e+001 2.10000000e+001 1.70000000e+001 9.00000000e+000 7.30000000e+001 3.00000000e+001 1.01300000e+003 1.01100000e+003 6.00000000e+000 2.00000000e+000 3.20000000e+001 0.00000000e+000 0.00000000e+000 0.00000000e+000 1.00000000e+000
 1.00000000e+000 2.40000000e+001 1.70000000e+001 1.90000000e+001 8.00000000e+000 1.00000000e+002 4.60000000e+001 1.01400000e+003 1.00900000e+003 7.00000000e+000 1.00000000e+000 4.70000000e+001 0.00000000e+000 1.00000000e+000 0.00000000e+000 0.00000000e+000
 1.00000000e+000 2.70000000e+001 1.60000000e+001 1.80000000e+001 1.10000000e+001 1.00000000e+002 3.70000000e+001 1.01200000e+003 1.01000000e+003 7.00000000e+000 1.00000000e+000 2.60000000e+001 1.00000000e+000 0.00000000e+000 0.00000000e+000 0.00000000e+000
 1.00000000e+000 2.70000000e+001 1.80000000e+001 1.80000000e+001 1.40000000e+001 8.30000000e+001 4.80000000e+001 1.01300000e+003 1.01000000e+003 7.00000000e+000 1.00000000e+000 1.40000000e+001 0.00000000e+000 0.00000000e+000 1.00000000e+000 0.00000000e+000
 1.00000000e+000 2.80000000e+001 2.00000000e+001 1.80000000e+001 1.10000000e+001 8.30000000e+001 3.90000000e+001 1.01200000e+003 1.00600000e+003 5.00000000e+000 1.00000000e+000 2.30000000e+001 0.00000000e+000 0.00000000e+000 0.00000000e+000 1.00000000e+000
 1.00000000e+000 2.90000000e+001 1.80000000e+001 2.00000000e+001 1.10000000e+001 9.40000000e+001 3.50000000e+001 1.01000000e+003 1.00600000e+003 5.00000000e+000 3.00000000e+000 2.40000000e+001 1.00000000e+000 0.00000000e+000 0.00000000e+000 0.00000000e+000
 1.00000000e+000 2.40000000e+001 1.50000000e+001 2.00000000e+001 1.50000000e+001 1.00000000e+002 6.50000000e+001 1.01300000e+003 1.00700000e+003 5.00000000e+000 2.00000000e+000 1.90000000e+001 1.00000000e+000 0.00000000e+000 0.00000000e+000 0.00000000e+000
 1.00000000e+000 2.60000000e+001 1.50000000e+001 1.70000000e+001 1.00000000e+001 1.00000000e+002 4.70000000e+001 1.01600000e+003 1.01200000e+003 6.00000000e+000 1.00000000e+000 3.40000000e+001 1.00000000e+000 0.00000000e+000 0.00000000e+000 0.00000000e+000
 1.00000000e+000 2.60000000e+001 1.50000000e+001 1.50000000e+001 1.30000000e+001 9.40000000e+001 4.70000000e+001 1.01600000e+003 1.01100000e+003 7.00000000e+000 2.00000000e+000 1.60000000e+001 0.00000000e+000 0.00000000e+000 0.00000000e+000 1.00000000e+000
 1.00000000e+000 2.70000000e+001 1.50000000e+001 1.70000000e+001 9.00000000e+000 1.00000000e+002 3.20000000e+001 1.01600000e+003 1.01100000e+003 6.00000000e+000 1.00000000e+000 2.30000000e+001 1.00000000e+000 0.00000000e+000 0.00000000e+000 0.00000000e+000
 1.00000000e+000 2.90000000e+001 1.60000000e+001 1.80000000e+001 1.30000000e+001 9.40000000e+001 4.20000000e+001 1.01100000e+003 1.00700000e+003 6.00000000e+000 1.00000000e+000 3.20000000e+001 0.00000000e+000 1.00000000e+000 0.00000000e+000 1.00000000e+000
 1.00000000e+000 3.30000000e+001 1.90000000e+001 2.00000000e+001 1.20000000e+001 9.40000000e+001 2.90000000e+001 1.01000000e+003 1.00500000e+003 8.00000000e+000 1.00000000e+000 1.90000000e+001 0.00000000e+000 0.00000000e+000 1.00000000e+000 0.00000000e+000
 1.00000000e+000 2.90000000e+001 1.00000000e+001 2.10000000e+001 1.00000000e+001 1.00000000e+002 4.80000000e+001 1.01100000e+003 1.00600000e+003 6.00000000e+000 2.00000000e+000 4.00000000e+001 0.00000000e+000 0.00000000e+000 0.00000000e+000 1.00000000e+000
 1.00000000e+000 3.10000000e+001 1.90000000e+001 2.00000000e+001 1.30000000e+001 1.00000000e+002 3.30000000e+001 1.01200000e+003 1.00900000e+003 6.00000000e+000 1.00000000e+000 1.40000000e+001 0.00000000e+000 1.00000000e+000 0.00000000e+000 0.00000000e+000
 1.00000000e+000 3.30000000e+001 1.90000000e+001 2.00000000e+001 1.40000000e+001 1.00000000e+002 3.10000000e+001 1.01300000e+003 1.00800000e+003 8.00000000e+000 1.00000000e+000 1.30000000e+001 0.00000000e+000 0.00000000e+000 1.00000000e+000 0.00000000e+000
 1.00000000e+000 3.50000000e+001 2.10000000e+001 2.00000000e+001 1.00000000e+001 7.80000000e+001 2.20000000e+001 1.01100000e+003 1.00600000e+003 8.00000000e+000 1.00000000e+000 1.40000000e+001 0.00000000e+000 0.00000000e+000 1.00000000e+000 0.00000000e+000
 1.00000000e+000 3.40000000e+001 2.30000000e+001 1.90000000e+001 1.30000000e+001 7.80000000e+001 2.80000000e+001 1.01000000e+003 1.00500000e+003 6.00000000e+000 2.00000000e+000 1.40000000e+001 0.00000000e+000 0.00000000e+000 0.00000000e+000 1.00000000e+000
 1.00000000e+000 3.50000000e+001 2.30000000e+001 1.70000000e+001 1.00000000e+000 6.90000000e+001 1.30000000e+001 1.00900000e+003 1.00400000e+003 8.00000000e+000 1.00000000e+000 2.40000000e+001 0.00000000e+000 0.00000000e+000 0.00000000e+000 1.00000000e+000
 1.00000000e+000 3.40000000e+001 2.20000000e+001 1.30000000e+001 5.00000000e+000 5.00000000e+001 2.00000000e+001 1.00900000e+003 1.00400000e+003 3.00000000e+000 1.00000000e+000 2.60000000e+001 0.00000000e+000 0.00000000e+000 0.00000000e+000 1.00000000e+000
 1.00000000e+000 3.10000000e+001 1.90000000e+001 1.60000000e+001 2.00000000e+000 7.80000000e+001 1.60000000e+001 1.01100000e+003 1.00800000e+003 8.00000000e+000 1.00000000e+000 2.60000000e+001 0.00000000e+000 0.00000000e+000 0.00000000e+000 1.00000000e+000
 1.00000000e+000 3.00000000e+001 1.60000000e+001 1.00000000e+001 6.00000000e+000 6.80000000e+001 2.30000000e+001 1.01300000e+003 1.01000000e+003 8.00000000e+000 2.00000000e+000 2.60000000e+001 0.00000000e+000 0.00000000e+000 0.00000000e+000 1.00000000e+000
 1.00000000e+000 3.20000000e+001 1.70000000e+001 1.10000000e+001 4.00000000e+000 6.80000000e+001 1.70000000e+001 1.01400000e+003 1.01100000e+003 5.00000000e+000 2.00000000e+000 1.90000000e+001 0.00000000e+000 0.00000000e+000 0.00000000e+000 1.00000000e+000
 1.00000000e+000 3.30000000e+001 1.80000000e+001 1.30000000e+001 6.00000000e+000 7.30000000e+001 1.80000000e+001 1.01400000e+003 1.01000000e+003 8.00000000e+000 1.00000000e+000 2.60000000e+001 0.00000000e+000 0.00000000e+000 0.00000000e+000 1.00000000e+000
 1.00000000e+000 3.40000000e+001 2.00000000e+001 1.40000000e+001 8.00000000e+000 6.40000000e+001 2.00000000e+001 1.01300000e+003 1.00900000e+003 8.00000000e+000 1.00000000e+000 2.30000000e+001 0.00000000e+000 0.00000000e+000 0.00000000e+000 1.00000000e+000
 1.00000000e+000 3.50000000e+001 2.20000000e+001 2.40000000e+001 8.00000000e+000 9.40000000e+001 1.90000000e+001 1.01100000e+003 1.00700000e+003 8.00000000e+000 3.00000000e+000 2.40000000e+001 0.00000000e+000 0.00000000e+000 0.00000000e+000 1.00000000e+000
 1.00000000e+000 3.50000000e+001 2.20000000e+001 1.50000000e+001 8.00000000e+000 6.00000000e+001 1.90000000e+001 1.01200000e+003 1.00800000e+003 8.00000000e+000 1.00000000e+000 3.70000000e+001 0.00000000e+000 0.00000000e+000 0.00000000e+000 1.00000000e+000
 1.00000000e+000 3.60000000e+001 2.20000000e+001 1.50000000e+001 8.00000000e+000 5.70000000e+001 1.80000000e+001 1.01300000e+003 1.00800000e+003 8.00000000e+000 2.00000000e+000 2.60000000e+001 0.00000000e+000 0.00000000e+000 0.00000000e+000 1.00000000e+000
 1.00000000e+000 3.80000000e+001 2.20000000e+001 1.50000000e+001 1.10000000e+001 6.00000000e+001 2.00000000e+001 1.01100000e+003 1.00600000e+003 8.00000000e+000 1.00000000e+000 3.20000000e+001 0.00000000e+000 0.00000000e+000 0.00000000e+000 1.00000000e+000
 1.00000000e+000 3.70000000e+001 2.50000000e+001 1.30000000e+001 6.00000000e+000 4.40000000e+001 1.50000000e+001 1.00900000e+003 1.00300000e+003 8.00000000e+000 1.00000000e+000 1.30000000e+001 0.00000000e+000 0.00000000e+000 0.00000000e+000 1.00000000e+000
 1.00000000e+000 3.70000000e+001 2.50000000e+001 1.90000000e+001 7.00000000e+000 5.80000000e+001 2.20000000e+001 1.00800000e+003 1.00400000e+003 5.00000000e+000 1.00000000e+000 1.40000000e+001 0.00000000e+000 0.00000000e+000 0.00000000e+000 1.00000000e+000
 1.00000000e+000 3.50000000e+001 2.60000000e+001 2.20000000e+001 1.20000000e+001 6.60000000e+001 3.30000000e+001 1.01100000e+003 1.00700000e+003 4.00000000e+000 3.00000000e+000 2.10000000e+001 0.00000000e+000 0.00000000e+000 0.00000000e+000 1.00000000e+000
 1.00000000e+000 3.60000000e+001 2.40000000e+001 1.90000000e+001 1.00000000e+001 7.30000000e+001 2.00000000e+001 1.01100000e+003 1.00600000e+003 5.00000000e+000 3.00000000e+000 2.90000000e+001 0.00000000e+000 0.00000000e+000 0.00000000e+000 1.00000000e+000
 1.00000000e+000 2.80000000e+001 2.80000000e+001 1.60000000e+001 1.60000000e+001 4.80000000e+001 4.80000000e+001 1.00900000e+003 1.00900000e+003 3.00000000e+000 3.00000000e+000 0.00000000e+000 0.00000000e+000 0.00000000e+000 0.00000000e+000 1.00000000e+000
 1.00000000e+000 2.80000000e+001 2.80000000e+001 1.60000000e+001 1.60000000e+001 4.80000000e+001 4.80000000e+001 1.00900000e+003 1.00900000e+003 3.00000000e+000 3.00000000e+000 0.00000000e+000 0.00000000e+000 0.00000000e+000 0.00000000e+000 1.00000000e+000
 1.00000000e+000 3.20000000e+001 2.20000000e+001 2.20000000e+001 1.70000000e+001 1.00000000e+002 4.00000000e+001 1.00600000e+003 1.00400000e+003 5.00000000e+000 2.00000000e+000 1.40000000e+001 0.00000000e+000 0.00000000e+000 0.00000000e+000 1.00000000e+000
 1.00000000e+000 2.90000000e+001 2.10000000e+001 2.10000000e+001 1.80000000e+001 1.00000000e+002 5.40000000e+001 1.00800000e+003 1.00500000e+003 5.00000000e+000 1.00000000e+000 2.30000000e+001 0.00000000e+000 0.00000000e+000 0.00000000e+000 1.00000000e+000
 1.00000000e+000 3.20000000e+001 2.20000000e+001 2.20000000e+001 1.70000000e+001 1.00000000e+002 4.00000000e+001 1.00600000e+003 1.00400000e+003 5.00000000e+000 2.00000000e+000 1.40000000e+001 0.00000000e+000 0.00000000e+000 1.00000000e+000 0.00000000e+000
 1.00000000e+000 3.20000000e+001 2.20000000e+001 2.20000000e+001 1.70000000e+001 1.00000000e+002 4.00000000e+001 1.00600000e+003 1.00400000e+003 5.00000000e+000 2.00000000e+000 1.40000000e+001 0.00000000e+000 0.00000000e+000 0.00000000e+000 1.00000000e+000
 1.00000000e+000 2.90000000e+001 2.10000000e+001 2.10000000e+001 1.80000000e+001 1.00000000e+002 5.40000000e+001 1.00800000e+003 1.00500000e+003 5.00000000e+000 1.00000000e+000 2.30000000e+001 0.00000000e+000 0.00000000e+000 0.00000000e+000 1.00000000e+000
 1.00000000e+000 3.20000000e+001 2.00000000e+001 2.20000000e+001 1.60000000e+001 1.00000000e+002 4.00000000e+001 1.00900000e+003 1.00400000e+003 8.00000000e+000 1.00000000e+000 2.60000000e+001 0.00000000e+000 0.00000000e+000 1.00000000e+000 0.00000000e+000
 1.00000000e+000 3.50000000e+001 2.30000000e+001 2.20000000e+001 1.60000000e+001 8.30000000e+001 3.20000000e+001 1.00700000e+003 1.00100000e+003 7.00000000e+000 1.00000000e+000 1.00000000e+001 0.00000000e+000 0.00000000e+000 1.00000000e+000 0.00000000e+000
 1.00000000e+000 3.30000000e+001 2.10000000e+001 2.20000000e+001 1.70000000e+001 1.00000000e+002 3.80000000e+001 1.00900000e+003 1.00400000e+003 5.00000000e+000 3.00000000e+000 2.70000000e+001 0.00000000e+000 0.00000000e+000 0.00000000e+000 1.00000000e+000
 1.00000000e+000 3.40000000e+001 2.20000000e+001 2.20000000e+001 7.00000000e+000 9.40000000e+001 1.90000000e+001 1.01100000e+003 1.00700000e+003 8.00000000e+000 3.00000000e+000 2.10000000e+001 0.00000000e+000 0.00000000e+000 0.00000000e+000 0.00000000e+000
 1.00000000e+000 3.50000000e+001 2.10000000e+001 1.10000000e+001 3.00000000e+000 5.30000000e+001 1.40000000e+001 1.00800000e+003 1.00500000e+003 8.00000000e+000 3.00000000e+000 3.70000000e+001 0.00000000e+000 0.00000000e+000 0.00000000e+000 1.00000000e+000
 1.00000000e+000 3.70000000e+001 2.30000000e+001 1.10000000e+001 3.00000000e+000 4.40000000e+001 1.30000000e+001 1.00700000e+003 1.00400000e+003 7.00000000e+000 2.00000000e+000 1.90000000e+001 0.00000000e+000 0.00000000e+000 0.00000000e+000 1.00000000e+000
 1.00000000e+000 3.60000000e+001 2.60000000e+001 1.30000000e+001 8.00000000e+000 4.20000000e+001 2.00000000e+001 1.00700000e+003 1.00400000e+003 7.00000000e+000 2.00000000e+000 1.60000000e+001 0.00000000e+000 0.00000000e+000 0.00000000e+000 1.00000000e+000
 1.00000000e+000 3.60000000e+001 2.50000000e+001 1.30000000e+001 9.00000000e+000 4.70000000e+001 1.90000000e+001 1.00700000e+003 1.00400000e+003 5.00000000e+000 3.00000000e+000 1.90000000e+001 0.00000000e+000 0.00000000e+000 0.00000000e+000 1.00000000e+000
 1.00000000e+000 3.70000000e+001 2.50000000e+001 1.50000000e+001 4.00000000e+000 4.70000000e+001 1.30000000e+001 1.00900000e+003 1.00500000e+003 6.00000000e+000 3.00000000e+000 1.40000000e+001 0.00000000e+000 0.00000000e+000 0.00000000e+000 1.00000000e+000
 1.00000000e+000 3.60000000e+001 2.30000000e+001 1.30000000e+001 3.00000000e+000 4.70000000e+001 1.30000000e+001 1.01000000e+003 1.00300000e+003 6.00000000e+000 2.00000000e+000 2.30000000e+001 0.00000000e+000 0.00000000e+000 0.00000000e+000 1.00000000e+000
 1.00000000e+000 3.60000000e+001 2.30000000e+001 1.30000000e+001 7.00000000e+000 5.30000000e+001 1.70000000e+001 1.00900000e+003 1.00400000e+003 7.00000000e+000 2.00000000e+000 3.70000000e+001 0.00000000e+000 0.00000000e+000 0.00000000e+000 1.00000000e+000
 1.00000000e+000 3.80000000e+001 2.20000000e+001 1.20000000e+001 3.00000000e+000 5.30000000e+001 1.20000000e+001 1.00700000e+003 1.00200000e+003 7.00000000e+000 1.00000000e+000 2.70000000e+001 0.00000000e+000 0.00000000e+000 0.00000000e+000 1.00000000e+000
 1.00000000e+000 4.00000000e+001 2.40000000e+001 1.20000000e+001 5.00000000e+000 4.40000000e+001 1.20000000e+001 1.00500000e+003 1.00000000e+003 6.00000000e+000 1.00000000e+000 2.30000000e+001 0.00000000e+000 0.00000000e+000 0.00000000e+000 1.00000000e+000
 1.00000000e+000 3.80000000e+001 2.50000000e+001 1.40000000e+001 2.00000000e+000 4.70000000e+001 1.30000000e+001 1.00200000e+003 9.99000000e+002 6.00000000e+000 1.00000000e+000 3.20000000e+001 0.00000000e+000 0.00000000e+000 0.00000000e+000 1.00000000e+000
 1.00000000e+000 3.90000000e+001 2.30000000e+001 1.10000000e+001 6.00000000e+000 3.80000000e+001 1.40000000e+001 1.00300000e+003 9.98000000e+002 8.00000000e+000 2.00000000e+000 2.30000000e+001 0.00000000e+000 0.00000000e+000 0.00000000e+000 1.00000000e+000
 1.00000000e+000 4.00000000e+001 2.90000000e+001 1.50000000e+001 7.00000000e+000 4.20000000e+001 1.40000000e+001 1.00400000e+003 1.00000000e+003 6.00000000e+000 2.00000000e+000 4.00000000e+001 0.00000000e+000 0.00000000e+000 0.00000000e+000 1.00000000e+000
 1.00000000e+000 3.90000000e+001 2.60000000e+001 1.70000000e+001 8.00000000e+000 5.10000000e+001 1.50000000e+001 1.00600000e+003 1.00200000e+003 6.00000000e+000 1.00000000e+000 5.50000000e+001 0.00000000e+000 0.00000000e+000 0.00000000e+000 1.00000000e+000
 1.00000000e+000 3.80000000e+001 2.50000000e+001 1.70000000e+001 1.10000000e+001 6.10000000e+001 2.20000000e+001 1.00700000e+003 1.00100000e+003 7.00000000e+000 3.00000000e+000 2.70000000e+001 1.00000000e+000 0.00000000e+000 0.00000000e+000 0.00000000e+000
 1.00000000e+000 3.90000000e+001 2.60000000e+001 1.80000000e+001 1.10000000e+001 5.10000000e+001 2.10000000e+001 1.00600000e+003 1.00100000e+003 5.00000000e+000 3.00000000e+000 2.10000000e+001 0.00000000e+000 0.00000000e+000 0.00000000e+000 1.00000000e+000
 1.00000000e+000 3.90000000e+001 2.70000000e+001 2.00000000e+001 1.50000000e+001 5.20000000e+001 3.10000000e+001 1.00600000e+003 1.00100000e+003 5.00000000e+000 2.00000000e+000 2.30000000e+001 0.00000000e+000 0.00000000e+000 0.00000000e+000 1.00000000e+000
 1.00000000e+000 3.80000000e+001 2.70000000e+001 2.30000000e+001 1.90000000e+001 7.00000000e+001 3.90000000e+001 1.00300000e+003 9.99000000e+002 5.00000000e+000 2.00000000e+000 2.30000000e+001 0.00000000e+000 0.00000000e+000 0.00000000e+000 1.00000000e+000
 1.00000000e+000 3.80000000e+001 2.60000000e+001 2.80000000e+001 1.70000000e+001 1.00000000e+002 3.90000000e+001 1.00600000e+003 9.99000000e+002 5.00000000e+000 3.00000000e+000 3.40000000e+001 0.00000000e+000 0.00000000e+000 0.00000000e+000 1.00000000e+000
 1.00000000e+000 3.80000000e+001 2.40000000e+001 2.60000000e+001 1.80000000e+001 1.00000000e+002 4.40000000e+001 1.00400000e+003 9.99000000e+002 5.00000000e+000 2.00000000e+000 6.10000000e+001 1.00000000e+000 0.00000000e+000 0.00000000e+000 0.00000000e+000
 1.00000000e+000 3.50000000e+001 2.20000000e+001 2.40000000e+001 1.00000000e+001 1.00000000e+002 2.60000000e+001 1.00900000e+003 9.99000000e+002 4.00000000e+000 1.00000000e+000 4.70000000e+001 1.00000000e+000 0.00000000e+000 0.00000000e+000 0.00000000e+000
 1.00000000e+000 3.40000000e+001 2.20000000e+001 2.30000000e+001 1.30000000e+001 8.90000000e+001 3.70000000e+001 1.00600000e+003 1.00000000e+003 5.00000000e+000 2.00000000e+000 4.80000000e+001 1.00000000e+000 0.00000000e+000 0.00000000e+000 0.00000000e+000
 1.00000000e+000 2.90000000e+001 2.00000000e+001 2.20000000e+001 1.80000000e+001 9.40000000e+001 5.50000000e+001 1.00900000e+003 1.00000000e+003 5.00000000e+000 2.00000000e+000 2.90000000e+001 1.00000000e+000 0.00000000e+000 0.00000000e+000 0.00000000e+000
 1.00000000e+000 3.20000000e+001 2.10000000e+001 2.30000000e+001 1.70000000e+001 1.00000000e+002 4.00000000e+001 1.00800000e+003 1.00500000e+003 6.00000000e+000 1.00000000e+000 1.40000000e+001 1.00000000e+000 0.00000000e+000 0.00000000e+000 0.00000000e+000
 1.00000000e+000 3.20000000e+001 2.30000000e+001 2.30000000e+001 1.80000000e+001 1.00000000e+002 4.60000000e+001 1.00800000e+003 1.00400000e+003 7.00000000e+000 1.00000000e+000 3.50000000e+001 0.00000000e+000 0.00000000e+000 1.00000000e+000 0.00000000e+000
 1.00000000e+000 2.30000000e+001 2.30000000e+001 2.20000000e+001 2.20000000e+001 9.40000000e+001 9.40000000e+001 1.00500000e+003 1.00500000e+003 3.00000000e+000 3.00000000e+000 6.00000000e+000 0.00000000e+000 0.00000000e+000 0.00000000e+000 1.00000000e+000
 1.00000000e+000 2.30000000e+001 2.30000000e+001 2.20000000e+001 2.20000000e+001 9.40000000e+001 9.40000000e+001 1.00500000e+003 1.00500000e+003 3.00000000e+000 3.00000000e+000 6.00000000e+000 0.00000000e+000 0.00000000e+000 0.00000000e+000 1.00000000e+000
 1.00000000e+000 3.40000000e+001 2.90000000e+001 1.90000000e+001 1.80000000e+001 5.50000000e+001 3.80000000e+001 1.00600000e+003 1.00400000e+003 8.00000000e+000 4.00000000e+000 2.10000000e+001 0.00000000e+000 0.00000000e+000 0.00000000e+000 1.00000000e+000
 1.00000000e+000 3.70000000e+001 2.60000000e+001 2.80000000e+001 1.70000000e+001 8.30000000e+001 3.00000000e+001 1.00700000e+003 1.00200000e+003 7.00000000e+000 0.00000000e+000 8.40000000e+001 0.00000000e+000 0.00000000e+000 0.00000000e+000 1.00000000e+000
 1.00000000e+000 3.80000000e+001 2.70000000e+001 2.30000000e+001 1.80000000e+001 6.50000000e+001 3.10000000e+001 1.00700000e+003 1.00300000e+003 6.00000000e+000 1.00000000e+000 2.70000000e+001 1.00000000e+000 0.00000000e+000 0.00000000e+000 0.00000000e+000
 1.00000000e+000 3.90000000e+001 2.80000000e+001 2.30000000e+001 1.70000000e+001 6.60000000e+001 2.90000000e+001 1.00800000e+003 1.00200000e+003 6.00000000e+000 2.00000000e+000 4.70000000e+001 0.00000000e+000 0.00000000e+000 0.00000000e+000 1.00000000e+000
 1.00000000e+000 3.00000000e+001 3.00000000e+001 2.10000000e+001 2.10000000e+001 5.80000000e+001 5.80000000e+001 1.00400000e+003 1.00400000e+003 3.00000000e+000 3.00000000e+000 1.10000000e+001 0.00000000e+000 0.00000000e+000 0.00000000e+000 1.00000000e+000
 1.00000000e+000 3.60000000e+001 2.90000000e+001 2.20000000e+001 1.90000000e+001 6.60000000e+001 3.70000000e+001 1.00500000e+003 1.00200000e+003 3.00000000e+000 1.00000000e+000 2.30000000e+001 0.00000000e+000 0.00000000e+000 0.00000000e+000 1.00000000e+000
 1.00000000e+000 3.90000000e+001 2.80000000e+001 2.30000000e+001 1.70000000e+001 7.40000000e+001 2.70000000e+001 1.00500000e+003 9.99000000e+002 6.00000000e+000 1.00000000e+000 2.10000000e+001 0.00000000e+000 0.00000000e+000 0.00000000e+000 1.00000000e+000
 1.00000000e+000 3.70000000e+001 2.40000000e+001 2.40000000e+001 1.60000000e+001 1.00000000e+002 4.30000000e+001 1.01100000e+003 1.00100000e+003 5.00000000e+000 2.00000000e+000 1.90000000e+001 0.00000000e+000 0.00000000e+000 0.00000000e+000 1.00000000e+000
 1.00000000e+000 3.70000000e+001 3.20000000e+001 2.30000000e+001 1.90000000e+001 5.20000000e+001 3.70000000e+001 1.00800000e+003 1.00300000e+003 7.00000000e+000 5.00000000e+000 1.30000000e+001 0.00000000e+000 1.00000000e+000 0.00000000e+000 1.00000000e+000
 1.00000000e+000 3.90000000e+001 2.70000000e+001 2.50000000e+001 1.70000000e+001 7.90000000e+001 2.70000000e+001 1.00600000e+003 1.00100000e+003 7.00000000e+000 1.00000000e+000 8.40000000e+001 0.00000000e+000 0.00000000e+000 0.00000000e+000 1.00000000e+000
 1.00000000e+000 4.20000000e+001 2.90000000e+001 2.30000000e+001 1.60000000e+001 6.60000000e+001 2.30000000e+001 1.00500000e+003 9.99000000e+002 7.00000000e+000 1.00000000e+000 2.60000000e+001 0.00000000e+000 0.00000000e+000 0.00000000e+000 1.00000000e+000
 1.00000000e+000 4.30000000e+001 3.10000000e+001 2.40000000e+001 1.70000000e+001 5.90000000e+001 2.20000000e+001 1.00200000e+003 9.98000000e+002 6.00000000e+000 1.00000000e+000 2.60000000e+001 0.00000000e+000 0.00000000e+000 0.00000000e+000 1.00000000e+000
 1.00000000e+000 4.10000000e+001 3.10000000e+001 2.40000000e+001 2.00000000e+001 5.90000000e+001 3.00000000e+001 1.00200000e+003 9.96000000e+002 5.00000000e+000 2.00000000e+000 2.70000000e+001 1.00000000e+000 0.00000000e+000 0.00000000e+000 0.00000000e+000
 1.00000000e+000 4.10000000e+001 2.80000000e+001 2.40000000e+001 2.00000000e+001 7.00000000e+001 3.10000000e+001 1.00100000e+003 9.95000000e+002 7.00000000e+000 3.00000000e+000 1.00000000e+002 0.00000000e+000 0.00000000e+000 0.00000000e+000 0.00000000e+000
 1.00000000e+000 2.90000000e+001 2.20000000e+001 2.40000000e+001 2.10000000e+001 1.00000000e+002 6.20000000e+001 1.00500000e+003 9.99000000e+002 5.00000000e+000 1.00000000e+000 2.60000000e+001 0.00000000e+000 0.00000000e+000 0.00000000e+000 1.00000000e+000
 1.00000000e+000 3.10000000e+001 2.40000000e+001 2.70000000e+001 2.40000000e+001 1.00000000e+002 7.40000000e+001 1.00700000e+003 1.00200000e+003 4.00000000e+000 2.00000000e+000 1.90000000e+001 1.00000000e+000 0.00000000e+000 0.00000000e+000 0.00000000e+000
 1.00000000e+000 3.60000000e+001 2.70000000e+001 2.90000000e+001 2.40000000e+001 1.00000000e+002 5.60000000e+001 1.00500000e+003 1.00000000e+003 5.00000000e+000 1.00000000e+000 2.10000000e+001 1.00000000e+000 0.00000000e+000 0.00000000e+000 0.00000000e+000
 1.00000000e+000 3.80000000e+001 3.00000000e+001 2.90000000e+001 2.50000000e+001 9.40000000e+001 5.00000000e+001 1.00200000e+003 9.97000000e+002 5.00000000e+000 2.00000000e+000 2.30000000e+001 0.00000000e+000 0.00000000e+000 0.00000000e+000 1.00000000e+000
 1.00000000e+000 3.80000000e+001 2.90000000e+001 2.70000000e+001 2.50000000e+001 8.40000000e+001 5.00000000e+001 1.00000000e+003 9.95000000e+002 5.00000000e+000 2.00000000e+000 2.60000000e+001 0.00000000e+000 0.00000000e+000 0.00000000e+000 1.00000000e+000
 1.00000000e+000 3.70000000e+001 2.80000000e+001 2.90000000e+001 2.50000000e+001 8.90000000e+001 5.30000000e+001 9.99000000e+002 9.94000000e+002 6.00000000e+000 2.00000000e+000 1.40000000e+001 0.00000000e+000 1.00000000e+000 0.00000000e+000 0.00000000e+000
 1.00000000e+000 3.90000000e+001 2.90000000e+001 2.90000000e+001 2.50000000e+001 1.00000000e+002 4.70000000e+001 9.97000000e+002 9.92000000e+002 6.00000000e+000 2.00000000e+000 1.30000000e+001 0.00000000e+000 0.00000000e+000 0.00000000e+000 1.00000000e+000
 1.00000000e+000 3.50000000e+001 2.70000000e+001 2.90000000e+001 2.60000000e+001 1.00000000e+002 6.30000000e+001 9.97000000e+002 9.94000000e+002 5.00000000e+000 3.00000000e+000 1.60000000e+001 0.00000000e+000 0.00000000e+000 0.00000000e+000 1.00000000e+000
 1.00000000e+000 3.60000000e+001 2.60000000e+001 2.90000000e+001 2.40000000e+001 1.00000000e+002 6.70000000e+001 9.97000000e+002 9.93000000e+002 5.00000000e+000 3.00000000e+000 1.03000000e+002 1.00000000e+000 0.00000000e+000 0.00000000e+000 0.00000000e+000
 1.00000000e+000 3.40000000e+001 2.70000000e+001 2.90000000e+001 2.50000000e+001 1.00000000e+002 6.70000000e+001 9.95000000e+002 9.91000000e+002 4.00000000e+000 2.00000000e+000 1.00000000e+001 1.00000000e+000 0.00000000e+000 0.00000000e+000 0.00000000e+000
 1.00000000e+000 3.60000000e+001 2.70000000e+001 2.90000000e+001 2.50000000e+001 1.00000000e+002 5.30000000e+001 9.97000000e+002 9.91000000e+002 5.00000000e+000 3.00000000e+000 2.70000000e+001 0.00000000e+000 0.00000000e+000 0.00000000e+000 1.00000000e+000
 1.00000000e+000 3.50000000e+001 2.70000000e+001 2.80000000e+001 2.50000000e+001 1.00000000e+002 6.30000000e+001 9.97000000e+002 9.94000000e+002 5.00000000e+000 3.00000000e+000 2.30000000e+001 0.00000000e+000 1.00000000e+000 0.00000000e+000 0.00000000e+000
 1.00000000e+000 3.70000000e+001 2.80000000e+001 2.90000000e+001 2.40000000e+001 9.40000000e+001 4.70000000e+001 9.99000000e+002 9.95000000e+002 6.00000000e+000 4.00000000e+000 1.40000000e+001 0.00000000e+000 0.00000000e+000 0.00000000e+000 1.00000000e+000
 1.00000000e+000 3.90000000e+001 2.90000000e+001 2.60000000e+001 2.20000000e+001 8.40000000e+001 3.90000000e+001 9.99000000e+002 9.94000000e+002 7.00000000e+000 4.00000000e+000 2.60000000e+001 0.00000000e+000 0.00000000e+000 0.00000000e+000 1.00000000e+000
 1.00000000e+000 4.10000000e+001 3.00000000e+001 2.50000000e+001 2.10000000e+001 7.40000000e+001 3.10000000e+001 9.99000000e+002 9.95000000e+002 7.00000000e+000 4.00000000e+000 2.30000000e+001 0.00000000e+000 0.00000000e+000 0.00000000e+000 1.00000000e+000
 1.00000000e+000 4.00000000e+001 2.90000000e+001 2.90000000e+001 2.10000000e+001 7.90000000e+001 3.30000000e+001 9.99000000e+002 9.94000000e+002 5.00000000e+000 2.00000000e+000 2.30000000e+001 0.00000000e+000 0.00000000e+000 0.00000000e+000 1.00000000e+000
 1.00000000e+000 4.00000000e+001 3.00000000e+001 2.90000000e+001 2.30000000e+001 9.40000000e+001 3.80000000e+001 9.99000000e+002 9.95000000e+002 6.00000000e+000 3.00000000e+000 2.90000000e+001 0.00000000e+000 0.00000000e+000 0.00000000e+000 1.00000000e+000
 1.00000000e+000 3.80000000e+001 2.90000000e+001 3.00000000e+001 2.30000000e+001 9.40000000e+001 4.70000000e+001 9.99000000e+002 9.94000000e+002 8.00000000e+000 3.00000000e+000 2.60000000e+001 0.00000000e+000 0.00000000e+000 0.00000000e+000 1.00000000e+000
 1.00000000e+000 3.80000000e+001 2.90000000e+001 2.90000000e+001 2.70000000e+001 1.00000000e+002 5.30000000e+001 9.98000000e+002 9.95000000e+002 5.00000000e+000 3.00000000e+000 2.30000000e+001 0.00000000e+000 0.00000000e+000 0.00000000e+000 1.00000000e+000
 1.00000000e+000 3.70000000e+001 2.80000000e+001 2.90000000e+001 2.40000000e+001 9.40000000e+001 5.60000000e+001 1.00000000e+003 9.96000000e+002 5.00000000e+000 3.00000000e+000 1.90000000e+001 0.00000000e+000 0.00000000e+000 0.00000000e+000 1.00000000e+000
 1.00000000e+000 3.90000000e+001 2.70000000e+001 2.90000000e+001 2.50000000e+001 1.00000000e+002 4.50000000e+001 9.98000000e+002 9.93000000e+002 8.00000000e+000 3.00000000e+000 2.60000000e+001 0.00000000e+000 0.00000000e+000 0.00000000e+000 1.00000000e+000
 1.00000000e+000 3.70000000e+001 2.60000000e+001 2.80000000e+001 2.60000000e+001 1.00000000e+002 5.60000000e+001 9.96000000e+002 9.92000000e+002 6.00000000e+000 3.00000000e+000 2.90000000e+001 0.00000000e+000 1.00000000e+000 0.00000000e+000 0.00000000e+000
 1.00000000e+000 3.50000000e+001 2.60000000e+001 3.10000000e+001 2.50000000e+001 1.00000000e+002 5.90000000e+001 9.98000000e+002 9.94000000e+002 6.00000000e+000 1.00000000e+000 1.90000000e+001 1.00000000e+000 0.00000000e+000 0.00000000e+000 0.00000000e+000
 1.00000000e+000 3.60000000e+001 2.90000000e+001 3.00000000e+001 2.50000000e+001 1.00000000e+002 5.90000000e+001 9.99000000e+002 9.96000000e+002 5.00000000e+000 2.00000000e+000 2.70000000e+001 0.00000000e+000 1.00000000e+000 0.00000000e+000 0.00000000e+000
 1.00000000e+000 3.70000000e+001 2.80000000e+001 2.90000000e+001 2.70000000e+001 1.00000000e+002 5.60000000e+001 1.00000000e+003 9.97000000e+002 5.00000000e+000 3.00000000e+000 2.30000000e+001 0.00000000e+000 1.00000000e+000 0.00000000e+000 0.00000000e+000
 1.00000000e+000 3.40000000e+001 2.70000000e+001 3.10000000e+001 2.70000000e+001 1.00000000e+002 7.10000000e+001 1.00200000e+003 9.99000000e+002 4.00000000e+000 3.00000000e+000 2.30000000e+001 0.00000000e+000 0.00000000e+000 0.00000000e+000 1.00000000e+000
 1.00000000e+000 3.20000000e+001 2.90000000e+001 3.00000000e+001 2.60000000e+001 1.00000000e+002 7.50000000e+001 1.00100000e+003 9.97000000e+002 4.00000000e+000 3.00000000e+000 1.30000000e+001 0.00000000e+000 1.00000000e+000 0.00000000e+000 0.00000000e+000
 1.00000000e+000 2.90000000e+001 2.70000000e+001 2.90000000e+001 2.60000000e+001 1.00000000e+002 8.40000000e+001 1.00000000e+003 9.96000000e+002 3.00000000e+000 2.00000000e+000 1.40000000e+001 0.00000000e+000 1.00000000e+000 0.00000000e+000 0.00000000e+000
 1.00000000e+000 3.70000000e+001 2.80000000e+001 2.90000000e+001 2.00000000e+001 1.00000000e+002 4.60000000e+001 1.00000000e+003 9.97000000e+002 6.00000000e+000 2.00000000e+000 1.10000000e+001 0.00000000e+000 1.00000000e+000 0.00000000e+000 0.00000000e+000
 1.00000000e+000 3.70000000e+001 3.00000000e+001 3.20000000e+001 2.70000000e+001 1.00000000e+002 5.60000000e+001 1.00200000e+003 9.99000000e+002 6.00000000e+000 2.00000000e+000 1.60000000e+001 0.00000000e+000 0.00000000e+000 0.00000000e+000 1.00000000e+000
 1.00000000e+000 3.50000000e+001 2.90000000e+001 3.10000000e+001 2.80000000e+001 1.00000000e+002 6.70000000e+001 1.00500000e+003 1.00000000e+003 4.00000000e+000 3.00000000e+000 1.30000000e+001 0.00000000e+000 0.00000000e+000 0.00000000e+000 1.00000000e+000
 1.00000000e+000 3.10000000e+001 2.70000000e+001 3.00000000e+001 2.70000000e+001 1.00000000e+002 8.40000000e+001 1.00400000e+003 1.00000000e+003 3.00000000e+000 2.00000000e+000 2.10000000e+001 0.00000000e+000 0.00000000e+000 0.00000000e+000 1.00000000e+000
 1.00000000e+000 3.30000000e+001 2.70000000e+001 2.80000000e+001 2.70000000e+001 1.00000000e+002 7.10000000e+001 1.00600000e+003 1.00100000e+003 3.00000000e+000 1.00000000e+000 1.10000000e+001 0.00000000e+000 1.00000000e+000 0.00000000e+000 0.00000000e+000
 1.00000000e+000 3.30000000e+001 2.70000000e+001 2.70000000e+001 2.50000000e+001 1.00000000e+002 7.10000000e+001 1.00600000e+003 1.00200000e+003 5.00000000e+000 3.00000000e+000 1.40000000e+001 0.00000000e+000 1.00000000e+000 0.00000000e+000 0.00000000e+000
 1.00000000e+000 3.50000000e+001 2.70000000e+001 2.80000000e+001 2.50000000e+001 1.00000000e+002 5.60000000e+001 1.00500000e+003 1.00000000e+003 7.00000000e+000 2.00000000e+000 1.30000000e+001 0.00000000e+000 1.00000000e+000 0.00000000e+000 0.00000000e+000
 1.00000000e+000 3.40000000e+001 2.70000000e+001 2.90000000e+001 2.70000000e+001 1.00000000e+002 7.10000000e+001 1.00400000e+003 1.00000000e+003 4.00000000e+000 1.00000000e+000 1.40000000e+001 0.00000000e+000 0.00000000e+000 0.00000000e+000 1.00000000e+000
 1.00000000e+000 3.30000000e+001 2.70000000e+001 3.00000000e+001 2.70000000e+001 1.00000000e+002 7.90000000e+001 1.00300000e+003 9.99000000e+002 4.00000000e+000 2.00000000e+000 1.30000000e+001 0.00000000e+000 1.00000000e+000 0.00000000e+000 0.00000000e+000
 1.00000000e+000 3.60000000e+001 2.80000000e+001 2.90000000e+001 2.70000000e+001 1.00000000e+002 6.30000000e+001 1.00200000e+003 9.98000000e+002 5.00000000e+000 2.00000000e+000 2.10000000e+001 0.00000000e+000 0.00000000e+000 0.00000000e+000 1.00000000e+000
 1.00000000e+000 3.50000000e+001 2.60000000e+001 2.90000000e+001 2.60000000e+001 1.00000000e+002 6.30000000e+001 1.00200000e+003 9.98000000e+002 6.00000000e+000 2.00000000e+000 1.90000000e+001 0.00000000e+000 0.00000000e+000 0.00000000e+000 1.00000000e+000
 1.00000000e+000 3.50000000e+001 2.80000000e+001 2.80000000e+001 2.60000000e+001 1.00000000e+002 6.30000000e+001 1.00200000e+003 9.98000000e+002 5.00000000e+000 3.00000000e+000 1.90000000e+001 0.00000000e+000 0.00000000e+000 0.00000000e+000 1.00000000e+000
 1.00000000e+000 3.50000000e+001 2.70000000e+001 3.00000000e+001 2.60000000e+001 1.00000000e+002 5.90000000e+001 1.00000000e+003 9.96000000e+002 5.00000000e+000 2.00000000e+000 2.60000000e+001 0.00000000e+000 0.00000000e+000 0.00000000e+000 1.00000000e+000
 1.00000000e+000 3.20000000e+001 2.60000000e+001 2.90000000e+001 2.60000000e+001 1.00000000e+002 7.50000000e+001 9.99000000e+002 9.96000000e+002 4.00000000e+000 2.00000000e+000 1.40000000e+001 0.00000000e+000 1.00000000e+000 0.00000000e+000 0.00000000e+000
 1.00000000e+000 3.40000000e+001 2.80000000e+001 2.90000000e+001 2.50000000e+001 1.00000000e+002 6.30000000e+001 9.98000000e+002 9.95000000e+002 3.00000000e+000 2.00000000e+000 1.40000000e+001 0.00000000e+000 0.00000000e+000 0.00000000e+000 1.00000000e+000
 1.00000000e+000 3.10000000e+001 2.60000000e+001 2.90000000e+001 2.60000000e+001 1.00000000e+002 8.40000000e+001 9.98000000e+002 9.94000000e+002 3.00000000e+000 1.00000000e+000 1.10000000e+001 0.00000000e+000 1.00000000e+000 0.00000000e+000 1.00000000e+000
 1.00000000e+000 2.80000000e+001 2.50000000e+001 2.80000000e+001 2.50000000e+001 1.00000000e+002 1.00000000e+002 9.97000000e+002 9.91000000e+002 2.00000000e+000 1.00000000e+000 2.60000000e+001 1.00000000e+000 0.00000000e+000 0.00000000e+000 0.00000000e+000
 1.00000000e+000 3.20000000e+001 2.50000000e+001 2.80000000e+001 2.30000000e+001 1.00000000e+002 7.50000000e+001 1.00000000e+003 9.97000000e+002 5.00000000e+000 2.00000000e+000 1.90000000e+001 0.00000000e+000 1.00000000e+000 0.00000000e+000 0.00000000e+000
 1.00000000e+000 3.40000000e+001 2.70000000e+001 2.70000000e+001 2.40000000e+001 9.40000000e+001 6.30000000e+001 9.99000000e+002 9.96000000e+002 5.00000000e+000 3.00000000e+000 3.40000000e+001 0.00000000e+000 0.00000000e+000 0.00000000e+000 1.00000000e+000
 1.00000000e+000 3.50000000e+001 2.60000000e+001 2.80000000e+001 2.30000000e+001 8.90000000e+001 5.90000000e+001 1.00000000e+003 9.97000000e+002 5.00000000e+000 3.00000000e+000 2.30000000e+001 0.00000000e+000 0.00000000e+000 0.00000000e+000 1.00000000e+000
 1.00000000e+000 3.50000000e+001 3.40000000e+001 2.70000000e+001 2.60000000e+001 6.30000000e+001 5.90000000e+001 9.99000000e+002 9.98000000e+002 5.00000000e+000 5.00000000e+000 1.40000000e+001 0.00000000e+000 0.00000000e+000 0.00000000e+000 1.00000000e+000
 1.00000000e+000 3.20000000e+001 2.80000000e+001 2.90000000e+001 2.50000000e+001 9.40000000e+001 6.60000000e+001 1.00200000e+003 9.99000000e+002 5.00000000e+000 3.00000000e+000 3.70000000e+001 0.00000000e+000 0.00000000e+000 0.00000000e+000 1.00000000e+000
 1.00000000e+000 3.20000000e+001 2.60000000e+001 2.70000000e+001 2.50000000e+001 9.40000000e+001 6.60000000e+001 1.00600000e+003 1.00200000e+003 4.00000000e+000 3.00000000e+000 2.30000000e+001 0.00000000e+000 0.00000000e+000 0.00000000e+000 1.00000000e+000
 1.00000000e+000 3.20000000e+001 2.70000000e+001 2.70000000e+001 2.50000000e+001 9.40000000e+001 7.00000000e+001 1.00800000e+003 1.00400000e+003 5.00000000e+000 4.00000000e+000 1.90000000e+001 0.00000000e+000 0.00000000e+000 0.00000000e+000 1.00000000e+000
 1.00000000e+000 3.40000000e+001 2.70000000e+001 2.70000000e+001 2.30000000e+001 9.40000000e+001 5.90000000e+001 1.00600000e+003 1.00200000e+003 5.00000000e+000 3.00000000e+000 2.70000000e+001 0.00000000e+000 0.00000000e+000 0.00000000e+000 1.00000000e+000
 1.00000000e+000 3.50000000e+001 2.80000000e+001 2.80000000e+001 2.30000000e+001 9.40000000e+001 5.60000000e+001 1.00500000e+003 1.00200000e+003 5.00000000e+000 3.00000000e+000 2.60000000e+001 0.00000000e+000 0.00000000e+000 0.00000000e+000 1.00000000e+000
 1.00000000e+000 3.30000000e+001 2.70000000e+001 2.70000000e+001 2.50000000e+001 1.00000000e+002 6.30000000e+001 1.00500000e+003 1.00200000e+003 5.00000000e+000 2.00000000e+000 1.90000000e+001 0.00000000e+000 0.00000000e+000 0.00000000e+000 1.00000000e+000
 1.00000000e+000 3.30000000e+001 2.60000000e+001 2.80000000e+001 2.50000000e+001 1.00000000e+002 6.60000000e+001 1.00400000e+003 1.00100000e+003 5.00000000e+000 1.00000000e+000 1.40000000e+001 1.00000000e+000 0.00000000e+000 0.00000000e+000 0.00000000e+000
 1.00000000e+000 3.40000000e+001 2.50000000e+001 2.60000000e+001 2.40000000e+001 1.00000000e+002 5.90000000e+001 1.00600000e+003 1.00200000e+003 5.00000000e+000 1.00000000e+000 1.90000000e+001 1.00000000e+000 0.00000000e+000 0.00000000e+000 0.00000000e+000
 1.00000000e+000 3.50000000e+001 2.60000000e+001 2.70000000e+001 2.50000000e+001 1.00000000e+002 5.60000000e+001 1.00700000e+003 1.00400000e+003 6.00000000e+000 4.00000000e+000 1.90000000e+001 0.00000000e+000 0.00000000e+000 0.00000000e+000 0.00000000e+000
 1.00000000e+000 3.50000000e+001 2.60000000e+001 2.70000000e+001 2.40000000e+001 9.40000000e+001 5.60000000e+001 1.00600000e+003 1.00300000e+003 7.00000000e+000 4.00000000e+000 2.90000000e+001 0.00000000e+000 1.00000000e+000 0.00000000e+000 0.00000000e+000
 1.00000000e+000 3.50000000e+001 2.70000000e+001 2.70000000e+001 2.50000000e+001 8.90000000e+001 5.90000000e+001 1.00400000e+003 1.00000000e+003 5.00000000e+000 3.00000000e+000 2.70000000e+001 0.00000000e+000 0.00000000e+000 0.00000000e+000 1.00000000e+000
 1.00000000e+000 3.60000000e+001 2.70000000e+001 2.80000000e+001 2.40000000e+001 9.40000000e+001 5.00000000e+001 1.00400000e+003 1.00100000e+003 5.00000000e+000 3.00000000e+000 2.30000000e+001 0.00000000e+000 0.00000000e+000 0.00000000e+000 1.00000000e+000
 1.00000000e+000 3.20000000e+001 2.70000000e+001 2.90000000e+001 2.60000000e+001 1.00000000e+002 7.50000000e+001 1.00400000e+003 1.00100000e+003 3.00000000e+000 1.00000000e+000 1.60000000e+001 0.00000000e+000 1.00000000e+000 0.00000000e+000 0.00000000e+000
 1.00000000e+000 3.60000000e+001 2.80000000e+001 2.80000000e+001 2.60000000e+001 1.00000000e+002 5.90000000e+001 1.00500000e+003 1.00200000e+003 5.00000000e+000 1.00000000e+000 1.40000000e+001 0.00000000e+000 1.00000000e+000 0.00000000e+000 0.00000000e+000
 1.00000000e+000 3.60000000e+001 2.90000000e+001 2.80000000e+001 2.50000000e+001 8.90000000e+001 5.60000000e+001 1.00700000e+003 1.00200000e+003 7.00000000e+000 3.00000000e+000 1.60000000e+001 0.00000000e+000 0.00000000e+000 0.00000000e+000 1.00000000e+000
 1.00000000e+000 3.50000000e+001 2.80000000e+001 2.80000000e+001 2.40000000e+001 9.40000000e+001 5.30000000e+001 1.00600000e+003 1.00200000e+003 6.00000000e+000 3.00000000e+000 2.30000000e+001 0.00000000e+000 0.00000000e+000 0.00000000e+000 1.00000000e+000
 1.00000000e+000 3.40000000e+001 2.80000000e+001 2.70000000e+001 2.40000000e+001 9.40000000e+001 5.90000000e+001 1.00500000e+003 1.00000000e+003 6.00000000e+000 3.00000000e+000 2.10000000e+001 0.00000000e+000 0.00000000e+000 0.00000000e+000 1.00000000e+000
 1.00000000e+000 3.30000000e+001 2.60000000e+001 2.80000000e+001 2.50000000e+001 1.00000000e+002 6.60000000e+001 1.00300000e+003 9.99000000e+002 5.00000000e+000 1.00000000e+000 2.40000000e+001 0.00000000e+000 0.00000000e+000 0.00000000e+000 1.00000000e+000
 1.00000000e+000 3.10000000e+001 2.50000000e+001 2.80000000e+001 2.50000000e+001 1.00000000e+002 7.50000000e+001 1.00100000e+003 9.97000000e+002 3.00000000e+000 2.00000000e+000 3.50000000e+001 1.00000000e+000 1.00000000e+000 0.00000000e+000 0.00000000e+000
 1.00000000e+000 3.10000000e+001 2.60000000e+001 2.80000000e+001 2.60000000e+001 1.00000000e+002 7.90000000e+001 1.00000000e+003 9.97000000e+002 4.00000000e+000 1.00000000e+000 4.00000000e+001 0.00000000e+000 1.00000000e+000 0.00000000e+000 0.00000000e+000
 1.00000000e+000 2.80000000e+001 2.60000000e+001 2.80000000e+001 2.60000000e+001 1.00000000e+002 9.40000000e+001 1.00500000e+003 1.00000000e+003 4.00000000e+000 1.00000000e+000 2.30000000e+001 0.00000000e+000 1.00000000e+000 0.00000000e+000 0.00000000e+000
 1.00000000e+000 3.30000000e+001 2.70000000e+001 2.80000000e+001 2.60000000e+001 1.00000000e+002 6.60000000e+001 1.00400000e+003 1.00000000e+003 4.00000000e+000 1.00000000e+000 1.40000000e+001 0.00000000e+000 1.00000000e+000 0.00000000e+000 0.00000000e+000
 1.00000000e+000 3.20000000e+001 2.50000000e+001 2.80000000e+001 2.50000000e+001 1.00000000e+002 7.00000000e+001 1.00400000e+003 1.00100000e+003 4.00000000e+000 1.00000000e+000 1.90000000e+001 0.00000000e+000 0.00000000e+000 1.00000000e+000 0.00000000e+000
 1.00000000e+000 3.30000000e+001 2.70000000e+001 2.80000000e+001 2.50000000e+001 1.00000000e+002 6.30000000e+001 1.00500000e+003 1.00200000e+003 5.00000000e+000 1.00000000e+000 1.30000000e+001 0.00000000e+000 1.00000000e+000 0.00000000e+000 0.00000000e+000
 1.00000000e+000 3.50000000e+001 2.60000000e+001 2.80000000e+001 2.10000000e+001 1.00000000e+002 5.30000000e+001 1.00600000e+003 1.00200000e+003 5.00000000e+000 1.00000000e+000 2.10000000e+001 0.00000000e+000 0.00000000e+000 0.00000000e+000 1.00000000e+000
 1.00000000e+000 3.40000000e+001 2.70000000e+001 2.80000000e+001 2.40000000e+001 1.00000000e+002 5.90000000e+001 1.00600000e+003 1.00200000e+003 6.00000000e+000 1.00000000e+000 2.40000000e+001 0.00000000e+000 0.00000000e+000 0.00000000e+000 1.00000000e+000
 1.00000000e+000 2.90000000e+001 2.70000000e+001 2.70000000e+001 2.40000000e+001 9.40000000e+001 7.90000000e+001 1.00500000e+003 1.00200000e+003 4.00000000e+000 3.00000000e+000 1.00000000e+001 0.00000000e+000 0.00000000e+000 0.00000000e+000 1.00000000e+000
 1.00000000e+000 3.20000000e+001 2.60000000e+001 2.90000000e+001 2.30000000e+001 1.00000000e+002 6.60000000e+001 1.00600000e+003 1.00300000e+003 6.00000000e+000 3.00000000e+000 1.60000000e+001 0.00000000e+000 0.00000000e+000 0.00000000e+000 1.00000000e+000
 1.00000000e+000 3.50000000e+001 2.70000000e+001 2.80000000e+001 2.40000000e+001 1.00000000e+002 5.30000000e+001 1.00700000e+003 1.00300000e+003 6.00000000e+000 3.00000000e+000 1.90000000e+001 0.00000000e+000 1.00000000e+000 0.00000000e+000 0.00000000e+000
 1.00000000e+000 3.60000000e+001 2.70000000e+001 2.90000000e+001 2.30000000e+001 8.40000000e+001 4.90000000e+001 1.00700000e+003 1.00400000e+003 6.00000000e+000 2.00000000e+000 1.60000000e+001 0.00000000e+000 0.00000000e+000 0.00000000e+000 1.00000000e+000
 1.00000000e+000 3.70000000e+001 2.80000000e+001 2.70000000e+001 2.20000000e+001 8.40000000e+001 4.70000000e+001 1.00800000e+003 1.00400000e+003 6.00000000e+000 2.00000000e+000 1.60000000e+001 0.00000000e+000 0.00000000e+000 0.00000000e+000 1.00000000e+000
 1.00000000e+000 3.50000000e+001 2.80000000e+001 2.80000000e+001 2.10000000e+001 9.40000000e+001 4.90000000e+001 1.01000000e+003 1.00600000e+003 5.00000000e+000 3.00000000e+000 1.10000000e+001 0.00000000e+000 0.00000000e+000 0.00000000e+000 1.00000000e+000
 1.00000000e+000 3.00000000e+001 2.60000000e+001 2.70000000e+001 2.60000000e+001 1.00000000e+002 7.90000000e+001 1.01000000e+003 1.00700000e+003 4.00000000e+000 2.00000000e+000 8.00000000e+000 0.00000000e+000 0.00000000e+000 0.00000000e+000 1.00000000e+000
 1.00000000e+000 3.20000000e+001 2.60000000e+001 2.70000000e+001 5.00000000e+000 1.00000000e+002 1.80000000e+001 1.00900000e+003 1.00600000e+003 8.00000000e+000 2.00000000e+000 1.90000000e+001 0.00000000e+000 1.00000000e+000 0.00000000e+000 0.00000000e+000
 1.00000000e+000 3.10000000e+001 2.60000000e+001 2.60000000e+001 2.50000000e+001 9.40000000e+001 7.00000000e+001 1.00900000e+003 1.00500000e+003 6.00000000e+000 4.00000000e+000 1.59000000e+002 0.00000000e+000 1.00000000e+000 0.00000000e+000 0.00000000e+000
 1.00000000e+000 2.90000000e+001 2.70000000e+001 2.80000000e+001 2.60000000e+001 1.00000000e+002 8.90000000e+001 1.00800000e+003 1.00400000e+003 3.00000000e+000 1.00000000e+000 1.30000000e+001 0.00000000e+000 0.00000000e+000 0.00000000e+000 1.00000000e+000
 1.00000000e+000 3.00000000e+001 2.60000000e+001 2.70000000e+001 2.50000000e+001 1.00000000e+002 8.40000000e+001 1.00700000e+003 1.00400000e+003 6.00000000e+000 1.00000000e+000 1.00000000e+001 1.00000000e+000 0.00000000e+000 0.00000000e+000 0.00000000e+000
 1.00000000e+000 3.20000000e+001 2.50000000e+001 2.80000000e+001 2.50000000e+001 1.00000000e+002 7.00000000e+001 1.00900000e+003 1.00600000e+003 6.00000000e+000 1.00000000e+000 8.00000000e+000 0.00000000e+000 1.00000000e+000 0.00000000e+000 0.00000000e+000
 1.00000000e+000 3.60000000e+001 2.70000000e+001 2.70000000e+001 2.50000000e+001 1.00000000e+002 5.30000000e+001 1.00900000e+003 1.00500000e+003 5.00000000e+000 2.00000000e+000 1.90000000e+001 0.00000000e+000 0.00000000e+000 0.00000000e+000 1.00000000e+000
 1.00000000e+000 3.50000000e+001 2.50000000e+001 2.70000000e+001 2.40000000e+001 1.00000000e+002 5.60000000e+001 1.00900000e+003 1.00400000e+003 7.00000000e+000 2.00000000e+000 1.90000000e+001 0.00000000e+000 1.00000000e+000 0.00000000e+000 0.00000000e+000
 1.00000000e+000 3.10000000e+001 2.60000000e+001 2.70000000e+001 2.40000000e+001 9.40000000e+001 7.00000000e+001 1.00900000e+003 1.00600000e+003 7.00000000e+000 3.00000000e+000 1.90000000e+001 0.00000000e+000 1.00000000e+000 0.00000000e+000 0.00000000e+000
 1.00000000e+000 3.50000000e+001 2.70000000e+001 2.70000000e+001 2.40000000e+001 9.40000000e+001 5.60000000e+001 1.01000000e+003 1.00700000e+003 8.00000000e+000 3.00000000e+000 1.30000000e+001 0.00000000e+000 0.00000000e+000 0.00000000e+000 1.00000000e+000
 1.00000000e+000 3.70000000e+001 2.70000000e+001 2.60000000e+001 2.20000000e+001 8.40000000e+001 4.40000000e+001 1.01100000e+003 1.00600000e+003 8.00000000e+000 2.00000000e+000 1.40000000e+001 0.00000000e+000 0.00000000e+000 0.00000000e+000 1.00000000e+000
 1.00000000e+000 3.60000000e+001 2.70000000e+001 2.50000000e+001 2.10000000e+001 8.90000000e+001 4.10000000e+001 1.01700000e+003 1.00500000e+003 6.00000000e+000 2.00000000e+000 2.60000000e+001 0.00000000e+000 0.00000000e+000 0.00000000e+000 1.00000000e+000
 1.00000000e+000 3.70000000e+001 2.70000000e+001 2.60000000e+001 2.20000000e+001 8.40000000e+001 4.20000000e+001 1.01100000e+003 1.00600000e+003 8.00000000e+000 2.00000000e+000 1.90000000e+001 0.00000000e+000 0.00000000e+000 0.00000000e+000 1.00000000e+000
 1.00000000e+000 3.60000000e+001 2.60000000e+001 2.60000000e+001 2.00000000e+001 8.90000000e+001 3.90000000e+001 1.01000000e+003 1.00600000e+003 8.00000000e+000 2.00000000e+000 2.10000000e+001 0.00000000e+000 0.00000000e+000 0.00000000e+000 1.00000000e+000
 1.00000000e+000 3.50000000e+001 2.50000000e+001 2.50000000e+001 2.20000000e+001 8.90000000e+001 4.90000000e+001 1.01100000e+003 1.00600000e+003 6.00000000e+000 2.00000000e+000 1.00000000e+001 0.00000000e+000 0.00000000e+000 0.00000000e+000 1.00000000e+000
 1.00000000e+000 3.60000000e+001 2.60000000e+001 2.50000000e+001 2.00000000e+001 8.40000000e+001 3.90000000e+001 1.01000000e+003 1.00600000e+003 6.00000000e+000 2.00000000e+000 2.30000000e+001 0.00000000e+000 0.00000000e+000 0.00000000e+000 1.00000000e+000
 1.00000000e+000 3.80000000e+001 2.60000000e+001 2.30000000e+001 1.30000000e+001 7.90000000e+001 2.40000000e+001 1.00900000e+003 1.00500000e+003 8.00000000e+000 2.00000000e+000 2.70000000e+001 0.00000000e+000 0.00000000e+000 0.00000000e+000 1.00000000e+000
 1.00000000e+000 3.80000000e+001 2.60000000e+001 2.30000000e+001 1.50000000e+001 7.80000000e+001 2.50000000e+001 1.00800000e+003 1.00400000e+003 6.00000000e+000 2.00000000e+000 2.60000000e+001 0.00000000e+000 0.00000000e+000 0.00000000e+000 1.00000000e+000
 1.00000000e+000 3.80000000e+001 2.60000000e+001 2.10000000e+001 1.40000000e+001 6.60000000e+001 2.40000000e+001 1.00700000e+003 1.00300000e+003 5.00000000e+000 2.00000000e+000 1.90000000e+001 0.00000000e+000 0.00000000e+000 0.00000000e+000 1.00000000e+000
 1.00000000e+000 3.70000000e+001 2.50000000e+001 2.10000000e+001 1.70000000e+001 7.00000000e+001 3.00000000e+001 1.00600000e+003 1.00300000e+003 7.00000000e+000 3.00000000e+000 2.70000000e+001 0.00000000e+000 0.00000000e+000 0.00000000e+000 1.00000000e+000
 1.00000000e+000 3.60000000e+001 2.50000000e+001 2.00000000e+001 1.70000000e+001 7.40000000e+001 3.20000000e+001 1.00900000e+003 1.00500000e+003 8.00000000e+000 3.00000000e+000 1.90000000e+001 0.00000000e+000 0.00000000e+000 0.00000000e+000 1.00000000e+000
 1.00000000e+000 3.90000000e+001 2.40000000e+001 2.00000000e+001 1.50000000e+001 7.40000000e+001 3.30000000e+001 1.01200000e+003 1.00800000e+003 6.00000000e+000 2.00000000e+000 2.60000000e+001 0.00000000e+000 0.00000000e+000 0.00000000e+000 1.00000000e+000
 1.00000000e+000 2.70000000e+001 2.20000000e+001 2.00000000e+001 1.50000000e+001 7.80000000e+001 4.80000000e+001 1.01300000e+003 1.01000000e+003 5.00000000e+000 2.00000000e+000 2.70000000e+001 0.00000000e+000 0.00000000e+000 0.00000000e+000 1.00000000e+000
 1.00000000e+000 3.20000000e+001 2.20000000e+001 2.00000000e+001 1.70000000e+001 8.80000000e+001 4.30000000e+001 1.01400000e+003 1.00300000e+003 6.00000000e+000 2.00000000e+000 1.00000000e+001 0.00000000e+000 0.00000000e+000 0.00000000e+000 0.00000000e+000
 1.00000000e+000 3.00000000e+001 2.20000000e+001 2.10000000e+001 1.80000000e+001 9.40000000e+001 5.10000000e+001 1.01400000e+003 1.01200000e+003 6.00000000e+000 3.00000000e+000 3.40000000e+001 0.00000000e+000 1.00000000e+000 0.00000000e+000 0.00000000e+000
 1.00000000e+000 3.10000000e+001 2.10000000e+001 2.20000000e+001 1.90000000e+001 9.40000000e+001 5.10000000e+001 1.01600000e+003 1.01300000e+003 4.00000000e+000 2.00000000e+000 1.10000000e+001 1.00000000e+000 0.00000000e+000 0.00000000e+000 0.00000000e+000
 1.00000000e+000 2.90000000e+001 2.20000000e+001 2.20000000e+001 1.70000000e+001 1.00000000e+002 5.10000000e+001 1.01600000e+003 1.01300000e+003 5.00000000e+000 2.00000000e+000 1.40000000e+001 0.00000000e+000 0.00000000e+000 0.00000000e+000 1.00000000e+000
 1.00000000e+000 2.90000000e+001 2.10000000e+001 2.30000000e+001 1.90000000e+001 1.00000000e+002 5.50000000e+001 1.01400000e+003 1.01000000e+003 4.00000000e+000 1.00000000e+000 1.90000000e+001 0.00000000e+000 1.00000000e+000 0.00000000e+000 0.00000000e+000
 1.00000000e+000 3.20000000e+001 2.10000000e+001 2.10000000e+001 1.70000000e+001 9.40000000e+001 4.30000000e+001 1.01400000e+003 1.01100000e+003 5.00000000e+000 3.00000000e+000 2.30000000e+001 1.00000000e+000 0.00000000e+000 0.00000000e+000 0.00000000e+000
 1.00000000e+000 2.80000000e+001 2.10000000e+001 2.10000000e+001 1.90000000e+001 1.00000000e+002 5.80000000e+001 1.01600000e+003 1.01200000e+003 4.00000000e+000 1.00000000e+000 4.00000000e+001 0.00000000e+000 0.00000000e+000 0.00000000e+000 1.00000000e+000
 1.00000000e+000 3.00000000e+001 2.10000000e+001 2.10000000e+001 9.00000000e+000 1.00000000e+002 3.00000000e+001 1.01700000e+003 1.01200000e+003 3.00000000e+000 1.00000000e+000 1.30000000e+001 0.00000000e+000 0.00000000e+000 0.00000000e+000 1.00000000e+000
 1.00000000e+000 3.20000000e+001 2.10000000e+001 2.10000000e+001 1.50000000e+001 8.80000000e+001 3.60000000e+001 1.01700000e+003 1.01300000e+003 5.00000000e+000 1.00000000e+000 1.40000000e+001 0.00000000e+000 0.00000000e+000 1.00000000e+000 0.00000000e+000
 1.00000000e+000 3.00000000e+001 2.10000000e+001 2.20000000e+001 1.80000000e+001 9.40000000e+001 4.80000000e+001 1.01600000e+003 1.01300000e+003 6.00000000e+000 1.00000000e+000 2.30000000e+001 0.00000000e+000 0.00000000e+000 0.00000000e+000 1.00000000e+000
 1.00000000e+000 3.10000000e+001 2.10000000e+001 2.10000000e+001 1.70000000e+001 1.00000000e+002 4.60000000e+001 1.01600000e+003 1.00200000e+003 5.00000000e+000 0.00000000e+000 1.90000000e+001 0.00000000e+000 0.00000000e+000 1.00000000e+000 0.00000000e+000
 1.00000000e+000 3.30000000e+001 2.20000000e+001 2.10000000e+001 1.60000000e+001 7.80000000e+001 3.80000000e+001 1.01700000e+003 1.01300000e+003 5.00000000e+000 1.00000000e+000 1.40000000e+001 0.00000000e+000 0.00000000e+000 1.00000000e+000 0.00000000e+000
 1.00000000e+000 3.10000000e+001 2.10000000e+001 2.10000000e+001 1.50000000e+001 1.00000000e+002 3.80000000e+001 1.01600000e+003 1.01200000e+003 2.00000000e+000 1.00000000e+000 1.30000000e+001 0.00000000e+000 0.00000000e+000 0.00000000e+000 1.00000000e+000
 1.00000000e+000 3.20000000e+001 2.10000000e+001 2.10000000e+001 1.10000000e+001 9.40000000e+001 2.90000000e+001 1.01600000e+003 1.01200000e+003 3.00000000e+000 1.00000000e+000 1.90000000e+001 0.00000000e+000 0.00000000e+000 1.00000000e+000 0.00000000e+000
 1.00000000e+000 3.10000000e+001 2.00000000e+001 2.00000000e+001 1.50000000e+001 9.40000000e+001 3.80000000e+001 1.01600000e+003 1.01200000e+003 2.00000000e+000 1.00000000e+000 1.10000000e+001 0.00000000e+000 0.00000000e+000 1.00000000e+000 0.00000000e+000
 1.00000000e+000 3.20000000e+001 2.10000000e+001 1.90000000e+001 1.30000000e+001 8.30000000e+001 3.10000000e+001 1.01700000e+003 1.01300000e+003 3.00000000e+000 1.00000000e+000 1.10000000e+001 0.00000000e+000 0.00000000e+000 0.00000000e+000 1.00000000e+000
 1.00000000e+000 3.30000000e+001 2.00000000e+001 2.00000000e+001 1.40000000e+001 1.00000000e+002 3.10000000e+001 1.02000000e+003 1.01400000e+003 3.00000000e+000 1.00000000e+000 8.20000000e+001 0.00000000e+000 0.00000000e+000 1.00000000e+000 0.00000000e+000
 1.00000000e+000 3.00000000e+001 1.90000000e+001 1.90000000e+001 1.70000000e+001 1.00000000e+002 4.80000000e+001 1.01800000e+003 1.01400000e+003 4.00000000e+000 1.00000000e+000 1.60000000e+001 1.00000000e+000 0.00000000e+000 0.00000000e+000 0.00000000e+000
 1.00000000e+000 3.10000000e+001 1.90000000e+001 2.00000000e+001 1.60000000e+001 1.00000000e+002 4.30000000e+001 1.01500000e+003 1.01300000e+003 3.00000000e+000 1.00000000e+000 5.20000000e+001 0.00000000e+000 0.00000000e+000 0.00000000e+000 1.00000000e+000
 1.00000000e+000 2.70000000e+001 1.80000000e+001 2.00000000e+001 1.70000000e+001 1.00000000e+002 5.80000000e+001 1.01700000e+003 1.01200000e+003 5.00000000e+000 1.00000000e+000 2.30000000e+001 1.00000000e+000 0.00000000e+000 0.00000000e+000 0.00000000e+000
 1.00000000e+000 2.70000000e+001 1.70000000e+001 1.90000000e+001 1.50000000e+001 1.00000000e+002 4.80000000e+001 1.01800000e+003 1.01400000e+003 6.00000000e+000 1.00000000e+000 1.90000000e+001 1.00000000e+000 0.00000000e+000 0.00000000e+000 0.00000000e+000
 1.00000000e+000 2.70000000e+001 1.90000000e+001 1.90000000e+001 1.70000000e+001 9.40000000e+001 5.40000000e+001 1.01700000e+003 1.01300000e+003 6.00000000e+000 1.00000000e+000 1.90000000e+001 0.00000000e+000 0.00000000e+000 1.00000000e+000 0.00000000e+000
 1.00000000e+000 2.50000000e+001 1.90000000e+001 1.70000000e+001 1.40000000e+001 8.30000000e+001 5.00000000e+001 1.01700000e+003 1.01300000e+003 3.00000000e+000 2.00000000e+000 1.40000000e+001 0.00000000e+000 0.00000000e+000 0.00000000e+000 1.00000000e+000
 1.00000000e+000 2.70000000e+001 1.70000000e+001 1.80000000e+001 1.40000000e+001 9.40000000e+001 4.50000000e+001 1.01900000e+003 1.01500000e+003 4.00000000e+000 2.00000000e+000 1.90000000e+001 0.00000000e+000 0.00000000e+000 0.00000000e+000 1.00000000e+000
 1.00000000e+000 2.70000000e+001 1.60000000e+001 1.70000000e+001 1.40000000e+001 1.00000000e+002 4.70000000e+001 1.02100000e+003 1.01700000e+003 4.00000000e+000 1.00000000e+000 1.10000000e+001 0.00000000e+000 0.00000000e+000 0.00000000e+000 1.00000000e+000
 1.00000000e+000 2.60000000e+001 1.70000000e+001 1.90000000e+001 1.50000000e+001 1.00000000e+002 5.40000000e+001 1.01900000e+003 1.01600000e+003 1.00000000e+000 0.00000000e+000 1.10000000e+001 0.00000000e+000 0.00000000e+000 0.00000000e+000 1.00000000e+000
 1.00000000e+000 2.50000000e+001 1.90000000e+001 1.90000000e+001 1.50000000e+001 1.00000000e+002 5.40000000e+001 1.01800000e+003 1.01500000e+003 2.00000000e+000 0.00000000e+000 1.00000000e+001 0.00000000e+000 0.00000000e+000 1.00000000e+000 0.00000000e+000
 1.00000000e+000 2.70000000e+001 1.90000000e+001 1.90000000e+001 4.00000000e+000 9.40000000e+001 2.30000000e+001 1.01800000e+003 1.01300000e+003 4.00000000e+000 1.00000000e+000 1.00000000e+001 0.00000000e+000 0.00000000e+000 1.00000000e+000 0.00000000e+000
 1.00000000e+000 2.40000000e+001 1.70000000e+001 1.80000000e+001 1.70000000e+001 1.00000000e+002 6.50000000e+001 1.01800000e+003 1.01500000e+003 4.00000000e+000 1.00000000e+000 2.30000000e+001 0.00000000e+000 0.00000000e+000 1.00000000e+000 0.00000000e+000
 1.00000000e+000 2.40000000e+001 1.70000000e+001 1.90000000e+001 1.60000000e+001 1.00000000e+002 6.90000000e+001 1.02100000e+003 1.01800000e+003 4.00000000e+000 1.00000000e+000 1.40000000e+001 1.00000000e+000 0.00000000e+000 0.00000000e+000 0.00000000e+000
 1.00000000e+000 2.80000000e+001 1.70000000e+001 1.80000000e+001 1.50000000e+001 1.00000000e+002 4.50000000e+001 1.02000000e+003 1.01700000e+003 3.00000000e+000 1.00000000e+000 0.00000000e+000 0.00000000e+000 0.00000000e+000 1.00000000e+000 0.00000000e+000
 1.00000000e+000 2.60000000e+001 1.70000000e+001 1.80000000e+001 1.20000000e+001 1.00000000e+002 4.20000000e+001 1.02100000e+003 1.01700000e+003 4.00000000e+000 1.00000000e+000 8.00000000e+000 0.00000000e+000 0.00000000e+000 1.00000000e+000 0.00000000e+000
 1.00000000e+000 2.20000000e+001 1.70000000e+001 1.60000000e+001 1.40000000e+001 8.80000000e+001 6.90000000e+001 1.02000000e+003 1.01700000e+003 2.00000000e+000 1.00000000e+000 8.00000000e+000 0.00000000e+000 0.00000000e+000 1.00000000e+000 0.00000000e+000
 1.00000000e+000 2.70000000e+001 1.70000000e+001 1.60000000e+001 1.30000000e+001 8.80000000e+001 4.40000000e+001 1.02100000e+003 1.01700000e+003 2.00000000e+000 1.00000000e+000 3.00000000e+000 0.00000000e+000 0.00000000e+000 0.00000000e+000 1.00000000e+000
 1.00000000e+000 2.70000000e+001 1.70000000e+001 1.70000000e+001 1.40000000e+001 9.40000000e+001 4.70000000e+001 1.02200000e+003 1.01800000e+003 2.00000000e+000 0.00000000e+000 8.00000000e+000 0.00000000e+000 0.00000000e+000 1.00000000e+000 0.00000000e+000
 1.00000000e+000 2.70000000e+001 2.00000000e+001 1.60000000e+001 1.30000000e+001 7.80000000e+001 4.20000000e+001 1.02000000e+003 1.01600000e+003 5.00000000e+000 1.00000000e+000 1.90000000e+001 0.00000000e+000 0.00000000e+000 1.00000000e+000 0.00000000e+000
 1.00000000e+000 2.70000000e+001 2.00000000e+001 1.80000000e+001 1.70000000e+001 8.80000000e+001 5.40000000e+001 1.02000000e+003 1.01600000e+003 1.00000000e+000 1.00000000e+000 8.00000000e+000 0.00000000e+000 0.00000000e+000 0.00000000e+000 1.00000000e+000
 1.00000000e+000 2.70000000e+001 1.70000000e+001 1.70000000e+001 1.50000000e+001 9.40000000e+001 4.80000000e+001 1.02100000e+003 1.01700000e+003 2.00000000e+000 0.00000000e+000 1.00000000e+001 0.00000000e+000 0.00000000e+000 1.00000000e+000 0.00000000e+000
 1.00000000e+000 2.80000000e+001 1.70000000e+001 1.70000000e+001 1.50000000e+001 9.40000000e+001 4.80000000e+001 1.01800000e+003 1.01400000e+003 4.00000000e+000 0.00000000e+000 0.00000000e+000 0.00000000e+000 0.00000000e+000 1.00000000e+000 0.00000000e+000
 1.00000000e+000 2.70000000e+001 1.90000000e+001 1.70000000e+001 1.60000000e+001 8.80000000e+001 5.10000000e+001 1.01500000e+003 1.01100000e+003 3.00000000e+000 1.00000000e+000 1.40000000e+001 0.00000000e+000 0.00000000e+000 1.00000000e+000 0.00000000e+000
 1.00000000e+000 2.50000000e+001 1.70000000e+001 1.80000000e+001 1.50000000e+001 1.00000000e+002 5.70000000e+001 1.01600000e+003 1.01300000e+003 3.00000000e+000 2.00000000e+000 2.30000000e+001 0.00000000e+000 0.00000000e+000 1.00000000e+000 0.00000000e+000
 1.00000000e+000 2.60000000e+001 1.80000000e+001 1.60000000e+001 1.40000000e+001 8.30000000e+001 4.70000000e+001 1.01500000e+003 1.01400000e+003 4.00000000e+000 2.00000000e+000 1.00000000e+001 0.00000000e+000 0.00000000e+000 1.00000000e+000 0.00000000e+000
 1.00000000e+000 2.50000000e+001 1.70000000e+001 1.50000000e+001 9.00000000e+000 8.80000000e+001 3.60000000e+001 1.01500000e+003 1.01300000e+003 5.00000000e+000 1.00000000e+000 1.30000000e+001 0.00000000e+000 0.00000000e+000 0.00000000e+000 1.00000000e+000
 1.00000000e+000 2.50000000e+001 1.30000000e+001 1.20000000e+001 1.00000000e+001 8.80000000e+001 4.10000000e+001 1.01600000e+003 1.01400000e+003 4.00000000e+000 1.00000000e+000 1.00000000e+001 0.00000000e+000 0.00000000e+000 0.00000000e+000 1.00000000e+000
 1.00000000e+000 2.60000000e+001 1.30000000e+001 1.20000000e+001 9.00000000e+000 8.80000000e+001 3.40000000e+001 1.01700000e+003 1.01400000e+003 5.00000000e+000 1.00000000e+000 1.10000000e+001 0.00000000e+000 0.00000000e+000 0.00000000e+000 1.00000000e+000
 1.00000000e+000 2.60000000e+001 1.40000000e+001 1.20000000e+001 8.00000000e+000 8.20000000e+001 3.20000000e+001 1.01600000e+003 1.01400000e+003 4.00000000e+000 0.00000000e+000 1.10000000e+001 0.00000000e+000 0.00000000e+000 0.00000000e+000 1.00000000e+000
 1.00000000e+000 2.50000000e+001 1.30000000e+001 1.30000000e+001 1.00000000e+001 8.80000000e+001 3.90000000e+001 1.01800000e+003 1.01400000e+003 3.00000000e+000 0.00000000e+000 0.00000000e+000 0.00000000e+000 0.00000000e+000 1.00000000e+000 0.00000000e+000
 1.00000000e+000 2.50000000e+001 1.40000000e+001 1.20000000e+001 1.10000000e+001 8.20000000e+001 4.10000000e+001 1.01700000e+003 1.01200000e+003 3.00000000e+000 1.00000000e+000 6.00000000e+000 0.00000000e+000 0.00000000e+000 1.00000000e+000 0.00000000e+000
 1.00000000e+000 2.40000000e+001 1.50000000e+001 1.40000000e+001 1.10000000e+001 8.80000000e+001 4.40000000e+001 1.01600000e+003 1.01300000e+003 3.00000000e+000 1.00000000e+000 1.40000000e+001 0.00000000e+000 0.00000000e+000 1.00000000e+000 0.00000000e+000
 1.00000000e+000 2.60000000e+001 1.40000000e+001 1.40000000e+001 1.10000000e+001 9.40000000e+001 3.90000000e+001 1.01600000e+003 1.01300000e+003 2.00000000e+000 1.00000000e+000 6.00000000e+000 0.00000000e+000 0.00000000e+000 1.00000000e+000 0.00000000e+000
 1.00000000e+000 2.60000000e+001 1.50000000e+001 1.40000000e+001 6.00000000e+000 8.20000000e+001 2.80000000e+001 1.02000000e+003 1.01600000e+003 4.00000000e+000 1.00000000e+000 0.00000000e+000 0.00000000e+000 0.00000000e+000 0.00000000e+000 1.00000000e+000
 1.00000000e+000 2.60000000e+001 1.50000000e+001 1.50000000e+001 4.00000000e+000 8.20000000e+001 2.40000000e+001 1.02100000e+003 1.01800000e+003 5.00000000e+000 0.00000000e+000 1.00000000e+001 0.00000000e+000 0.00000000e+000 0.00000000e+000 1.00000000e+000
 1.00000000e+000 2.50000000e+001 1.70000000e+001 1.30000000e+001 7.00000000e+000 7.30000000e+001 3.20000000e+001 1.02100000e+003 1.01600000e+003 4.00000000e+000 1.00000000e+000 8.00000000e+000 0.00000000e+000 0.00000000e+000 1.00000000e+000 0.00000000e+000
 1.00000000e+000 2.30000000e+001 1.60000000e+001 1.50000000e+001 1.10000000e+001 8.80000000e+001 5.30000000e+001 1.01700000e+003 1.01400000e+003 2.00000000e+000 1.00000000e+000 6.00000000e+000 0.00000000e+000 0.00000000e+000 0.00000000e+000 1.00000000e+000
 1.00000000e+000 2.50000000e+001 1.30000000e+001 1.20000000e+001 8.00000000e+000 8.80000000e+001 3.40000000e+001 1.01400000e+003 1.01100000e+003 4.00000000e+000 0.00000000e+000 8.00000000e+000 0.00000000e+000 0.00000000e+000 0.00000000e+000 1.00000000e+000
 1.00000000e+000 1.90000000e+001 1.70000000e+001 1.80000000e+001 1.30000000e+001 9.40000000e+001 7.30000000e+001 1.01300000e+003 1.01100000e+003 1.00000000e+000 1.00000000e+000 1.10000000e+001 0.00000000e+000 0.00000000e+000 1.00000000e+000 0.00000000e+000
 1.00000000e+000 1.80000000e+001 1.50000000e+001 1.60000000e+001 1.40000000e+001 9.40000000e+001 8.30000000e+001 1.01700000e+003 1.01600000e+003 2.00000000e+000 1.00000000e+000 1.40000000e+001 0.00000000e+000 0.00000000e+000 1.00000000e+000 0.00000000e+000
 1.00000000e+000 1.90000000e+001 1.30000000e+001 1.50000000e+001 1.30000000e+001 1.00000000e+002 7.80000000e+001 1.02000000e+003 1.01800000e+003 3.00000000e+000 0.00000000e+000 1.60000000e+001 0.00000000e+000 0.00000000e+000 0.00000000e+000 1.00000000e+000
 1.00000000e+000 2.10000000e+001 1.00000000e+001 1.30000000e+001 1.00000000e+001 1.00000000e+002 4.90000000e+001 1.01900000e+003 1.01700000e+003 5.00000000e+000 0.00000000e+000 1.10000000e+001 0.00000000e+000 0.00000000e+000 1.00000000e+000 0.00000000e+000
 1.00000000e+000 2.10000000e+001 1.10000000e+001 1.40000000e+001 1.00000000e+001 1.00000000e+002 4.90000000e+001 1.02000000e+003 1.01700000e+003 2.00000000e+000 0.00000000e+000 1.00000000e+001 0.00000000e+000 0.00000000e+000 1.00000000e+000 0.00000000e+000
 1.00000000e+000 2.20000000e+001 1.50000000e+001 1.60000000e+001 1.30000000e+001 1.00000000e+002 6.00000000e+001 1.06500000e+003 1.01500000e+003 1.00000000e+000 0.00000000e+000 6.00000000e+000 0.00000000e+000 0.00000000e+000 1.00000000e+000 0.00000000e+000
 1.00000000e+000 2.00000000e+001 1.10000000e+001 1.40000000e+001 1.10000000e+001 1.00000000e+002 5.60000000e+001 1.02100000e+003 1.01700000e+003 3.00000000e+000 0.00000000e+000 1.30000000e+001 0.00000000e+000 0.00000000e+000 1.00000000e+000 0.00000000e+000
 1.00000000e+000 2.00000000e+001 1.10000000e+001 1.20000000e+001 1.00000000e+001 1.00000000e+002 5.60000000e+001 1.02000000e+003 1.01700000e+003 3.00000000e+000 0.00000000e+000 8.00000000e+000 0.00000000e+000 0.00000000e+000 1.00000000e+000 0.00000000e+000
 1.00000000e+000 2.10000000e+001 1.00000000e+001 1.20000000e+001 9.00000000e+000 1.00000000e+002 4.60000000e+001 1.01900000e+003 1.01600000e+003 3.00000000e+000 0.00000000e+000 1.00000000e+001 0.00000000e+000 0.00000000e+000 1.00000000e+000 0.00000000e+000
 1.00000000e+000 2.10000000e+001 1.20000000e+001 1.30000000e+001 8.00000000e+000 9.40000000e+001 4.30000000e+001 1.01900000e+003 1.01700000e+003 4.00000000e+000 0.00000000e+000 1.10000000e+001 0.00000000e+000 0.00000000e+000 1.00000000e+000 0.00000000e+000
 1.00000000e+000 2.10000000e+001 1.00000000e+001 1.40000000e+001 1.00000000e+001 1.00000000e+002 6.00000000e+001 1.02100000e+003 1.01700000e+003 2.00000000e+000 0.00000000e+000 3.00000000e+000 0.00000000e+000 0.00000000e+000 1.00000000e+000 0.00000000e+000
 1.00000000e+000 2.30000000e+001 1.30000000e+001 1.60000000e+001 1.30000000e+001 1.00000000e+002 6.10000000e+001 1.02200000e+003 1.01800000e+003 3.00000000e+000 0.00000000e+000 8.00000000e+000 0.00000000e+000 0.00000000e+000 1.00000000e+000 0.00000000e+000
 1.00000000e+000 2.20000000e+001 1.50000000e+001 1.60000000e+001 1.30000000e+001 9.40000000e+001 6.90000000e+001 1.01700000e+003 1.01300000e+003 3.00000000e+000 0.00000000e+000 1.10000000e+001 0.00000000e+000 0.00000000e+000 1.00000000e+000 0.00000000e+000
 1.00000000e+000 2.10000000e+001 1.50000000e+001 1.80000000e+001 1.20000000e+001 1.00000000e+002 7.30000000e+001 1.01300000e+003 1.01100000e+003 4.00000000e+000 1.00000000e+000 3.40000000e+001 0.00000000e+000 0.00000000e+000 1.00000000e+000 0.00000000e+000
 1.00000000e+000 1.60000000e+001 1.40000000e+001 1.60000000e+001 1.40000000e+001 1.00000000e+002 9.40000000e+001 1.01100000e+003 1.00900000e+003 2.00000000e+000 1.00000000e+000 1.90000000e+001 0.00000000e+000 1.00000000e+000 0.00000000e+000 0.00000000e+000
 1.00000000e+000 1.60000000e+001 1.30000000e+001 1.50000000e+001 1.30000000e+001 1.00000000e+002 9.40000000e+001 1.01800000e+003 1.01200000e+003 3.00000000e+000 0.00000000e+000 1.00000000e+001 1.00000000e+000 0.00000000e+000 0.00000000e+000 0.00000000e+000
 1.00000000e+000 1.50000000e+001 1.10000000e+001 1.50000000e+001 1.10000000e+001 1.00000000e+002 1.00000000e+002 1.01900000e+003 1.01700000e+003 1.00000000e+000 1.00000000e+000 1.00000000e+001 0.00000000e+000 0.00000000e+000 1.00000000e+000 0.00000000e+000
 1.00000000e+000 1.70000000e+001 1.00000000e+001 1.40000000e+001 1.00000000e+001 1.00000000e+002 8.20000000e+001 1.01900000e+003 1.01600000e+003 1.00000000e+000 1.00000000e+000 1.60000000e+001 0.00000000e+000 0.00000000e+000 1.00000000e+000 0.00000000e+000
 1.00000000e+000 1.70000000e+001 1.30000000e+001 1.40000000e+001 1.30000000e+001 1.00000000e+002 7.70000000e+001 1.01700000e+003 1.01500000e+003 3.00000000e+000 1.00000000e+000 1.40000000e+001 0.00000000e+000 0.00000000e+000 1.00000000e+000 0.00000000e+000
 1.00000000e+000 1.70000000e+001 1.20000000e+001 1.40000000e+001 1.20000000e+001 1.00000000e+002 7.70000000e+001 1.01900000e+003 1.01600000e+003 2.00000000e+000 0.00000000e+000 1.60000000e+001 0.00000000e+000 0.00000000e+000 1.00000000e+000 0.00000000e+000
 1.00000000e+000 1.30000000e+001 1.10000000e+001 1.10000000e+001 1.00000000e+001 9.40000000e+001 8.80000000e+001 1.02000000e+003 1.01800000e+003 2.00000000e+000 1.00000000e+000 1.10000000e+001 0.00000000e+000 0.00000000e+000 1.00000000e+000 0.00000000e+000
 1.00000000e+000 1.30000000e+001 1.00000000e+001 9.00000000e+000 9.00000000e+000 9.40000000e+001 7.70000000e+001 1.02200000e+003 1.02000000e+003 2.00000000e+000 1.00000000e+000 1.00000000e+001 0.00000000e+000 0.00000000e+000 0.00000000e+000 1.00000000e+000
 1.00000000e+000 1.60000000e+001 7.00000000e+000 1.20000000e+001 7.00000000e+000 1.00000000e+002 6.80000000e+001 1.02300000e+003 1.01900000e+003 2.00000000e+000 0.00000000e+000 1.10000000e+001 0.00000000e+000 0.00000000e+000 0.00000000e+000 1.00000000e+000
 1.00000000e+000 1.60000000e+001 1.10000000e+001 1.20000000e+001 1.00000000e+001 1.00000000e+002 7.20000000e+001 1.02000000e+003 1.01800000e+003 2.00000000e+000 0.00000000e+000 8.00000000e+000 0.00000000e+000 0.00000000e+000 1.00000000e+000 0.00000000e+000
 1.00000000e+000 1.10000000e+001 7.00000000e+000 1.00000000e+001 7.00000000e+000 1.00000000e+002 8.80000000e+001 1.02100000e+003 1.01900000e+003 2.00000000e+000 0.00000000e+000 1.00000000e+001 0.00000000e+000 0.00000000e+000 1.00000000e+000 0.00000000e+000
 1.00000000e+000 1.20000000e+001 9.00000000e+000 9.00000000e+000 8.00000000e+000 1.00000000e+002 7.70000000e+001 1.02100000e+003 1.01700000e+003 3.00000000e+000 1.00000000e+000 1.90000000e+001 0.00000000e+000 0.00000000e+000 1.00000000e+000 0.00000000e+000
 1.00000000e+000 1.20000000e+001 1.00000000e+001 9.00000000e+000 8.00000000e+000 9.40000000e+001 8.20000000e+001 1.02000000e+003 1.01700000e+003 2.00000000e+000 1.00000000e+000 1.30000000e+001 0.00000000e+000 0.00000000e+000 0.00000000e+000 1.00000000e+000
 1.00000000e+000 1.20000000e+001 9.00000000e+000 9.00000000e+000 7.00000000e+000 1.00000000e+002 7.60000000e+001 1.02200000e+003 1.01900000e+003 1.00000000e+000 0.00000000e+000 6.00000000e+000 0.00000000e+000 0.00000000e+000 0.00000000e+000 1.00000000e+000
 1.00000000e+000 1.50000000e+001 3.00000000e+000 1.10000000e+001 3.00000000e+000 1.00000000e+002 7.70000000e+001 1.02100000e+003 1.01700000e+003 2.00000000e+000 0.00000000e+000 1.30000000e+001 0.00000000e+000 0.00000000e+000 1.00000000e+000 0.00000000e+000
 1.00000000e+000 1.50000000e+001 9.00000000e+000 1.10000000e+001 9.00000000e+000 1.00000000e+002 7.20000000e+001 1.01900000e+003 1.01600000e+003 2.00000000e+000 1.00000000e+000 1.60000000e+001 0.00000000e+000 0.00000000e+000 1.00000000e+000 0.00000000e+000
 1.00000000e+000 1.50000000e+001 8.00000000e+000 1.00000000e+001 8.00000000e+000 1.00000000e+002 7.20000000e+001 1.02000000e+003 1.01700000e+003 1.00000000e+000 0.00000000e+000 1.10000000e+001 0.00000000e+000 0.00000000e+000 1.00000000e+000 0.00000000e+000
 1.00000000e+000 1.20000000e+001 8.00000000e+000 9.00000000e+000 8.00000000e+000 1.00000000e+002 8.20000000e+001 1.02300000e+003 1.01800000e+003 2.00000000e+000 0.00000000e+000 6.00000000e+000 0.00000000e+000 0.00000000e+000 1.00000000e+000 0.00000000e+000
 1.00000000e+000 1.10000000e+001 6.00000000e+000 1.00000000e+001 6.00000000e+000 1.00000000e+002 9.30000000e+001 1.01900000e+003 1.01700000e+003 1.00000000e+000 0.00000000e+000 1.10000000e+001 0.00000000e+000 0.00000000e+000 1.00000000e+000 0.00000000e+000
 1.00000000e+000 1.50000000e+001 6.00000000e+000 1.00000000e+001 6.00000000e+000 1.00000000e+002 6.70000000e+001 1.02200000e+003 1.01900000e+003 1.00000000e+000 0.00000000e+000 1.00000000e+001 0.00000000e+000 0.00000000e+000 1.00000000e+000 0.00000000e+000
 1.00000000e+000 1.70000000e+001 1.00000000e+001 1.40000000e+001 9.00000000e+000 1.00000000e+002 6.30000000e+001 1.02200000e+003 1.01800000e+003 2.00000000e+000 0.00000000e+000 1.40000000e+001 0.00000000e+000 0.00000000e+000 1.00000000e+000 0.00000000e+000
 1.00000000e+000 1.10000000e+001 1.00000000e+001 1.00000000e+001 9.00000000e+000 1.00000000e+002 9.40000000e+001 1.02300000e+003 1.02000000e+003 3.00000000e+000 1.00000000e+000 1.60000000e+001 0.00000000e+000 1.00000000e+000 0.00000000e+000 0.00000000e+000
 1.00000000e+000 1.60000000e+001 7.00000000e+000 1.00000000e+001 7.00000000e+000 1.00000000e+002 6.30000000e+001 1.02100000e+003 1.02000000e+003 4.00000000e+000 0.00000000e+000 2.10000000e+001 0.00000000e+000 0.00000000e+000 0.00000000e+000 1.00000000e+000
