 1.00000000e+000 1.27903423e+001 9.06771154e+000 8.17671862e+001 1.01694235e+003 4.74800983e-001
 1.00000000e+000 1.24770438e+001 9.03698230e+000 8.32594970e+001 1.01620116e+003 3.43317402e-001
 1.00000000e+000 1.24770438e+001 9.03698230e+000 8.32594970e+001 1.01620116e+003 3.43317402e-001
 1.00000000e+000 1.24770438e+001 9.03698230e+000 8.32594970e+001 1.01620116e+003 3.43317402e-001
 1.00000000e+000 1.07778673e+001 8.66985715e+000 8.58187108e+001 1.01578011e+003 6.16025602e-001
 1.00000000e+000 1.01419167e+001 8.64324271e+000 8.62663908e+001 1.01501433e+003 4.09931267e-001
 1.00000000e+000 9.21686949e+000 8.56334274e+000 8.81314590e+001 1.01454939e+003 1.72611107e-001
 1.00000000e+000 1.24653264e+001 8.88192148e+000 7.82899077e+001 1.01733507e+003 1.33197844e+000
 1.00000000e+000 1.38978184e+001 9.53860338e+000 7.27536941e+001 1.01781726e+003 1.39018089e+000
 1.00000000e+000 1.46691719e+001 9.88247013e+000 7.07270938e+001 1.01755130e+003 1.23022411e+000
 1.00000000e+000 1.60684304e+001 9.38578283e+000 6.54732069e+001 1.01876215e+003 3.63568291e+000
 1.00000000e+000 1.54081644e+001 1.02928306e+001 7.05959930e+001 1.01653600e+003 3.66033137e-001
 1.00000000e+000 1.54081644e+001 1.02928306e+001 7.05959930e+001 1.01653600e+003 3.66033137e-001
 1.00000000e+000 1.49499578e+001 1.01189418e+001 7.15994679e+001 1.01487633e+003 3.15983341e-001
 1.00000000e+000 1.44183111e+001 9.56471621e+000 7.53455359e+001 1.01381706e+003 3.94843294e-001
 1.00000000e+000 1.43232305e+001 9.26693661e+000 7.69020396e+001 1.01413180e+003 7.80406057e-001
 1.00000000e+000 1.49079241e+001 9.37465735e+000 7.69648984e+001 1.01568518e+003 7.13083888e-001
 1.00000000e+000 1.52615448e+001 9.42485930e+000 7.54501711e+001 1.01570938e+003 8.64079114e-001
 1.00000000e+000 1.52562076e+001 9.42149995e+000 7.53787284e+001 1.01473096e+003 8.57239923e-001
 1.00000000e+000 1.49079241e+001 9.37465735e+000 7.69648984e+001 1.01568518e+003 7.13083888e-001
 1.00000000e+000 1.07778673e+001 8.66985715e+000 8.58187108e+001 1.01578011e+003 6.16025602e-001
 1.00000000e+000 1.43232305e+001 9.26693661e+000 7.69020396e+001 1.01413180e+003 7.80406057e-001
 1.00000000e+000 1.01419167e+001 8.64324271e+000 8.62663908e+001 1.01501433e+003 4.09931267e-001
 1.00000000e+000 1.44183111e+001 9.56471621e+000 7.53455359e+001 1.01381706e+003 3.94843294e-001
