 1.00000000e+000 1.50233272e+001 4.00003767e+000 1.20204863e+001 3.98940357e+000 9.99977968e+001 6.70005038e+001 1.01699932e+003 1.01199511e+003 1.01458772e+000 -1.23347364e-002 1.09883835e+001 0.00000000e+000 0.00000000e+000 1.00000000e+000 0.00000000e+000
 1.00000000e+000 9.00488694e+000 5.99867532e+000 8.99916639e+000 5.99961104e+000 1.00001635e+002 9.99952637e+001 1.01798857e+003 1.01398942e+003 1.00040389e+000 9.10021221e-005 1.59990493e+001 0.00000000e+000 0.00000000e+000 1.00000000e+000 0.00000000e+000
 1.00000000e+000 1.00043951e+001 3.99973293e+000 1.00001664e+001 3.99766950e+000 9.99994829e+001 8.69950589e+001 1.01998860e+003 1.01598864e+003 1.99957818e+000 9.50029054e-005 1.29982835e+001 0.00000000e+000 0.00000000e+000 1.00000000e+000 0.00000000e+000
 1.00000000e+000 1.29989458e+001 3.00269579e+000 8.99392518e+000 2.99761536e+000 1.00003566e+002 6.29960445e+001 1.01898219e+003 1.01498707e+003 1.99700394e+000 2.47440880e-003 1.30027410e+001 0.00000000e+000 0.00000000e+000 1.00000000e+000 0.00000000e+000
 1.00000000e+000 1.10175785e+001 1.96109000e+000 9.04628223e+000 1.97808990e+000 9.99389702e+001 7.59960047e+001 1.01698306e+003 1.01399390e+003 2.00526853e+000 -4.89777254e-003 1.30081633e+001 0.00000000e+000 0.00000000e+000 1.00000000e+000 0.00000000e+000
 1.00000000e+000 1.00052069e+001 3.99758423e+000 9.00116470e+000 3.99627441e+000 9.99983871e+001 8.19977893e+001 1.01999324e+003 1.01598728e+003 1.99953809e+000 -2.04633662e-004 1.29963654e+001 0.00000000e+000 0.00000000e+000 1.00000000e+000 0.00000000e+000
 1.00000000e+000 1.10056324e+001 9.99234934e-001 9.01270589e+000 1.00332425e+000 9.99860756e+001 6.70010897e+001 1.02100103e+003 1.01599939e+003 1.99508047e+000 -1.43074678e-003 1.39869600e+001 0.00000000e+000 0.00000000e+000 1.00000000e+000 0.00000000e+000
 1.00000000e+000 1.40071911e+001 2.99788011e+000 6.99534887e+000 1.99404660e+000 1.00006588e+002 4.39957457e+001 1.01898895e+003 1.01599034e+003 3.99822691e+000 1.93409758e-003 1.89970725e+001 0.00000000e+000 0.00000000e+000 1.00000000e+000 0.00000000e+000
 1.00000000e+000 2.00010340e+001 2.00139418e+000 9.99851458e+000 -2.73710382e-003 1.00001170e+002 2.59996829e+001 1.01898875e+003 1.01498854e+003 5.99507379e+000 -3.43144355e-004 2.29977515e+001 0.00000000e+000 0.00000000e+000 1.00000000e+000 0.00000000e+000
 1.00000000e+000 2.00021801e+001 5.00198643e+000 6.99830511e+000 2.99712760e+000 1.00000475e+002 3.29975903e+001 1.01698768e+003 1.01398871e+003 4.00047838e+000 1.00155603e+000 2.59980039e+001 0.00000000e+000 0.00000000e+000 1.00000000e+000 0.00000000e+000
 1.00000000e+000 2.10022481e+001 5.00127441e+000 1.00010243e+001 4.99328536e+000 9.99970642e+001 3.49982066e+001 1.01798854e+003 1.01398729e+003 4.99827803e+000 1.00008617e+000 2.29961501e+001 0.00000000e+000 0.00000000e+000 1.00000000e+000 0.00000000e+000
 1.00000000e+000 2.39969607e+001 7.00258041e+000 1.29985074e+001 6.99928153e+000 1.00000446e+002 3.39978587e+001 1.01798403e+003 1.01298219e+003 2.99864054e+000 9.99606320e-001 1.40004303e+001 0.00000000e+000 0.00000000e+000 1.00000000e+000 0.00000000e+000
 1.00000000e+000 2.10070223e+001 1.09962450e+001 1.60048051e+001 1.09989855e+001 9.99960100e+001 6.40000958e+001 1.01499244e+003 1.01199141e+003 9.99982532e-001 -1.09997165e-003 1.89930504e+001 0.00000000e+000 0.00000000e+000 1.00000000e+000 0.00000000e+000
 1.00000000e+000 1.89913522e+001 9.00696470e+000 1.79867824e+001 8.99851499e+000 1.00009939e+002 8.29946137e+001 1.01697952e+003 1.01298323e+003 9.87228346e-001 -1.30929277e-003 1.30066627e+001 0.00000000e+000 0.00000000e+000 1.00000000e+000 0.00000000e+000
 1.00000000e+000 2.10089998e+001 5.99413647e+000 1.50045309e+001 6.00161583e+000 9.99970285e+001 4.30003411e+001 1.01699901e+003 1.01399061e+003 3.00447129e+000 -2.79853408e-004 1.39923164e+001 0.00000000e+000 0.00000000e+000 1.00000000e+000 0.00000000e+000
 1.00000000e+000 2.29999087e+001 1.10014892e+001 1.69932669e+001 9.99765936e+000 1.00005974e+002 4.59990333e+001 1.01898215e+003 1.01498991e+003 1.99867782e+000 1.26197070e-003 1.60049285e+001 0.00000000e+000 0.00000000e+000 1.00000000e+000 0.00000000e+000
 1.00000000e+000 1.90026105e+001 1.50001482e+001 1.90015270e+001 1.19941608e+001 9.99893658e+001 8.19892117e+001 1.01799435e+003 1.01399257e+003 2.98633475e+000 9.93176231e-001 1.89915953e+001 0.00000000e+000 0.00000000e+000 1.00000000e+000 0.00000000e+000
 1.00000000e+000 1.60066832e+001 1.10035505e+001 1.60024181e+001 1.09920146e+001 1.00004172e+002 9.99942593e+001 1.01899517e+003 1.01099101e+003 5.00212371e+000 1.99320656e+000 2.29978961e+001 0.00000000e+000 1.00000000e+000 0.00000000e+000 0.00000000e+000
 1.00000000e+000 1.80004307e+001 8.00030735e+000 1.49976314e+001 4.99806130e+000 1.00000012e+002 4.49981651e+001 1.02198610e+003 1.01898836e+003 4.99806042e+000 1.09445654e-003 2.29998034e+001 1.00000000e+000 0.00000000e+000 0.00000000e+000 0.00000000e+000
 1.00000000e+000 1.69937472e+001 6.00351185e+000 1.09919387e+001 5.99864076e+000 1.00004064e+002 4.79963566e+001 1.02098196e+003 1.01797881e+003 4.99817795e+000 1.59608437e-003 2.10049687e+001 0.00000000e+000 0.00000000e+000 1.00000000e+000 0.00000000e+000
 1.00000000e+000 1.90011760e+001 4.99616109e+000 1.00030296e+001 2.99830859e+000 9.99948291e+001 3.69986202e+001 1.02298944e+003 1.01898750e+003 5.00283208e+000 9.97569915e-001 1.60025218e+001 0.00000000e+000 0.00000000e+000 1.00000000e+000 0.00000000e+000
 1.00000000e+000 1.79997698e+001 4.99756185e+000 9.99269831e+000 4.00702824e+000 1.00006291e+002 3.99981641e+001 1.02298595e+003 1.01899394e+003 4.99732136e+000 1.00517524e+000 1.29942257e+001 0.00000000e+000 0.00000000e+000 1.00000000e+000 0.00000000e+000
 1.00000000e+000 1.89990320e+001 5.00459600e+000 1.09984067e+001 1.99875790e+000 9.99992130e+001 3.19975834e+001 1.02198748e+003 1.01798919e+003 3.99920838e+000 1.29158979e-003 1.39993170e+001 0.00000000e+000 0.00000000e+000 1.00000000e+000 0.00000000e+000
 1.00000000e+000 1.89990436e+001 6.00122447e+000 1.09980531e+001 4.99635560e+000 1.00000546e+002 3.99985536e+001 1.02198655e+003 1.01798881e+003 2.99809957e+000 -3.67270156e-004 1.60010001e+001 0.00000000e+000 0.00000000e+000 1.00000000e+000 0.00000000e+000
 1.00000000e+000 2.00000206e+001 6.00201173e+000 9.99740297e+000 2.99654261e+000 1.00000855e+002 3.29984962e+001 1.02098659e+003 1.01798804e+003 4.99848311e+000 1.05140781e-003 2.09996691e+001 0.00000000e+000 0.00000000e+000 1.00000000e+000 0.00000000e+000
 1.00000000e+000 2.00024237e+001 5.00017851e+000 1.09999786e+001 3.99708043e+000 9.99989085e+001 3.49983084e+001 1.02099027e+003 1.01799025e+003 3.99947588e+000 1.00086014e+000 2.09974083e+001 0.00000000e+000 0.00000000e+000 1.00000000e+000 0.00000000e+000
 1.00000000e+000 2.10014199e+001 7.00082144e+000 1.09986610e+001 3.99766346e+000 1.00000453e+002 3.49990464e+001 1.01998824e+003 1.01698954e+003 4.00021336e+000 1.00075381e+000 2.09989163e+001 0.00000000e+000 0.00000000e+000 1.00000000e+000 0.00000000e+000
 1.00000000e+000 2.10033656e+001 7.00252160e+000 1.00039556e+001 3.00028544e+000 9.99968528e+001 3.10048850e+001 1.01898651e+003 1.01599015e+003 4.99550691e+000 9.99461184e-001 1.29966784e+001 0.00000000e+000 0.00000000e+000 1.00000000e+000 0.00000000e+000
 1.00000000e+000 2.20018315e+001 7.99903333e+000 1.09991386e+001 4.99850940e+000 9.99997699e+001 3.49986629e+001 1.01698981e+003 1.01499016e+003 2.99895279e+000 9.52270382e-004 1.59990621e+001 0.00000000e+000 0.00000000e+000 1.00000000e+000 0.00000000e+000
 1.00000000e+000 2.29951472e+001 8.00135193e+000 1.39993204e+001 6.00360073e+000 9.99979058e+001 3.30025952e+001 1.01898510e+003 1.01598394e+003 1.99518158e+000 -6.21239986e-004 1.09991761e+001 0.00000000e+000 0.00000000e+000 1.00000000e+000 0.00000000e+000
 1.00000000e+000 2.10023775e+001 9.99967776e+000 1.40000429e+001 8.99693857e+000 9.99986523e+001 4.59980693e+001 1.01999039e+003 1.01598942e+003 2.00023339e+000 5.92028260e-004 1.29979436e+001 0.00000000e+000 0.00000000e+000 1.00000000e+000 0.00000000e+000
 1.00000000e+000 2.20007324e+001 8.00079228e+000 1.59951608e+001 7.99204632e+000 1.00004363e+002 4.99933770e+001 1.02097205e+003 1.01599477e+003 1.99232326e+000 6.35536251e-003 1.10009137e+001 0.00000000e+000 0.00000000e+000 1.00000000e+000 0.00000000e+000
 1.00000000e+000 2.30078700e+001 1.39922447e+001 1.80017840e+001 7.99665472e+000 9.99973732e+001 3.80025259e+001 1.01899295e+003 1.01498789e+003 3.00536635e+000 7.03049228e-004 1.09961223e+001 0.00000000e+000 0.00000000e+000 1.00000000e+000 0.00000000e+000
 1.00000000e+000 2.50023240e+001 9.99441954e+000 1.59941137e+001 5.99141512e+000 1.00004113e+002 2.89987008e+001 1.01698125e+003 1.01297759e+003 3.00118163e+000 3.30483373e-003 1.10042852e+001 0.00000000e+000 0.00000000e+000 1.00000000e+000 0.00000000e+000
 1.00000000e+000 1.90046033e+001 1.59941675e+001 1.70006572e+001 1.19992543e+001 9.39993438e+001 6.79974836e+001 1.01799241e+003 1.01098617e+003 4.00213605e+000 9.99823682e-001 3.39952487e+001 0.00000000e+000 0.00000000e+000 1.00000000e+000 0.00000000e+000
 1.00000000e+000 1.80001944e+001 1.40056691e+001 1.80000027e+001 1.39896916e+001 1.00001731e+002 9.40079844e+001 1.01799755e+003 1.01198898e+003 3.01371193e+000 9.97878583e-001 2.70027333e+001 1.00000000e+000 0.00000000e+000 0.00000000e+000 0.00000000e+000
 1.00000000e+000 2.09966173e+001 1.40048787e+001 1.69947686e+001 4.99652957e+000 1.00001767e+002 3.69978270e+001 1.01998160e+003 1.01698651e+003 5.99577311e+000 1.00129910e+000 2.30003756e+001 1.00000000e+000 0.00000000e+000 0.00000000e+000 0.00000000e+000
 1.00000000e+000 1.90052595e+001 8.99718288e+000 1.29936518e+001 6.98648581e+000 1.00004667e+002 4.59950659e+001 1.02099030e+003 1.01599314e+003 4.99607103e+000 1.00247157e+000 2.29971053e+001 0.00000000e+000 1.00000000e+000 0.00000000e+000 0.00000000e+000
 1.00000000e+000 2.00043315e+001 6.99786823e+000 1.30023646e+001 6.99760730e+000 9.99971978e+001 5.19980942e+001 1.01799358e+003 1.01599016e+003 5.00113609e+000 9.99936299e-001 2.29956296e+001 0.00000000e+000 0.00000000e+000 1.00000000e+000 0.00000000e+000
 1.00000000e+000 2.10017523e+001 7.99245328e+000 1.20125678e+001 7.00245495e+000 9.99851921e+001 3.99975731e+001 1.01901091e+003 1.01499484e+003 4.99816764e+000 9.92945687e-001 1.59882427e+001 0.00000000e+000 0.00000000e+000 1.00000000e+000 0.00000000e+000
 1.00000000e+000 2.20002529e+001 9.00719055e+000 1.40032981e+001 4.00085248e+000 9.99944676e+001 3.09976938e+001 1.01898876e+003 1.01498808e+003 3.99826106e+000 9.31866725e-004 1.09903410e+001 0.00000000e+000 0.00000000e+000 1.00000000e+000 0.00000000e+000
 1.00000000e+000 2.20061226e+001 8.99600773e+000 1.50041738e+001 7.99742597e+000 9.99949092e+001 4.09991175e+001 1.01899565e+003 1.01399005e+003 4.00230223e+000 7.76802634e-004 1.29951992e+001 0.00000000e+000 0.00000000e+000 1.00000000e+000 0.00000000e+000
 1.00000000e+000 2.20013816e+001 9.00027955e+000 1.49991294e+001 6.99706803e+000 9.99990718e+001 3.79976845e+001 1.01998854e+003 1.01298856e+003 3.99924585e+000 9.07807105e-004 1.89979763e+001 0.00000000e+000 0.00000000e+000 1.00000000e+000 0.00000000e+000
 1.00000000e+000 2.40043023e+001 9.99068823e+000 1.60008581e+001 7.99828386e+000 1.00002079e+002 3.60028646e+001 1.01799041e+003 1.01399549e+003 5.00072295e+000 9.98462119e-001 1.39957943e+001 0.00000000e+000 0.00000000e+000 1.00000000e+000 0.00000000e+000
 1.00000000e+000 2.50009848e+001 1.09995987e+001 1.49974016e+001 4.99692487e+000 1.00001175e+002 2.80009330e+001 1.01598916e+003 1.01198706e+003 5.00004693e+000 1.00173557e+000 1.29987401e+001 0.00000000e+000 0.00000000e+000 1.00000000e+000 0.00000000e+000
 1.00000000e+000 2.20000222e+001 1.50012824e+001 1.79979356e+001 7.99738372e+000 9.99998161e+001 4.09981095e+001 1.01398733e+003 1.00898846e+003 3.99907937e+000 1.00088355e+000 3.39978843e+001 0.00000000e+000 0.00000000e+000 1.00000000e+000 0.00000000e+000
 1.00000000e+000 1.70038010e+001 1.29982051e+001 1.70014736e+001 1.29977842e+001 9.99974642e+001 9.39950310e+001 1.01099176e+003 1.00399073e+003 4.00044700e+000 2.00016950e+000 2.59952423e+001 1.00000000e+000 0.00000000e+000 0.00000000e+000 0.00000000e+000
 1.00000000e+000 1.80042478e+001 1.30025434e+001 1.59982120e+001 1.29970717e+001 1.00001556e+002 8.29946461e+001 1.01498619e+003 1.00798800e+003 4.00042194e+000 1.00346243e+000 1.10004432e+001 1.00000000e+000 0.00000000e+000 0.00000000e+000 0.00000000e+000
 1.00000000e+000 1.89953732e+001 1.00080954e+001 1.79961163e+001 9.99772523e+000 9.99979737e+001 8.19957819e+001 1.01698848e+003 1.01299095e+003 3.99508483e+000 1.38452546e-003 1.39986525e+001 0.00000000e+000 1.00000000e+000 0.00000000e+000 0.00000000e+000
 1.00000000e+000 2.10053504e+001 1.19891894e+001 1.70075724e+001 1.09979752e+001 9.99899866e+001 6.39958738e+001 1.01700773e+003 1.01399257e+003 4.00714950e+000 -1.15367391e-003 1.59987534e+001 0.00000000e+000 0.00000000e+000 1.00000000e+000 0.00000000e+000
 1.00000000e+000 2.19981515e+001 1.00025860e+001 1.89981372e+001 9.99911495e+000 9.99996989e+001 6.39981665e+001 1.01898577e+003 1.01498922e+003 2.99756570e+000 2.64891682e-004 1.90004500e+001 0.00000000e+000 0.00000000e+000 1.00000000e+000 0.00000000e+000
 1.00000000e+000 2.59990169e+001 1.20010197e+001 1.80052510e+001 1.00006422e+001 9.99939548e+001 3.59969115e+001 1.01699722e+003 1.01399026e+003 4.00133582e+000 -6.90037949e-003 1.39997371e+001 0.00000000e+000 0.00000000e+000 1.00000000e+000 0.00000000e+000
 1.00000000e+000 2.50063342e+001 1.59937860e+001 1.90042601e+001 1.10003216e+001 9.99946273e+001 4.09964974e+001 1.01899914e+003 1.01399214e+003 3.99760525e+000 1.00254288e+000 2.39938106e+001 0.00000000e+000 0.00000000e+000 1.00000000e+000 0.00000000e+000
 1.00000000e+000 2.09933386e+001 1.40084055e+001 1.79892011e+001 1.29912680e+001 1.00005131e+002 6.39925969e+001 1.01998191e+003 1.01198231e+003 5.99850662e+000 1.00337565e+000 3.70026487e+001 1.00000000e+000 0.00000000e+000 0.00000000e+000 0.00000000e+000
 1.00000000e+000 2.20133156e+001 1.19917105e+001 1.80100623e+001 1.19930390e+001 9.99987219e+001 6.40169728e+001 1.02000864e+003 1.01699808e+003 6.00807883e+000 9.91483062e-001 1.89982630e+001 1.00000000e+000 0.00000000e+000 0.00000000e+000 0.00000000e+000
 1.00000000e+000 2.29976025e+001 1.19979056e+001 1.59977092e+001 1.10069359e+001 9.99998120e+001 5.30005882e+001 1.01998913e+003 1.01699491e+003 4.99763572e+000 1.00983764e+000 1.60011659e+001 0.00000000e+000 0.00000000e+000 0.00000000e+000 1.00000000e+000
 1.00000000e+000 2.50016837e+001 1.20003361e+001 1.89985014e+001 8.99711761e+000 9.99993713e+001 3.59990643e+001 1.01898976e+003 1.01298943e+003 4.99922561e+000 2.00109342e+000 1.59961444e+001 0.00000000e+000 0.00000000e+000 1.00000000e+000 0.00000000e+000
 1.00000000e+000 2.60007158e+001 1.69988802e+001 1.60018084e+001 6.99672297e+000 8.79989756e+001 2.99990549e+001 1.01599371e+003 1.01098985e+003 5.00039552e+000 2.00036891e+000 1.59968931e+001 0.00000000e+000 0.00000000e+000 0.00000000e+000 1.00000000e+000
 1.00000000e+000 2.50081787e+001 1.29812143e+001 1.80010885e+001 4.99711985e+000 9.99967892e+001 2.79976885e+001 1.01900967e+003 1.01499063e+003 5.01745853e+000 9.99858962e-001 2.40088488e+001 0.00000000e+000 0.00000000e+000 0.00000000e+000 1.00000000e+000
 1.00000000e+000 2.30069952e+001 9.99646458e+000 1.30122240e+001 5.01568403e+000 9.99806098e+001 3.09748101e+001 1.01900428e+003 1.01499102e+003 4.98618507e+000 2.01011025e+000 2.69586001e+001 0.00000000e+000 0.00000000e+000 1.00000000e+000 0.00000000e+000
 1.00000000e+000 2.50000843e+001 1.10005679e+001 1.39984524e+001 8.99788177e+000 9.99999958e+001 3.59988668e+001 1.01798816e+003 1.01498829e+003 5.99920562e+000 3.00059566e+000 2.69983277e+001 0.00000000e+000 0.00000000e+000 0.00000000e+000 1.00000000e+000
 1.00000000e+000 2.69991305e+001 1.20149347e+001 1.79991659e+001 1.09997303e+001 9.99997350e+001 3.90006700e+001 1.01797633e+003 1.01399496e+003 5.00632121e+000 1.00135692e+000 2.30022657e+001 0.00000000e+000 0.00000000e+000 0.00000000e+000 1.00000000e+000
 1.00000000e+000 2.89982584e+001 1.30041649e+001 1.79954358e+001 4.99626337e+000 9.99998812e+001 2.29987082e+001 1.01798382e+003 1.01398585e+003 4.99809285e+000 1.00415185e+000 1.30017411e+001 0.00000000e+000 0.00000000e+000 0.00000000e+000 1.00000000e+000
 1.00000000e+000 2.90028728e+001 1.39968589e+001 2.00023479e+001 6.99802907e+000 9.99967095e+001 2.50010100e+001 1.01899416e+003 1.01498950e+003 5.00119225e+000 9.99749493e-001 1.59973718e+001 0.00000000e+000 0.00000000e+000 0.00000000e+000 1.00000000e+000
 1.00000000e+000 2.90043995e+001 1.39985891e+001 2.00036900e+001 6.99068254e+000 9.99985238e+001 2.50091364e+001 1.01799301e+003 1.01499793e+003 6.00854768e+000 -1.22369025e-003 1.90044144e+001 0.00000000e+000 0.00000000e+000 0.00000000e+000 1.00000000e+000
 1.00000000e+000 2.99947875e+001 1.50007273e+001 1.69934352e+001 7.99670928e+000 1.00003951e+002 2.69966100e+001 1.01698466e+003 1.01398123e+003 4.99893827e+000 1.00136613e+000 2.10013050e+001 0.00000000e+000 0.00000000e+000 1.00000000e+000 0.00000000e+000
 1.00000000e+000 3.10010301e+001 1.50004628e+001 1.80013769e+001 4.99703480e+000 9.99951668e+001 1.99989098e+001 1.01799484e+003 1.01398773e+003 4.99991311e+000 1.00132467e+000 1.29954888e+001 0.00000000e+000 0.00000000e+000 0.00000000e+000 1.00000000e+000
 1.00000000e+000 3.20032984e+001 1.59965475e+001 1.80022644e+001 5.00099255e+000 9.39977152e+001 1.80026243e+001 1.01399635e+003 1.00799300e+003 5.00233560e+000 9.99621469e-001 1.39975297e+001 0.00000000e+000 0.00000000e+000 0.00000000e+000 1.00000000e+000
 1.00000000e+000 3.09964299e+001 2.00022978e+001 1.49923833e+001 7.99927994e+000 6.80088198e+001 2.89986519e+001 1.00998504e+003 1.00598875e+003 4.99847207e+000 2.00189513e+000 1.90027618e+001 0.00000000e+000 0.00000000e+000 0.00000000e+000 1.00000000e+000
 1.00000000e+000 3.09984237e+001 1.69997100e+001 2.29967344e+001 9.99809298e+000 9.40014294e+001 2.69995494e+001 1.01298944e+003 1.00998956e+003 3.00029222e+000 1.00064931e+000 1.60018377e+001 0.00000000e+000 0.00000000e+000 0.00000000e+000 1.00000000e+000
 1.00000000e+000 3.10102451e+001 1.69902500e+001 2.20008993e+001 1.00027876e+001 9.99966571e+001 2.70033515e+001 1.01299256e+003 1.00999566e+003 3.99981221e+000 2.01135336e-003 1.39984892e+001 0.00000000e+000 0.00000000e+000 0.00000000e+000 1.00000000e+000
 1.00000000e+000 3.19973652e+001 1.70015387e+001 1.89957551e+001 8.99770064e+000 9.99996694e+001 2.40013447e+001 1.01398942e+003 1.00898814e+003 2.99607935e+000 9.99828434e-001 1.40006108e+001 0.00000000e+000 0.00000000e+000 1.00000000e+000 0.00000000e+000
 1.00000000e+000 2.79918755e+001 1.90027459e+001 1.79978821e+001 1.00075345e+001 8.29981001e+001 3.59888161e+001 1.01499886e+003 1.00999277e+003 4.99763847e+000 2.00393770e+000 2.09959133e+001 0.00000000e+000 0.00000000e+000 1.00000000e+000 0.00000000e+000
 1.00000000e+000 2.80132643e+001 1.40107419e+001 1.50264920e+001 4.96733423e+000 9.40261248e+001 2.30289214e+001 1.01900760e+003 1.01499868e+003 5.02364457e+000 9.64249199e-001 2.09880679e+001 0.00000000e+000 0.00000000e+000 0.00000000e+000 1.00000000e+000
 1.00000000e+000 2.79984070e+001 1.40006912e+001 1.59998856e+001 9.99907530e+000 9.99982614e+001 3.19992118e+001 1.01899013e+003 1.01398999e+003 4.00023681e+000 1.00074265e+000 1.29997102e+001 0.00000000e+000 0.00000000e+000 0.00000000e+000 1.00000000e+000
 1.00000000e+000 2.89915393e+001 1.70045658e+001 1.79894075e+001 9.99455535e+000 1.00006283e+002 2.99991535e+001 1.01897717e+003 1.01298480e+003 4.99245827e+000 1.00109326e+000 2.30056195e+001 0.00000000e+000 0.00000000e+000 1.00000000e+000 0.00000000e+000
 1.00000000e+000 2.90067346e+001 1.50025935e+001 1.89999921e+001 1.19917911e+001 1.00001063e+002 3.49969576e+001 1.01398605e+003 1.00898993e+003 5.99915994e+000 4.94255509e-003 2.90022041e+001 0.00000000e+000 0.00000000e+000 1.00000000e+000 0.00000000e+000
 1.00000000e+000 3.09969136e+001 1.60021140e+001 1.99946580e+001 1.39976619e+001 1.00003116e+002 3.49991339e+001 1.01098481e+003 1.00798821e+003 4.99564586e+000 1.00157265e+000 2.60013197e+001 0.00000000e+000 0.00000000e+000 1.00000000e+000 0.00000000e+000
 1.00000000e+000 3.40010718e+001 1.79986197e+001 2.40005577e+001 5.99835244e+000 9.99972508e+001 1.70006603e+001 1.01299303e+003 1.00899028e+003 5.00057559e+000 3.50620884e-004 1.59971822e+001 0.00000000e+000 0.00000000e+000 1.00000000e+000 0.00000000e+000
 1.00000000e+000 3.19972342e+001 1.79948327e+001 2.20038161e+001 7.99881178e+000 9.99962406e+001 2.20014422e+001 1.01299851e+003 1.00799393e+003 5.00115328e+000 9.94789324e-001 2.39967936e+001 1.00000000e+000 0.00000000e+000 0.00000000e+000 0.00000000e+000
 1.00000000e+000 3.09977714e+001 1.60037836e+001 1.79991015e+001 6.99282032e+000 1.00000814e+002 2.70019214e+001 1.00898422e+003 1.00598603e+003 4.98432303e+000 -9.08181697e-004 2.29913537e+001 0.00000000e+000 0.00000000e+000 1.00000000e+000 0.00000000e+000
 1.00000000e+000 3.29804621e+001 2.09965572e+001 1.59962939e+001 7.00434280e+000 6.80061605e+001 1.99959635e+001 1.00999596e+003 1.00698685e+003 4.98694259e+000 2.00096878e+000 2.30041052e+001 0.00000000e+000 0.00000000e+000 1.00000000e+000 0.00000000e+000
 1.00000000e+000 3.40061580e+001 2.19945422e+001 1.70064590e+001 8.99777806e+000 6.49957707e+001 2.10006345e+001 1.01299906e+003 1.00799181e+003 5.00303718e+000 2.99957400e+000 2.29932574e+001 0.00000000e+000 0.00000000e+000 0.00000000e+000 1.00000000e+000
 1.00000000e+000 2.80001791e+001 1.69998911e+001 1.79994110e+001 6.99791816e+000 9.99988428e+001 2.60007757e+001 1.01398877e+003 1.00998930e+003 4.99870838e+000 3.89411133e-005 2.29984028e+001 0.00000000e+000 0.00000000e+000 0.00000000e+000 1.00000000e+000
 1.00000000e+000 2.80063876e+001 1.59899829e+001 1.70064846e+001 1.09933755e+001 9.39933943e+001 3.69988651e+001 1.01100496e+003 1.00699876e+003 5.00584968e+000 9.98410938e-001 2.30016506e+001 0.00000000e+000 0.00000000e+000 1.00000000e+000 0.00000000e+000
 1.00000000e+000 2.89964660e+001 1.60030031e+001 1.59956419e+001 7.99797045e+000 9.40021670e+001 2.69991106e+001 1.01098454e+003 1.00798749e+003 4.99754873e+000 1.00109315e+000 2.10013957e+001 0.00000000e+000 0.00000000e+000 1.00000000e+000 0.00000000e+000
 1.00000000e+000 3.20031212e+001 1.70030249e+001 1.99978981e+001 8.98738862e+000 9.39935326e+001 2.39810903e+001 1.01198291e+003 1.00699194e+003 4.00759843e+000 1.00703517e+000 2.29958518e+001 0.00000000e+000 0.00000000e+000 1.00000000e+000 0.00000000e+000
 1.00000000e+000 2.80021951e+001 1.89970198e+001 1.70033638e+001 1.29992416e+001 8.79976197e+001 4.69984367e+001 1.01099432e+003 1.00899025e+003 4.00111693e+000 9.99000579e-001 2.29968980e+001 1.00000000e+000 0.00000000e+000 0.00000000e+000 0.00000000e+000
 1.00000000e+000 2.90077713e+001 1.59915390e+001 1.80039047e+001 1.20020961e+001 9.99989824e+001 3.50034218e+001 1.01099892e+003 1.00799554e+003 5.00475052e+000 -1.06353816e-003 2.29970035e+001 1.00000000e+000 0.00000000e+000 0.00000000e+000 0.00000000e+000
 1.00000000e+000 3.10012814e+001 1.79981448e+001 2.10021787e+001 1.09989090e+001 9.99979190e+001 3.09996895e+001 1.01099407e+003 1.00799084e+003 5.00030544e+000 9.99711507e-001 1.89973634e+001 0.00000000e+000 0.00000000e+000 1.00000000e+000 0.00000000e+000
 1.00000000e+000 3.39989236e+001 1.89999497e+001 1.99984108e+001 4.99888444e+000 9.99992615e+001 1.60003744e+001 1.01099019e+003 1.00798868e+003 4.99937935e+000 1.00063742e+000 1.59988201e+001 0.00000000e+000 0.00000000e+000 1.00000000e+000 0.00000000e+000
 1.00000000e+000 3.49970998e+001 1.90015248e+001 1.79964803e+001 6.99894081e+000 8.80018508e+001 1.89998064e+001 1.01398561e+003 1.00698821e+003 4.99884185e+000 2.00087074e+000 2.70007848e+001 0.00000000e+000 0.00000000e+000 1.00000000e+000 0.00000000e+000
 1.00000000e+000 3.10012313e+001 1.79988008e+001 1.90006566e+001 9.99909280e+000 8.79991719e+001 2.69999472e+001 1.01299261e+003 1.00799045e+003 5.00097873e+000 1.00039533e+000 2.29961059e+001 1.00000000e+000 0.00000000e+000 0.00000000e+000 0.00000000e+000
 1.00000000e+000 3.19921539e+001 1.80054216e+001 1.70016915e+001 3.00338930e+000 9.40028856e+001 1.59972054e+001 1.01099269e+003 1.00698832e+003 4.99551538e+000 9.95781699e-001 2.59997920e+001 0.00000000e+000 0.00000000e+000 0.00000000e+000 1.00000000e+000
 1.00000000e+000 3.29996345e+001 1.70083455e+001 1.89959321e+001 5.00187148e+000 9.99929738e+001 1.69928761e+001 1.00899450e+003 1.00599532e+003 5.00621781e+000 1.00429771e+000 1.90031146e+001 0.00000000e+000 0.00000000e+000 1.00000000e+000 0.00000000e+000
 1.00000000e+000 3.39970846e+001 1.70021397e+001 1.59970331e+001 1.99842895e+000 9.40010422e+001 1.29999729e+001 1.00898741e+003 1.00498914e+003 3.99858059e+000 1.00086654e+000 2.60001766e+001 0.00000000e+000 0.00000000e+000 1.00000000e+000 0.00000000e+000
 1.00000000e+000 3.60002418e+001 1.79986998e+001 1.30015445e+001 4.99792581e+000 6.80004858e+001 1.50008387e+001 1.00899244e+003 1.00499020e+003 5.99947619e+000 9.99882375e-001 2.39971901e+001 0.00000000e+000 0.00000000e+000 0.00000000e+000 1.00000000e+000
 1.00000000e+000 3.69997385e+001 1.99996383e+001 1.40010083e+001 4.99742810e+000 6.80003851e+001 1.49999227e+001 1.00999188e+003 1.00599059e+003 4.00003149e+000 1.00009277e+000 1.89980838e+001 0.00000000e+000 0.00000000e+000 0.00000000e+000 1.00000000e+000
 1.00000000e+000 3.79967943e+001 2.29973731e+001 1.40041275e+001 4.99857730e+000 5.30030221e+001 1.40058319e+001 1.00999097e+003 1.00598984e+003 3.99395148e+000 9.97531380e-001 1.39993666e+001 0.00000000e+000 0.00000000e+000 0.00000000e+000 1.00000000e+000
 1.00000000e+000 3.59910590e+001 2.50041309e+001 1.29961037e+001 6.99813373e+000 4.40050740e+001 1.79959688e+001 1.00998843e+003 1.00598749e+003 3.99886459e+000 3.00062093e+000 1.90035758e+001 0.00000000e+000 0.00000000e+000 0.00000000e+000 1.00000000e+000
 1.00000000e+000 3.60001875e+001 2.10010467e+001 1.39978941e+001 5.00211644e+000 6.40057623e+001 1.49996178e+001 1.00999472e+003 1.00599579e+003 4.00211323e+000 2.00158571e+000 1.89986646e+001 1.00000000e+000 0.00000000e+000 0.00000000e+000 0.00000000e+000
 1.00000000e+000 3.49965529e+001 2.30022884e+001 1.29983920e+001 6.99714924e+000 5.00029160e+001 1.79988986e+001 1.01098677e+003 1.00698805e+003 3.99820179e+000 1.00069194e+000 2.29999376e+001 0.00000000e+000 0.00000000e+000 0.00000000e+000 1.00000000e+000
 1.00000000e+000 3.59971911e+001 2.40004234e+001 1.39994112e+001 5.99702952e+000 5.00029499e+001 1.60004933e+001 1.01098823e+003 1.00698947e+003 2.99866134e+000 9.99505612e-001 1.59995570e+001 0.00000000e+000 0.00000000e+000 0.00000000e+000 1.00000000e+000
 1.00000000e+000 3.49981975e+001 2.40000295e+001 1.69993486e+001 8.99806421e+000 6.10009960e+001 1.99998128e+001 1.01098930e+003 1.00598922e+003 3.99972538e+000 2.00006719e+000 2.29996430e+001 1.00000000e+000 0.00000000e+000 0.00000000e+000 0.00000000e+000
 1.00000000e+000 3.59977140e+001 2.10013736e+001 1.49992032e+001 8.99760486e+000 6.80030334e+001 1.99980179e+001 1.00698556e+003 1.00399046e+003 4.00083333e+000 1.00011239e+000 1.89992662e+001 1.00000000e+000 0.00000000e+000 0.00000000e+000 0.00000000e+000
 1.00000000e+000 3.99980327e+001 2.30001298e+001 1.39979535e+001 3.99740798e+000 5.70038126e+001 1.19979553e+001 1.00498776e+003 9.97988797e+002 2.99996260e+000 1.00153547e+000 2.69986090e+001 0.00000000e+000 0.00000000e+000 0.00000000e+000 1.00000000e+000
 1.00000000e+000 3.70008549e+001 2.10016167e+001 1.19943038e+001 2.01423463e+000 5.60136946e+001 1.10042818e+001 1.00497792e+003 1.00100147e+003 4.99699967e+000 2.00254067e+000 2.30042362e+001 0.00000000e+000 0.00000000e+000 0.00000000e+000 1.00000000e+000
 1.00000000e+000 3.69978642e+001 2.20010343e+001 8.00008811e+000 -2.00195752e+000 3.10035014e+001 7.99998848e+000 1.00598883e+003 1.00198909e+003 4.99893633e+000 2.00034247e+000 1.40000360e+001 0.00000000e+000 0.00000000e+000 0.00000000e+000 1.00000000e+000
 1.00000000e+000 3.80001768e+001 2.19992871e+001 1.10002721e+001 -3.00258639e+000 4.30024360e+001 7.99954171e+000 1.00699043e+003 1.00198848e+003 5.00075810e+000 1.00060896e+000 1.39987901e+001 0.00000000e+000 0.00000000e+000 0.00000000e+000 1.00000000e+000
 1.00000000e+000 3.69948276e+001 2.40034002e+001 1.09968414e+001 1.99798504e+000 3.90050395e+001 1.19991675e+001 1.00598403e+003 1.00198794e+003 2.99816383e+000 2.00079661e+000 2.30021674e+001 0.00000000e+000 0.00000000e+000 0.00000000e+000 1.00000000e+000
 1.00000000e+000 3.20044520e+001 2.39996654e+001 1.40052785e+001 1.00011421e+001 4.70025732e+001 2.90008832e+001 1.00999373e+003 1.00499364e+003 5.00509875e+000 3.00177916e+000 2.69935732e+001 0.00000000e+000 0.00000000e+000 0.00000000e+000 1.00000000e+000
 1.00000000e+000 3.09942191e+001 2.10057421e+001 1.70022727e+001 1.09911562e+001 7.29944918e+001 2.89929339e+001 1.01398807e+003 1.00898316e+003 4.99619734e+000 3.00055052e+000 2.29951336e+001 0.00000000e+000 0.00000000e+000 0.00000000e+000 1.00000000e+000
 1.00000000e+000 3.39961320e+001 2.30033679e+001 1.59984656e+001 9.99640032e+000 6.50022655e+001 2.29979393e+001 1.01298689e+003 1.00898867e+003 3.99713589e+000 2.00142106e+000 1.40006360e+001 0.00000000e+000 0.00000000e+000 0.00000000e+000 1.00000000e+000
 1.00000000e+000 3.69919480e+001 2.50043755e+001 1.49942891e+001 9.99701654e+000 5.40016286e+001 1.89987172e+001 1.01298463e+003 1.00798738e+003 4.99917956e+000 2.00021380e+000 1.10083862e+001 0.00000000e+000 0.00000000e+000 0.00000000e+000 1.00000000e+000
 1.00000000e+000 3.69988536e+001 2.60001165e+001 1.79980856e+001 8.99885792e+000 6.10021693e+001 1.79994443e+001 1.01198898e+003 1.00698916e+003 3.99930741e+000 2.00072482e+000 2.09977957e+001 0.00000000e+000 0.00000000e+000 0.00000000e+000 1.00000000e+000
 1.00000000e+000 3.40008806e+001 2.69991799e+001 1.60017418e+001 1.19987592e+001 5.10007696e+001 2.79989838e+001 1.01199048e+003 1.00799023e+003 5.00085093e+000 2.00005983e+000 2.89966744e+001 0.00000000e+000 0.00000000e+000 0.00000000e+000 1.00000000e+000
 1.00000000e+000 3.80069525e+001 2.69958750e+001 1.60063325e+001 5.99544102e+000 4.49982781e+001 1.49986051e+001 1.01100766e+003 1.00699676e+003 5.00082055e+000 2.00001465e+000 2.39868105e+001 0.00000000e+000 0.00000000e+000 0.00000000e+000 1.00000000e+000
 1.00000000e+000 3.70041951e+001 2.29964458e+001 1.39991446e+001 2.99930490e+000 5.70061627e+001 1.30043530e+001 1.00899510e+003 1.00499408e+003 4.00426391e+000 1.99940502e+000 2.40000375e+001 0.00000000e+000 0.00000000e+000 0.00000000e+000 1.00000000e+000
 1.00000000e+000 3.89987822e+001 2.70003027e+001 1.09999549e+001 2.99823738e+000 3.00034756e+001 1.29985580e+001 1.00899012e+003 1.00498872e+003 4.00063587e+000 1.00089535e+000 1.39990419e+001 0.00000000e+000 0.00000000e+000 0.00000000e+000 1.00000000e+000
 1.00000000e+000 4.00055067e+001 2.49944534e+001 1.70034717e+001 7.99508333e+000 4.70002480e+001 1.70017280e+001 1.00899389e+003 1.00498824e+003 5.00155408e+000 9.98940795e-001 1.59945309e+001 0.00000000e+000 0.00000000e+000 0.00000000e+000 1.00000000e+000
 1.00000000e+000 3.79974153e+001 2.40011031e+001 7.99928170e+000 -4.00216782e+000 2.70045620e+001 6.99976856e+000 1.00698678e+003 1.00198823e+003 4.99844815e+000 1.00057815e+000 2.30000491e+001 0.00000000e+000 0.00000000e+000 0.00000000e+000 1.00000000e+000
 1.00000000e+000 3.60018611e+001 2.19991704e+001 4.00490470e+000 -4.00099878e+000 3.10001988e+001 8.00079449e+000 1.00399212e+003 1.00099189e+003 5.00080330e+000 9.99790054e-001 2.69962219e+001 0.00000000e+000 0.00000000e+000 0.00000000e+000 1.00000000e+000
 1.00000000e+000 3.80014406e+001 2.19978067e+001 5.00330077e+000 -3.00178408e+000 3.10012766e+001 7.00075357e+000 1.00299266e+003 9.99987538e+002 5.00078237e+000 1.00049833e+000 2.29960007e+001 0.00000000e+000 0.00000000e+000 0.00000000e+000 1.00000000e+000
 1.00000000e+000 4.09974477e+001 2.40004637e+001 8.00171889e+000 -2.00205650e+000 3.60027951e+001 7.00043374e+000 1.00299064e+003 9.98989128e+002 6.99901730e+000 2.00001964e+000 1.59991284e+001 0.00000000e+000 0.00000000e+000 0.00000000e+000 1.00000000e+000
 1.00000000e+000 4.09975955e+001 2.70012756e+001 1.29993093e+001 2.99818500e+000 3.10034080e+001 9.99915094e+000 1.00398693e+003 9.99987930e+002 3.99971676e+000 2.00061800e+000 1.89989834e+001 0.00000000e+000 0.00000000e+000 0.00000000e+000 1.00000000e+000
 1.00000000e+000 4.00081818e+001 2.79904746e+001 1.70059866e+001 5.00203969e+000 4.29995903e+001 1.20034825e+001 1.00500143e+003 1.00099508e+003 5.00623994e+000 9.98995918e-001 1.89952632e+001 0.00000000e+000 0.00000000e+000 0.00000000e+000 1.00000000e+000
 1.00000000e+000 4.10005100e+001 2.59987435e+001 1.80016299e+001 1.99830641e+000 5.10000881e+001 9.00039090e+000 1.00499123e+003 1.00199058e+003 5.00013336e+000 1.00005370e+000 2.29972740e+001 0.00000000e+000 0.00000000e+000 0.00000000e+000 1.00000000e+000
 1.00000000e+000 4.10018754e+001 2.49917417e+001 9.00154255e+000 1.99958141e+000 3.40034172e+001 9.00125454e+000 1.00599406e+003 1.00199278e+003 5.00782278e+000 9.99499553e-001 2.21986854e+002 0.00000000e+000 0.00000000e+000 0.00000000e+000 1.00000000e+000
 1.00000000e+000 4.09958806e+001 2.60028050e+001 1.09985155e+001 3.99587500e+000 3.90031131e+001 9.99831556e+000 1.00498949e+003 1.00098777e+003 4.99810227e+000 1.00092859e+000 1.89975277e+001 0.00000000e+000 0.00000000e+000 0.00000000e+000 1.00000000e+000
 1.00000000e+000 4.00077722e+001 2.69891568e+001 1.00101280e+001 7.00605092e+000 3.40016369e+001 1.40076034e+001 1.00400965e+003 1.00099989e+003 4.00575151e+000 1.99641839e+000 1.39965299e+001 0.00000000e+000 0.00000000e+000 0.00000000e+000 1.00000000e+000
 1.00000000e+000 3.59983085e+001 2.69996763e+001 1.49977189e+001 6.99830429e+000 4.50021252e+001 2.19988736e+001 1.00298955e+003 9.98988951e+002 5.00112785e+000 1.99997041e+000 2.70000929e+001 0.00000000e+000 0.00000000e+000 0.00000000e+000 1.00000000e+000
 1.00000000e+000 3.49993764e+001 2.59974792e+001 1.99902487e+001 1.10008109e+001 6.20111632e+001 2.50065471e+001 1.00697844e+003 1.00198710e+003 4.99753886e+000 3.99865666e+000 1.60082551e+001 1.00000000e+000 0.00000000e+000 0.00000000e+000 0.00000000e+000
 1.00000000e+000 3.69991655e+001 2.40026247e+001 2.09983202e+001 1.09981176e+001 8.29993175e+001 2.10011959e+001 1.00798945e+003 1.00299385e+003 4.99621539e+000 2.00025164e+000 1.89969588e+001 0.00000000e+000 0.00000000e+000 0.00000000e+000 1.00000000e+000
 1.00000000e+000 4.19994515e+001 2.70066635e+001 1.50018950e+001 9.00019418e+000 4.80015291e+001 1.40005642e+001 1.00598621e+003 9.99996879e+002 4.00174632e+000 1.00087113e+000 4.69952583e+001 0.00000000e+000 0.00000000e+000 0.00000000e+000 1.00000000e+000
 1.00000000e+000 4.09996211e+001 2.60000620e+001 1.39998814e+001 8.99869468e+000 4.70029207e+001 1.40004903e+001 1.00398974e+003 9.99990535e+002 4.00067336e+000 1.00041732e+000 1.89997366e+001 0.00000000e+000 0.00000000e+000 0.00000000e+000 1.00000000e+000
 1.00000000e+000 4.09943327e+001 2.89906960e+001 1.20021838e+001 1.00359181e+000 3.49959147e+001 1.09977452e+001 1.01099432e+003 9.97991338e+002 3.99075337e+000 2.00019325e+000 2.09994255e+001 0.00000000e+000 0.00000000e+000 0.00000000e+000 1.00000000e+000
 1.00000000e+000 4.19980200e+001 2.60009111e+001 1.19997038e+001 -2.13461617e-003 3.60031278e+001 7.00021542e+000 1.00398873e+003 9.99989179e+002 4.99957991e+000 1.00040256e+000 2.29993960e+001 0.00000000e+000 0.00000000e+000 0.00000000e+000 1.00000000e+000
 1.00000000e+000 4.39985118e+001 2.79999480e+001 1.19996082e+001 9.98313061e-001 3.20038113e+001 7.00036816e+000 1.00299007e+003 9.99989341e+002 3.00027720e+000 2.00038605e+000 1.39997628e+001 0.00000000e+000 0.00000000e+000 0.00000000e+000 1.00000000e+000
 1.00000000e+000 4.50015001e+001 2.99987598e+001 8.00409095e+000 1.99822024e+000 2.50017237e+001 7.00046366e+000 1.00299409e+003 9.99991279e+002 5.00101849e+000 2.00000629e+000 2.39943211e+001 0.00000000e+000 0.00000000e+000 0.00000000e+000 1.00000000e+000
 1.00000000e+000 4.39970628e+001 3.10014862e+001 6.99958167e+000 1.99722575e+000 1.70048185e+001 7.99981834e+000 1.00398693e+003 9.99989000e+002 4.99908882e+000 2.00045007e+000 2.30000911e+001 0.00000000e+000 0.00000000e+000 0.00000000e+000 1.00000000e+000
 1.00000000e+000 4.59955940e+001 2.89980726e+001 8.00374205e+000 9.97501851e-001 2.50048824e+001 6.00476369e+000 1.00399417e+003 9.98990374e+002 4.99507618e+000 2.99768196e+000 2.30002083e+001 0.00000000e+000 0.00000000e+000 0.00000000e+000 1.00000000e+000
 1.00000000e+000 4.49975843e+001 3.00014978e+001 7.00223665e+000 -5.23848990e-003 1.90030795e+001 6.00430945e+000 1.00398945e+003 9.98986474e+002 5.00552719e+000 1.99789705e+000 2.10038708e+001 0.00000000e+000 0.00000000e+000 0.00000000e+000 1.00000000e+000
 1.00000000e+000 4.60026170e+001 3.09933105e+001 1.20082737e+001 3.99682309e+000 2.10002036e+001 9.00232897e+000 1.00200029e+003 9.97992885e+002 4.99658549e+000 1.99868531e+000 2.09941515e+001 0.00000000e+000 0.00000000e+000 0.00000000e+000 1.00000000e+000
 1.00000000e+000 4.49964953e+001 3.20013277e+001 1.49981017e+001 4.99714235e+000 2.50047345e+001 9.00003721e+000 1.00198594e+003 9.96988414e+002 3.99858361e+000 2.00033564e+000 2.90000746e+001 0.00000000e+000 0.00000000e+000 0.00000000e+000 1.00000000e+000
 1.00000000e+000 4.29983320e+001 3.39981930e+001 1.39976854e+001 8.99983954e+000 2.40061204e+001 1.40007207e+001 1.00298675e+003 9.97990725e+002 3.99967722e+000 2.00067134e+000 2.10002783e+001 0.00000000e+000 0.00000000e+000 0.00000000e+000 1.00000000e+000
 1.00000000e+000 4.29918110e+001 3.10135174e+001 1.69971111e+001 5.00555908e+000 2.99979623e+001 9.99413312e+000 1.00299799e+003 9.97995307e+002 5.00430747e+000 2.00381265e+000 2.29963082e+001 0.00000000e+000 0.00000000e+000 0.00000000e+000 1.00000000e+000
 1.00000000e+000 4.19996645e+001 3.19990305e+001 1.89999935e+001 1.09975441e+001 3.80016173e+001 1.69999064e+001 1.00299025e+003 9.99989718e+002 2.99993838e+000 1.99992141e+000 2.29981015e+001 0.00000000e+000 0.00000000e+000 0.00000000e+000 1.00000000e+000
 1.00000000e+000 4.19964776e+001 3.09911846e+001 1.90006268e+001 4.00348109e+000 4.30039242e+001 9.99928342e+000 1.00399361e+003 9.99998398e+002 4.97964781e+000 1.99918436e+000 2.29898082e+001 0.00000000e+000 0.00000000e+000 0.00000000e+000 1.00000000e+000
 1.00000000e+000 4.20061770e+001 2.99938954e+001 1.10076816e+001 1.00056990e+000 3.09975855e+001 8.00139249e+000 1.00400082e+003 9.99991044e+002 4.00437721e+000 1.99922737e+000 2.29912941e+001 0.00000000e+000 0.00000000e+000 0.00000000e+000 1.00000000e+000
 1.00000000e+000 4.00027884e+001 2.89974099e+001 1.10008666e+001 1.00050719e+000 3.10032275e+001 8.99919645e+000 1.00299549e+003 9.98993040e+002 5.00403691e+000 2.00061148e+000 2.29997256e+001 0.00000000e+000 0.00000000e+000 0.00000000e+000 1.00000000e+000
 1.00000000e+000 4.09988540e+001 2.70000312e+001 1.89985795e+001 8.99806849e+000 4.90013681e+001 1.40001722e+001 1.00198790e+003 9.97989191e+002 4.99929566e+000 2.00010226e+000 2.59994733e+001 0.00000000e+000 0.00000000e+000 0.00000000e+000 1.00000000e+000
 1.00000000e+000 3.70035066e+001 2.69975166e+001 2.20012363e+001 1.69989389e+001 6.99984309e+001 2.99986819e+001 1.00599264e+003 1.00099166e+003 4.00173202e+000 4.00006298e+000 2.59956511e+001 0.00000000e+000 0.00000000e+000 0.00000000e+000 1.00000000e+000
 1.00000000e+000 3.69826323e+001 2.70087692e+001 2.29883497e+001 1.90095483e+001 7.40105103e+001 3.49970700e+001 1.00497499e+003 9.99971423e+002 5.00138105e+000 4.00598713e+000 2.30002182e+001 0.00000000e+000 0.00000000e+000 0.00000000e+000 1.00000000e+000
 1.00000000e+000 3.90009695e+001 2.90000834e+001 2.30005473e+001 1.89995179e+001 6.99985337e+001 3.09991508e+001 1.00299011e+003 9.99991333e+002 4.00097860e+000 2.00047904e+000 2.29972493e+001 0.00000000e+000 0.00000000e+000 0.00000000e+000 1.00000000e+000
 1.00000000e+000 4.20007500e+001 2.89978378e+001 2.50006616e+001 1.79992459e+001 7.89989718e+001 2.60004564e+001 1.00399251e+003 9.98991356e+002 5.00033234e+000 1.99927139e+000 1.39983343e+001 0.00000000e+000 0.00000000e+000 0.00000000e+000 1.00000000e+000
 1.00000000e+000 4.50042870e+001 3.29941742e+001 2.20054264e+001 1.19995288e+001 4.59977757e+001 1.40007405e+001 1.00299790e+003 9.97993812e+002 3.00210539e+000 1.99954184e+000 1.89943595e+001 0.00000000e+000 0.00000000e+000 0.00000000e+000 1.00000000e+000
 1.00000000e+000 4.09914614e+001 2.80073153e+001 2.69877228e+001 1.49975643e+001 7.50060545e+001 2.79990927e+001 9.99977544e+002 9.94986645e+002 3.99465184e+000 1.00122283e+000 2.70058421e+001 0.00000000e+000 0.00000000e+000 0.00000000e+000 1.00000000e+000
 1.00000000e+000 3.90028656e+001 2.89972518e+001 2.30011570e+001 1.89982884e+001 6.59987021e+001 3.69986732e+001 1.00199294e+003 9.97991165e+002 3.00089849e+000 9.99959220e-001 2.09965427e+001 1.00000000e+000 0.00000000e+000 0.00000000e+000 0.00000000e+000
 1.00000000e+000 4.00010927e+001 2.99987847e+001 2.69991010e+001 1.99986771e+001 7.39993357e+001 3.29987562e+001 1.00099051e+003 9.95990108e+002 4.99996151e+000 2.00023492e+000 2.29973342e+001 0.00000000e+000 0.00000000e+000 0.00000000e+000 1.00000000e+000
 1.00000000e+000 4.10007570e+001 3.19986927e+001 2.69987424e+001 1.79983301e+001 7.09995791e+001 2.69992279e+001 9.98990603e+002 9.93990757e+002 4.99972424e+000 3.00011254e+000 2.29979746e+001 0.00000000e+000 0.00000000e+000 0.00000000e+000 1.00000000e+000
 1.00000000e+000 4.20008961e+001 3.29983653e+001 2.60002531e+001 1.89966881e+001 6.60005340e+001 2.80002667e+001 9.99994783e+002 9.93991559e+002 3.99978360e+000 1.99967320e+000 1.89972985e+001 0.00000000e+000 0.00000000e+000 0.00000000e+000 1.00000000e+000
 1.00000000e+000 3.50014757e+001 2.89940544e+001 2.50051844e+001 2.10005293e+001 7.89984147e+001 4.39951114e+001 1.00299376e+003 9.96989653e+002 3.99885219e+000 3.00589894e+000 2.69886498e+001 0.00000000e+000 0.00000000e+000 0.00000000e+000 1.00000000e+000
 1.00000000e+000 3.80002718e+001 2.80005785e+001 2.49987952e+001 2.19981469e+001 7.00005076e+001 3.89972976e+001 1.00198798e+003 9.96990151e+002 4.00068084e+000 4.00051485e+000 1.90000131e+001 0.00000000e+000 0.00000000e+000 0.00000000e+000 1.00000000e+000
 1.00000000e+000 3.30003794e+001 2.69987099e+001 2.59951167e+001 2.19998803e+001 8.39997048e+001 5.19998483e+001 1.00198899e+003 9.98990636e+002 3.99783582e+000 2.99855894e+000 2.60011437e+001 0.00000000e+000 0.00000000e+000 0.00000000e+000 1.00000000e+000
 1.00000000e+000 3.70035432e+001 2.69969405e+001 2.50013325e+001 2.10004368e+001 8.39975705e+001 4.19995651e+001 1.00099409e+003 9.96993497e+002 5.00330985e+000 1.00019876e+000 3.19968127e+001 0.00000000e+000 0.00000000e+000 0.00000000e+000 1.00000000e+000
 1.00000000e+000 3.69998250e+001 2.30006035e+001 2.49922335e+001 2.10032241e+001 1.00005384e+002 4.19978858e+001 9.99991810e+002 9.97989389e+002 4.00013627e+000 2.00210182e+000 2.69971454e+001 1.00000000e+000 0.00000000e+000 0.00000000e+000 0.00000000e+000
 1.00000000e+000 3.09954325e+001 2.40027902e+001 2.59901141e+001 2.29974769e+001 1.00003634e+002 6.59955706e+001 9.99976164e+002 9.96988191e+002 2.99592060e+000 1.00375394e+000 1.90028138e+001 0.00000000e+000 1.00000000e+000 0.00000000e+000 0.00000000e+000
 1.00000000e+000 3.00019519e+001 2.49987054e+001 2.69975104e+001 2.29988443e+001 9.99990608e+001 7.39958073e+001 9.97989096e+002 9.93990090e+002 3.99925921e+000 1.00040695e+000 1.59991189e+001 1.00000000e+000 0.00000000e+000 0.00000000e+000 0.00000000e+000
 1.00000000e+000 3.10012076e+001 2.49995556e+001 2.89969552e+001 2.49987549e+001 9.99994650e+001 7.89958909e+001 9.99987379e+002 9.96989517e+002 1.99859246e+000 9.99998972e-001 1.39995718e+001 1.00000000e+000 0.00000000e+000 0.00000000e+000 0.00000000e+000
 1.00000000e+000 3.50033662e+001 2.49962208e+001 2.89995430e+001 1.99980435e+001 9.99966706e+001 4.39986586e+001 1.00198984e+003 9.98989086e+002 3.00149906e+000 1.00026125e+000 1.89987494e+001 0.00000000e+000 0.00000000e+000 1.00000000e+000 0.00000000e+000
 1.00000000e+000 3.90040792e+001 2.79955332e+001 2.50010120e+001 1.79978169e+001 7.90032461e+001 2.89958374e+001 1.00198572e+003 9.96988411e+002 2.99940561e+000 1.00319288e+000 1.29956807e+001 0.00000000e+000 0.00000000e+000 0.00000000e+000 1.00000000e+000
 1.00000000e+000 4.10014109e+001 3.10051822e+001 2.50025766e+001 1.49986644e+001 6.99975162e+001 2.20061025e+001 9.98987317e+002 9.94986638e+002 3.00847331e+000 9.97653991e-001 2.60011582e+001 0.00000000e+000 0.00000000e+000 0.00000000e+000 1.00000000e+000
 1.00000000e+000 3.99992320e+001 3.09997959e+001 2.49985296e+001 1.59979684e+001 6.30020876e+001 2.39991583e+001 9.99988531e+002 9.95989223e+002 2.99957873e+000 1.00026708e+000 2.69991760e+001 0.00000000e+000 0.00000000e+000 0.00000000e+000 1.00000000e+000
 1.00000000e+000 4.00004426e+001 3.19993490e+001 2.69987227e+001 1.89989710e+001 7.10005461e+001 3.10002254e+001 9.99986246e+002 9.94989921e+002 3.99978353e+000 2.00003784e+000 2.29996107e+001 0.00000000e+000 0.00000000e+000 0.00000000e+000 1.00000000e+000
 1.00000000e+000 3.89975525e+001 2.89977422e+001 2.69992425e+001 1.99989593e+001 8.40009108e+001 3.49992225e+001 9.99987776e+002 9.95988525e+002 3.99943864e+000 2.00012610e+000 2.30012159e+001 0.00000000e+000 0.00000000e+000 0.00000000e+000 1.00000000e+000
 1.00000000e+000 3.30044203e+001 2.79959831e+001 2.60011756e+001 2.39986070e+001 8.89973788e+001 5.89975850e+001 1.00199302e+003 9.98991301e+002 4.00090507e+000 2.00002787e+000 2.39958673e+001 0.00000000e+000 0.00000000e+000 0.00000000e+000 1.00000000e+000
 1.00000000e+000 3.30041783e+001 2.79963936e+001 2.69975411e+001 2.39971040e+001 9.40007956e+001 5.89990103e+001 1.00198695e+003 9.97988065e+002 2.99737994e+000 1.99964680e+000 1.59976897e+001 0.00000000e+000 0.00000000e+000 0.00000000e+000 1.00000000e+000
 1.00000000e+000 3.70025450e+001 2.89968789e+001 2.59966070e+001 2.19961077e+001 8.40039206e+001 4.99960773e+001 9.99985112e+002 9.95987806e+002 3.99803216e+000 2.00162847e+000 2.29957614e+001 0.00000000e+000 0.00000000e+000 0.00000000e+000 1.00000000e+000
 1.00000000e+000 3.59969082e+001 2.60042369e+001 2.69997745e+001 2.29906382e+001 8.89931063e+001 5.29921395e+001 9.99987102e+002 9.94984722e+002 4.99607052e+000 3.00064258e+000 2.09961414e+001 0.00000000e+000 1.00000000e+000 0.00000000e+000 0.00000000e+000
 1.00000000e+000 3.90032756e+001 2.89971517e+001 2.70006549e+001 2.09983531e+001 8.89977314e+001 3.49990197e+001 9.98991973e+002 9.94990466e+002 3.00097564e+000 1.99953336e+000 2.59970596e+001 0.00000000e+000 0.00000000e+000 0.00000000e+000 1.00000000e+000
 1.00000000e+000 3.69995827e+001 2.80005777e+001 2.39975443e+001 1.89974385e+001 7.40009762e+001 3.49984216e+001 1.00098649e+003 9.96988312e+002 3.99879710e+000 3.00039322e+000 2.09995869e+001 0.00000000e+000 0.00000000e+000 0.00000000e+000 1.00000000e+000
 1.00000000e+000 3.89967392e+001 2.80003809e+001 2.69957645e+001 2.00003893e+001 8.40048094e+001 3.30020429e+001 9.99979093e+002 9.94990469e+002 3.99913842e+000 1.99919602e+000 2.30097720e+001 0.00000000e+000 0.00000000e+000 0.00000000e+000 1.00000000e+000
 1.00000000e+000 3.60018482e+001 2.89977146e+001 2.69983271e+001 2.39975411e+001 8.40003361e+001 5.29979868e+001 9.98989995e+002 9.95989562e+002 2.99947353e+000 1.99983821e+000 2.29984044e+001 1.00000000e+000 0.00000000e+000 0.00000000e+000 0.00000000e+000
 1.00000000e+000 3.30099816e+001 2.69917646e+001 2.69976694e+001 2.40221941e+001 8.89880415e+001 6.20008233e+001 1.00101237e+003 9.96979939e+002 3.99359979e+000 1.98495235e+000 2.30034823e+001 0.00000000e+000 0.00000000e+000 0.00000000e+000 1.00000000e+000
 1.00000000e+000 3.60103523e+001 2.89888544e+001 2.80109166e+001 2.29877995e+001 8.89863567e+001 4.89978489e+001 1.00000570e+003 9.96992262e+002 4.00220883e+000 1.99792796e+000 2.29897205e+001 0.00000000e+000 1.00000000e+000 0.00000000e+000 0.00000000e+000
 1.00000000e+000 3.60050085e+001 2.89989769e+001 2.69961064e+001 2.29966404e+001 8.89978675e+001 4.89957669e+001 1.00098574e+003 9.97989004e+002 2.99962606e+000 2.00084078e+000 2.29973349e+001 0.00000000e+000 0.00000000e+000 0.00000000e+000 1.00000000e+000
 1.00000000e+000 3.40030261e+001 2.79978822e+001 2.69989445e+001 2.39983637e+001 9.39991633e+001 5.89973705e+001 1.00298997e+003 9.99989984e+002 4.00015427e+000 2.00013647e+000 2.29974469e+001 0.00000000e+000 0.00000000e+000 0.00000000e+000 1.00000000e+000
 1.00000000e+000 3.40048517e+001 2.79979965e+001 2.70011954e+001 2.50020355e+001 8.89962306e+001 6.29980573e+001 1.00299260e+003 9.98993689e+002 3.00542934e+000 1.00034799e+000 2.29985948e+001 0.00000000e+000 0.00000000e+000 0.00000000e+000 1.00000000e+000
 1.00000000e+000 3.50086883e+001 2.69957346e+001 2.70062645e+001 2.49979381e+001 9.99911149e+001 5.59969378e+001 1.00199859e+003 9.96993162e+002 4.00374253e+000 1.00006632e+000 1.59914714e+001 1.00000000e+000 0.00000000e+000 0.00000000e+000 0.00000000e+000
 1.00000000e+000 3.40009060e+001 2.50001282e+001 2.89985400e+001 2.49999316e+001 9.99979886e+001 5.89978779e+001 9.99990021e+002 9.94992120e+002 3.00114629e+000 1.99978367e+000 2.29991601e+001 0.00000000e+000 1.00000000e+000 0.00000000e+000 0.00000000e+000
 1.00000000e+000 3.40028905e+001 2.49978547e+001 2.69962501e+001 2.39987101e+001 1.00000328e+002 6.29976920e+001 9.98986239e+002 9.94989127e+002 3.99964790e+000 2.00105895e+000 2.69991929e+001 1.00000000e+000 0.00000000e+000 0.00000000e+000 0.00000000e+000
 1.00000000e+000 3.60032495e+001 2.70005917e+001 2.80034900e+001 2.49974198e+001 9.99920919e+001 5.29959320e+001 1.00199025e+003 9.97989080e+002 3.00042856e+000 2.00085987e+000 1.89930380e+001 1.00000000e+000 0.00000000e+000 0.00000000e+000 0.00000000e+000
 1.00000000e+000 3.20113577e+001 2.69805350e+001 2.80162105e+001 2.60026113e+001 9.99869447e+001 7.50072869e+001 1.00401307e+003 9.98991130e+002 2.99983017e+000 1.98889547e+000 1.89930900e+001 0.00000000e+000 1.00000000e+000 0.00000000e+000 0.00000000e+000
 1.00000000e+000 3.50007671e+001 2.79994883e+001 2.69968690e+001 2.49975674e+001 9.40010859e+001 5.59980213e+001 1.00298702e+003 9.97989421e+002 2.99859494e+000 1.00051371e+000 1.59998882e+001 1.00000000e+000 0.00000000e+000 0.00000000e+000 0.00000000e+000
 1.00000000e+000 3.60067215e+001 2.79929464e+001 2.70072492e+001 2.50050468e+001 9.39939846e+001 5.30015323e+001 1.00099614e+003 9.96994920e+002 3.00329584e+000 1.99811764e+000 1.60002052e+001 0.00000000e+000 0.00000000e+000 0.00000000e+000 1.00000000e+000
 1.00000000e+000 3.50011698e+001 2.79982285e+001 2.69983086e+001 2.49981151e+001 8.90012759e+001 5.89972279e+001 1.00098946e+003 9.97989482e+002 2.99970629e+000 1.99970084e+000 2.09988235e+001 0.00000000e+000 1.00000000e+000 0.00000000e+000 0.00000000e+000
 1.00000000e+000 3.40062037e+001 2.89942531e+001 2.80035612e+001 2.39975248e+001 9.39990158e+001 6.29965020e+001 1.00199073e+003 9.98991003e+002 4.00050270e+000 1.00041707e+000 1.89922552e+001 0.00000000e+000 0.00000000e+000 0.00000000e+000 1.00000000e+000
 1.00000000e+000 3.40038878e+001 2.79958426e+001 2.80011798e+001 2.69997187e+001 9.39981278e+001 6.70005687e+001 1.00199777e+003 9.97991525e+002 2.99838178e+000 1.99933344e+000 1.29926680e+001 0.00000000e+000 0.00000000e+000 0.00000000e+000 1.00000000e+000
 1.00000000e+000 3.39990114e+001 2.70013267e+001 2.79948643e+001 2.59986166e+001 1.00002128e+002 6.69970412e+001 9.99984747e+002 9.94988857e+002 2.99793803e+000 1.00080342e+000 1.10016773e+001 0.00000000e+000 0.00000000e+000 0.00000000e+000 1.00000000e+000
 1.00000000e+000 3.49994073e+001 2.80014770e+001 2.79957459e+001 2.49977577e+001 9.40021716e+001 5.59995638e+001 9.99986440e+002 9.93988413e+002 3.99814395e+000 2.99977032e+000 2.10004086e+001 0.00000000e+000 0.00000000e+000 0.00000000e+000 1.00000000e+000
 1.00000000e+000 2.90057096e+001 2.39963275e+001 2.70023125e+001 2.39990264e+001 9.99968288e+001 8.39973690e+001 1.00199436e+003 9.97992294e+002 3.00085710e+000 9.99447388e-001 1.89951177e+001 0.00000000e+000 1.00000000e+000 0.00000000e+000 0.00000000e+000
 1.00000000e+000 3.90035462e+001 2.59962266e+001 2.70016181e+001 2.49992360e+001 9.39972026e+001 5.00001476e+001 1.00099148e+003 9.94988866e+002 3.00109122e+000 9.99438518e-001 1.39968868e+001 1.00000000e+000 0.00000000e+000 0.00000000e+000 0.00000000e+000
 1.00000000e+000 3.10021444e+001 2.69976346e+001 2.79991056e+001 2.59990228e+001 9.99989624e+001 8.39980212e+001 9.99985428e+002 9.95988629e+002 2.99910123e+000 9.99654602e-001 1.59999967e+001 0.00000000e+000 0.00000000e+000 1.00000000e+000 0.00000000e+000
 1.00000000e+000 3.40023083e+001 2.59970148e+001 2.69987622e+001 2.49968829e+001 9.40002714e+001 6.29997508e+001 1.00199024e+003 9.97989211e+002 3.99822833e+000 9.99581304e-001 1.39987305e+001 0.00000000e+000 1.00000000e+000 0.00000000e+000 0.00000000e+000
 1.00000000e+000 3.50021009e+001 2.79996132e+001 2.79979456e+001 2.59980024e+001 9.40009438e+001 6.29978233e+001 9.99988609e+002 9.96988024e+002 3.99827742e+000 2.00069162e+000 1.90000954e+001 0.00000000e+000 0.00000000e+000 0.00000000e+000 1.00000000e+000
 1.00000000e+000 3.29993074e+001 2.60070628e+001 2.69966075e+001 2.49991547e+001 9.99980546e+001 6.59947449e+001 9.98988625e+002 9.94984506e+002 2.99109093e+000 2.00156935e+000 2.09850163e+001 0.00000000e+000 0.00000000e+000 0.00000000e+000 1.00000000e+000
 1.00000000e+000 3.40041634e+001 2.49878872e+001 2.70001377e+001 2.49980857e+001 9.99933388e+001 5.89964774e+001 9.97992674e+002 9.94983130e+002 4.00366921e+000 1.00539139e+000 1.90033155e+001 0.00000000e+000 0.00000000e+000 0.00000000e+000 1.00000000e+000
 1.00000000e+000 3.30029386e+001 2.69979160e+001 2.80004876e+001 2.49977114e+001 9.99970931e+001 6.29973073e+001 9.99991521e+002 9.96990201e+002 3.99979956e+000 1.00044383e+000 1.89966310e+001 0.00000000e+000 0.00000000e+000 0.00000000e+000 1.00000000e+000
 1.00000000e+000 3.60018789e+001 2.70003498e+001 2.79967140e+001 2.49972122e+001 1.00001268e+002 5.59984472e+001 1.00098684e+003 9.97988247e+002 3.99950727e+000 1.00258638e+000 1.10004102e+001 0.00000000e+000 1.00000000e+000 0.00000000e+000 0.00000000e+000
 1.00000000e+000 3.50014513e+001 2.69990727e+001 2.99986894e+001 2.09992700e+001 1.00000603e+002 5.49970831e+001 1.00098667e+003 9.97988761e+002 3.99965058e+000 1.00123734e+000 1.39996564e+001 0.00000000e+000 0.00000000e+000 1.00000000e+000 0.00000000e+000
 1.00000000e+000 3.20030146e+001 2.79980961e+001 2.79985066e+001 2.49986001e+001 9.99999471e+001 7.89966075e+001 1.00098890e+003 9.96990398e+002 2.99921789e+000 1.00030331e+000 1.89977093e+001 0.00000000e+000 1.00000000e+000 0.00000000e+000 0.00000000e+000
 1.00000000e+000 3.10031243e+001 2.59990138e+001 2.69986382e+001 2.39983781e+001 9.99993873e+001 7.89964768e+001 9.99987105e+002 9.96990470e+002 2.99873433e+000 1.00070042e+000 2.39985239e+001 1.00000000e+000 0.00000000e+000 0.00000000e+000 0.00000000e+000
 1.00000000e+000 3.30007630e+001 2.59996126e+001 2.79978055e+001 2.49986076e+001 9.99995652e+001 6.29972260e+001 1.00098792e+003 9.96987704e+002 2.99819663e+000 1.00028874e+000 1.39978230e+001 1.00000000e+000 0.00000000e+000 0.00000000e+000 0.00000000e+000
 1.00000000e+000 3.30055634e+001 2.79977477e+001 2.69993051e+001 2.49977576e+001 9.39993717e+001 6.29974467e+001 1.00299025e+003 9.98990723e+002 4.00020077e+000 2.00066041e+000 2.39967006e+001 0.00000000e+000 0.00000000e+000 0.00000000e+000 1.00000000e+000
 1.00000000e+000 3.50035291e+001 2.79969260e+001 2.80003691e+001 2.49987806e+001 9.39987617e+001 5.89986627e+001 1.00399166e+003 1.00099088e+003 4.00058170e+000 1.99987654e+000 2.39967930e+001 0.00000000e+000 0.00000000e+000 0.00000000e+000 1.00000000e+000
 1.00000000e+000 3.49988695e+001 2.80022370e+001 2.79968974e+001 2.39972652e+001 8.90008661e+001 5.29978218e+001 1.00398387e+003 9.98987697e+002 4.99688203e+000 2.00068324e+000 1.39999981e+001 0.00000000e+000 1.00000000e+000 0.00000000e+000 0.00000000e+000
 1.00000000e+000 3.40043520e+001 2.69967158e+001 2.80008828e+001 2.59989179e+001 9.99980486e+001 6.69982644e+001 1.00399267e+003 9.99991209e+002 4.00071458e+000 9.99805139e-001 1.59966000e+001 0.00000000e+000 0.00000000e+000 0.00000000e+000 1.00000000e+000
 1.00000000e+000 2.80015807e+001 2.49997321e+001 2.69974804e+001 2.50006504e+001 1.00000913e+002 9.39951129e+001 1.00498855e+003 1.00198882e+003 2.00008147e+000 1.00033101e+000 1.29995916e+001 0.00000000e+000 1.00000000e+000 0.00000000e+000 0.00000000e+000
 1.00000000e+000 2.90032046e+001 2.59979948e+001 2.69993765e+001 2.59991160e+001 9.99995071e+001 8.39968062e+001 1.00498991e+003 1.00099052e+003 2.99941390e+000 9.99847211e-001 1.09984437e+001 1.00000000e+000 0.00000000e+000 0.00000000e+000 0.00000000e+000
 1.00000000e+000 3.10067200e+001 2.69993743e+001 2.70013011e+001 2.59947116e+001 1.00001423e+002 7.90027959e+001 1.00398884e+003 9.99987487e+002 3.99027850e+000 9.94582471e-001 1.39970633e+001 0.00000000e+000 1.00000000e+000 0.00000000e+000 0.00000000e+000
 1.00000000e+000 2.80017054e+001 2.59919566e+001 2.70028613e+001 2.50013747e+001 9.99948881e+001 8.40017939e+001 1.00298361e+003 1.00098586e+003 3.00641945e+000 9.98310268e-001 1.40072652e+001 0.00000000e+000 0.00000000e+000 0.00000000e+000 1.00000000e+000
 1.00000000e+000 3.20093544e+001 2.59937724e+001 2.99993528e+001 2.49970079e+001 9.99995543e+001 6.60000678e+001 1.00298655e+003 9.98990261e+002 3.00398673e+000 1.00203321e+000 1.89924872e+001 0.00000000e+000 1.00000000e+000 0.00000000e+000 0.00000000e+000
 1.00000000e+000 3.10032383e+001 2.69952687e+001 2.89970102e+001 2.59921651e+001 1.00000461e+002 7.89941417e+001 1.00499243e+003 1.00098839e+003 3.00022127e+000 1.00041080e+000 1.60002801e+001 0.00000000e+000 1.00000000e+000 0.00000000e+000 0.00000000e+000
 1.00000000e+000 3.20022340e+001 2.69984222e+001 2.79986831e+001 2.59995762e+001 9.39998977e+001 7.49976660e+001 1.00498882e+003 9.99989468e+002 2.99918143e+000 1.00006447e+000 1.39980554e+001 0.00000000e+000 1.00000000e+000 0.00000000e+000 0.00000000e+000
 1.00000000e+000 3.10006084e+001 2.70002173e+001 2.79980328e+001 2.59995257e+001 1.00000940e+002 7.49967347e+001 1.00298813e+003 9.98987165e+002 2.99878577e+000 1.00059046e+000 2.29982043e+001 0.00000000e+000 0.00000000e+000 0.00000000e+000 1.00000000e+000
 1.00000000e+000 3.30052330e+001 2.59944018e+001 2.70062713e+001 2.49983573e+001 9.99938157e+001 6.60038779e+001 1.00299465e+003 9.99993274e+002 2.99351457e+000 9.96674209e-001 2.29914126e+001 0.00000000e+000 1.00000000e+000 0.00000000e+000 0.00000000e+000
 1.00000000e+000 2.99961810e+001 2.60004305e+001 2.79902325e+001 2.49984640e+001 1.00004618e+002 8.39962409e+001 1.00498215e+003 1.00199153e+003 3.99340475e+000 1.00690453e+000 1.89950659e+001 1.00000000e+000 0.00000000e+000 0.00000000e+000 0.00000000e+000
 1.00000000e+000 3.00028614e+001 2.49975944e+001 2.69953862e+001 1.70027938e+001 1.00004651e+002 5.40034162e+001 1.00398801e+003 9.99986695e+002 1.99480694e+000 1.00093359e+000 1.39940156e+001 0.00000000e+000 0.00000000e+000 0.00000000e+000 1.00000000e+000
 1.00000000e+000 3.10050744e+001 2.49981822e+001 2.80036632e+001 2.49972962e+001 9.99987283e+001 7.90026619e+001 1.00299566e+003 9.97988672e+002 3.00511041e+000 9.95410374e-001 1.89960588e+001 1.00000000e+000 0.00000000e+000 0.00000000e+000 0.00000000e+000
 1.00000000e+000 3.10035824e+001 2.60007850e+001 2.79950274e+001 2.50004550e+001 1.00004704e+002 7.89955151e+001 1.00297807e+003 9.98985213e+002 3.00141476e+000 1.00184832e+000 1.40011608e+001 0.00000000e+000 1.00000000e+000 0.00000000e+000 0.00000000e+000
 1.00000000e+000 3.19986812e+001 2.60041530e+001 2.80001716e+001 2.60028823e+001 9.99976909e+001 6.99967498e+001 1.00399296e+003 9.98991946e+002 2.99853546e+000 9.99433656e-001 1.29964337e+001 1.00000000e+000 0.00000000e+000 0.00000000e+000 0.00000000e+000
 1.00000000e+000 3.19995049e+001 2.60016485e+001 2.79990100e+001 2.49946727e+001 9.99995340e+001 7.00018484e+001 1.00199184e+003 9.98989344e+002 3.00524089e+000 9.98297858e-001 1.09981922e+001 1.00000000e+000 0.00000000e+000 0.00000000e+000 0.00000000e+000
 1.00000000e+000 3.30052894e+001 2.59945588e+001 2.79998824e+001 2.49973915e+001 1.00000235e+002 6.59985158e+001 1.00199045e+003 9.97987662e+002 3.99698939e+000 9.98867258e-001 1.59987678e+001 1.00000000e+000 0.00000000e+000 0.00000000e+000 0.00000000e+000
 1.00000000e+000 3.10019745e+001 2.59968684e+001 2.59924749e+001 2.39971624e+001 1.00005604e+002 6.99951343e+001 1.00499065e+003 1.00099015e+003 4.00179866e+000 2.00279651e+000 1.40006724e+001 1.00000000e+000 0.00000000e+000 0.00000000e+000 0.00000000e+000
 1.00000000e+000 3.40069274e+001 2.69950175e+001 2.70000836e+001 2.49979131e+001 9.99995085e+001 6.29985961e+001 1.00399498e+003 1.00099335e+003 3.00075488e+000 1.00382848e+000 1.09914899e+001 0.00000000e+000 1.00000000e+000 0.00000000e+000 0.00000000e+000
 1.00000000e+000 3.50035166e+001 2.79985822e+001 2.69996882e+001 2.49986361e+001 9.40004356e+001 5.59986499e+001 1.00399425e+003 1.00099182e+003 2.99901049e+000 2.00057531e+000 1.59937851e+001 0.00000000e+000 0.00000000e+000 0.00000000e+000 1.00000000e+000
 1.00000000e+000 3.40025923e+001 2.69979285e+001 2.79995170e+001 2.59986307e+001 9.99994272e+001 6.29988945e+001 1.00399043e+003 9.98990497e+002 2.99978302e+000 1.00009227e+000 9.99829485e+000 0.00000000e+000 0.00000000e+000 0.00000000e+000 1.00000000e+000
 1.00000000e+000 3.50035839e+001 2.69942750e+001 2.80010657e+001 2.49948924e+001 9.99964424e+001 5.60018355e+001 1.00198777e+003 9.97986724e+002 3.00135813e+000 9.99929486e-001 1.59957145e+001 1.00000000e+000 0.00000000e+000 0.00000000e+000 0.00000000e+000
 1.00000000e+000 3.39710928e+001 2.80164580e+001 2.79613448e+001 2.49926841e+001 8.40286038e+001 6.29812771e+001 1.00297164e+003 9.98968213e+002 2.99116775e+000 2.00858233e+000 2.30189629e+001 0.00000000e+000 0.00000000e+000 0.00000000e+000 1.00000000e+000
 1.00000000e+000 3.20042019e+001 2.69968716e+001 2.50011263e+001 2.19984126e+001 8.39998644e+001 5.79988316e+001 1.00699151e+003 1.00199060e+003 3.00043012e+000 1.00019587e+000 1.59972927e+001 0.00000000e+000 0.00000000e+000 0.00000000e+000 1.00000000e+000
 1.00000000e+000 3.40025749e+001 2.49968652e+001 2.60006926e+001 2.29975888e+001 9.39987656e+001 5.19995925e+001 1.00699165e+003 1.00398919e+003 3.99989399e+000 1.99959640e+000 1.89979326e+001 0.00000000e+000 0.00000000e+000 0.00000000e+000 1.00000000e+000
 1.00000000e+000 3.10017288e+001 2.69993602e+001 2.69991396e+001 2.29989508e+001 9.99998506e+001 6.59987573e+001 1.00698940e+003 1.00299015e+003 4.00009207e+000 3.00038118e+000 1.39984592e+001 0.00000000e+000 0.00000000e+000 0.00000000e+000 1.00000000e+000
 1.00000000e+000 3.30045115e+001 2.59983016e+001 2.69998172e+001 2.39968467e+001 1.00000111e+002 5.89976081e+001 1.00599339e+003 1.00299464e+003 4.99866780e+000 3.00008537e+000 1.89967821e+001 0.00000000e+000 0.00000000e+000 0.00000000e+000 1.00000000e+000
 1.00000000e+000 3.39981390e+001 3.00019211e+001 2.49968985e+001 2.29955960e+001 7.40022998e+001 5.49970025e+001 1.00598515e+003 1.00398831e+003 4.99737310e+000 4.00053668e+000 1.90008478e+001 0.00000000e+000 1.00000000e+000 0.00000000e+000 0.00000000e+000
 1.00000000e+000 3.50010045e+001 2.59981984e+001 2.39999222e+001 2.29984019e+001 8.30008191e+001 5.29998986e+001 1.00699190e+003 1.00299014e+003 4.99920213e+000 3.99948937e+000 2.29982684e+001 0.00000000e+000 0.00000000e+000 0.00000000e+000 1.00000000e+000
 1.00000000e+000 3.50043538e+001 2.59966120e+001 2.40027090e+001 2.19988694e+001 8.29979429e+001 4.89992242e+001 1.00699331e+003 1.00198939e+003 4.00166010e+000 2.99999533e+000 2.39943320e+001 0.00000000e+000 0.00000000e+000 0.00000000e+000 1.00000000e+000
 1.00000000e+000 3.40020814e+001 2.49990080e+001 2.39955753e+001 2.09994198e+001 8.30008258e+001 4.90016501e+001 1.00699400e+003 1.00198956e+003 3.99771815e+000 2.99724531e+000 2.59986520e+001 0.00000000e+000 0.00000000e+000 0.00000000e+000 1.00000000e+000
 1.00000000e+000 3.39997340e+001 2.50003916e+001 2.39968232e+001 1.99986338e+001 7.80034767e+001 4.59991228e+001 1.00498718e+003 1.00098941e+003 4.99916019e+000 3.00065287e+000 2.30003442e+001 0.00000000e+000 0.00000000e+000 0.00000000e+000 1.00000000e+000
 1.00000000e+000 3.39995451e+001 2.60003919e+001 2.19980618e+001 1.99899447e+001 7.39999837e+001 4.89968470e+001 1.00698753e+003 1.00298731e+003 4.99389173e+000 3.00009603e+000 2.09971810e+001 0.00000000e+000 0.00000000e+000 0.00000000e+000 1.00000000e+000
 1.00000000e+000 3.50004435e+001 2.59991103e+001 2.29986950e+001 1.99958147e+001 7.00016761e+001 4.09977334e+001 1.00899021e+003 1.00499013e+003 4.00112966e+000 3.00076885e+000 1.90012883e+001 0.00000000e+000 0.00000000e+000 0.00000000e+000 1.00000000e+000
 1.00000000e+000 3.40029027e+001 2.69978306e+001 2.40003094e+001 1.99988601e+001 8.40000925e+001 4.59993679e+001 1.00999215e+003 1.00599006e+003 3.00096546e+000 2.00030222e+000 2.09968074e+001 0.00000000e+000 0.00000000e+000 0.00000000e+000 1.00000000e+000
 1.00000000e+000 3.39962736e+001 2.70105555e+001 2.39911750e+001 2.10009587e+001 8.40068920e+001 4.59915816e+001 1.01097815e+003 1.00699160e+003 2.00380032e+000 2.00504268e+000 9.80045697e+001 0.00000000e+000 0.00000000e+000 0.00000000e+000 1.00000000e+000
 1.00000000e+000 3.50025569e+001 2.49976909e+001 2.40017242e+001 1.99982940e+001 9.39972438e+001 4.09999366e+001 1.00899327e+003 1.00399054e+003 5.00082727e+000 9.99973759e-001 1.89970409e+001 0.00000000e+000 1.00000000e+000 0.00000000e+000 0.00000000e+000
 1.00000000e+000 3.60095067e+001 2.80005002e+001 2.39970988e+001 1.89941614e+001 7.90036470e+001 3.69955419e+001 1.00898321e+003 1.00498757e+003 4.00569924e+000 3.00290888e+000 1.59952273e+001 0.00000000e+000 0.00000000e+000 0.00000000e+000 1.00000000e+000
 1.00000000e+000 3.50033710e+001 2.60011142e+001 2.50004730e+001 2.09976764e+001 9.39977630e+001 4.60013901e+001 1.00999195e+003 1.00699295e+003 3.99996949e+000 1.99933670e+000 1.89961036e+001 0.00000000e+000 0.00000000e+000 0.00000000e+000 1.00000000e+000
 1.00000000e+000 3.49990378e+001 2.70094782e+001 2.49982929e+001 2.30014766e+001 8.39987469e+001 4.89920745e+001 1.01098632e+003 1.00699332e+003 4.00590966e+000 1.00394672e+000 9.99927140e+000 0.00000000e+000 0.00000000e+000 0.00000000e+000 1.00000000e+000
 1.00000000e+000 3.60014084e+001 2.69945405e+001 2.69966686e+001 2.09979189e+001 1.00004845e+002 4.40035112e+001 1.00899093e+003 1.00298616e+003 2.99513837e+000 9.98974376e-001 1.59983247e+001 0.00000000e+000 0.00000000e+000 0.00000000e+000 1.00000000e+000
 1.00000000e+000 3.60040624e+001 2.69968074e+001 2.60010622e+001 1.89983959e+001 8.89993918e+001 3.90003491e+001 1.00599229e+003 9.99991301e+002 3.00116821e+000 1.00015547e+000 2.09966246e+001 0.00000000e+000 0.00000000e+000 1.00000000e+000 0.00000000e+000
 1.00000000e+000 3.40015835e+001 2.50006835e+001 2.40024316e+001 1.79960075e+001 8.89937650e+001 5.09982322e+001 1.00599139e+003 1.00098908e+003 3.00452607e+000 2.00194146e+000 1.89953040e+001 0.00000000e+000 0.00000000e+000 0.00000000e+000 1.00000000e+000
 1.00000000e+000 3.49964318e+001 2.50060571e+001 2.29948977e+001 1.50005900e+001 8.30036606e+001 3.20018954e+001 1.00698313e+003 1.00198989e+003 4.00154698e+000 1.99524049e+000 1.40046399e+001 0.00000000e+000 0.00000000e+000 0.00000000e+000 1.00000000e+000
 1.00000000e+000 3.49931415e+001 2.40097020e+001 2.29863891e+001 1.79948638e+001 9.40103476e+001 3.59978309e+001 1.00698050e+003 1.00198819e+003 3.98782030e+000 2.00282762e+000 1.89976368e+001 0.00000000e+000 0.00000000e+000 0.00000000e+000 1.00000000e+000
 1.00000000e+000 3.50014813e+001 2.49983152e+001 2.39984423e+001 1.99985234e+001 9.40003078e+001 4.09988616e+001 1.00598992e+003 1.00098756e+003 2.99968415e+000 2.00077859e+000 1.29978583e+001 0.00000000e+000 0.00000000e+000 0.00000000e+000 1.00000000e+000
 1.00000000e+000 3.29997401e+001 2.60005257e+001 2.49980985e+001 2.19980004e+001 8.90004302e+001 6.19966335e+001 1.00498726e+003 1.00298903e+003 3.99822932e+000 1.00073522e+000 2.69984613e+001 0.00000000e+000 0.00000000e+000 0.00000000e+000 1.00000000e+000
 1.00000000e+000 3.30005274e+001 2.39995623e+001 2.49981657e+001 2.29993824e+001 1.00000001e+002 5.50025953e+001 1.00598570e+003 1.00398697e+003 3.99706481e+000 9.99395986e-001 2.39983373e+001 0.00000000e+000 0.00000000e+000 0.00000000e+000 1.00000000e+000
 1.00000000e+000 3.30029754e+001 2.40027974e+001 2.50033668e+001 2.30029309e+001 9.40019684e+001 5.49975662e+001 1.00499093e+003 1.00099681e+003 4.00259940e+000 1.00112325e+000 2.09979759e+001 1.00000000e+000 0.00000000e+000 0.00000000e+000 0.00000000e+000
 1.00000000e+000 3.40018048e+001 2.69993585e+001 2.59990508e+001 2.29978175e+001 8.90012175e+001 5.19984330e+001 1.00498784e+003 1.00098910e+003 3.99935022e+000 2.00050094e+000 1.29993045e+001 0.00000000e+000 0.00000000e+000 0.00000000e+000 1.00000000e+000
 1.00000000e+000 3.49987413e+001 2.70059690e+001 2.59925282e+001 2.30004324e+001 8.90082006e+001 5.20001232e+001 1.00598083e+003 1.00199005e+003 2.99967412e+000 2.00143218e+000 1.90047761e+001 0.00000000e+000 0.00000000e+000 0.00000000e+000 1.00000000e+000
 1.00000000e+000 3.40008484e+001 2.69997126e+001 2.50000918e+001 2.19996325e+001 8.90001321e+001 5.19996608e+001 1.00799058e+003 1.00398942e+003 3.99899310e+000 1.99987514e+000 1.90002111e+001 0.00000000e+000 0.00000000e+000 0.00000000e+000 1.00000000e+000
 1.00000000e+000 3.30040668e+001 2.49990114e+001 2.49991970e+001 2.29994397e+001 9.99993844e+001 5.90000720e+001 1.00999315e+003 1.00698797e+003 5.00136329e+000 9.99799167e-001 2.09949152e+001 1.00000000e+000 0.00000000e+000 0.00000000e+000 0.00000000e+000
 1.00000000e+000 3.39989380e+001 2.60011325e+001 2.49974349e+001 2.39985182e+001 8.90023893e+001 5.59974158e+001 1.00898476e+003 1.00498668e+003 3.99696061e+000 2.00091393e+000 1.59986708e+001 0.00000000e+000 0.00000000e+000 0.00000000e+000 1.00000000e+000
 1.00000000e+000 3.50071615e+001 2.49942409e+001 2.50030951e+001 2.29904071e+001 9.39990716e+001 4.90006733e+001 1.00899022e+003 1.00400275e+003 3.99997664e+000 1.99831247e+000 1.40053936e+001 0.00000000e+000 1.00000000e+000 0.00000000e+000 0.00000000e+000
 1.00000000e+000 3.00000022e+001 2.60006413e+001 2.59961831e+001 2.19984228e+001 8.90027928e+001 6.99963782e+001 1.00698675e+003 1.00298789e+003 2.99914413e+000 1.00101015e+000 1.60001914e+001 0.00000000e+000 0.00000000e+000 0.00000000e+000 1.00000000e+000
 1.00000000e+000 3.00058714e+001 2.39981945e+001 2.50006349e+001 2.29998951e+001 9.39998630e+001 6.59987631e+001 1.00799238e+003 1.00399371e+003 4.00090238e+000 2.00043182e+000 1.59959808e+001 0.00000000e+000 0.00000000e+000 0.00000000e+000 1.00000000e+000
 1.00000000e+000 3.20028514e+001 2.49986334e+001 2.49999293e+001 2.09989131e+001 9.39996977e+001 5.79985432e+001 1.00999059e+003 1.00699080e+003 4.00024653e+000 3.00029434e+000 1.59976850e+001 1.00000000e+000 0.00000000e+000 0.00000000e+000 0.00000000e+000
 1.00000000e+000 3.30003885e+001 2.50028362e+001 2.29978938e+001 1.99963766e+001 8.90012333e+001 5.19984664e+001 1.01298963e+003 1.00898954e+003 3.99612814e+000 3.00030960e+000 2.29953789e+001 0.00000000e+000 0.00000000e+000 0.00000000e+000 1.00000000e+000
 1.00000000e+000 3.30025370e+001 2.39983349e+001 2.10008136e+001 1.99977089e+001 8.29998501e+001 4.59995333e+001 1.01198996e+003 1.00699047e+003 5.00000219e+000 2.99984876e+000 2.39980476e+001 0.00000000e+000 0.00000000e+000 0.00000000e+000 1.00000000e+000
 1.00000000e+000 2.60007329e+001 2.29899498e+001 2.29978214e+001 1.99922424e+001 9.40021723e+001 7.79913120e+001 1.00998980e+003 1.00598875e+003 4.00142712e+000 2.00706535e+000 2.29995009e+001 0.00000000e+000 0.00000000e+000 0.00000000e+000 1.00000000e+000
 1.00000000e+000 3.20039995e+001 2.29979880e+001 2.30008354e+001 1.99992504e+001 9.39991617e+001 4.89976197e+001 1.00798993e+003 1.00299075e+003 3.00078238e+000 2.00031991e+000 1.39975425e+001 0.00000000e+000 1.00000000e+000 0.00000000e+000 0.00000000e+000
 1.00000000e+000 3.30013101e+001 2.39963988e+001 2.40015629e+001 2.19976638e+001 9.39998337e+001 5.19996121e+001 1.00899002e+003 1.00599041e+003 2.00004747e+000 1.00076788e+000 1.29976358e+001 0.00000000e+000 0.00000000e+000 0.00000000e+000 1.00000000e+000
 1.00000000e+000 3.29998690e+001 2.59995348e+001 2.40008825e+001 2.19992400e+001 8.90003105e+001 5.19997858e+001 1.01199089e+003 1.00798993e+003 2.99908456e+000 9.99827631e-001 1.09997667e+001 0.00000000e+000 0.00000000e+000 0.00000000e+000 1.00000000e+000
 1.00000000e+000 3.40019926e+001 2.50012816e+001 2.40014967e+001 2.19995648e+001 8.89981133e+001 4.89975936e+001 1.01299338e+003 1.00299163e+003 4.00068173e+000 1.00060983e+000 1.29970025e+001 0.00000000e+000 0.00000000e+000 0.00000000e+000 1.00000000e+000
 1.00000000e+000 3.40034907e+001 2.59973298e+001 2.40017195e+001 2.09981223e+001 8.89985443e+001 4.60000695e+001 1.01399078e+003 1.00998992e+003 4.00080782e+000 1.99972665e+000 1.59976548e+001 0.00000000e+000 0.00000000e+000 0.00000000e+000 1.00000000e+000
 1.00000000e+000 3.40029587e+001 2.49983366e+001 2.30004472e+001 1.89975605e+001 8.89999170e+001 4.29998558e+001 1.01398955e+003 1.00999089e+003 2.99934828e+000 2.00001152e+000 1.09979142e+001 0.00000000e+000 0.00000000e+000 0.00000000e+000 1.00000000e+000
 1.00000000e+000 2.90014252e+001 2.10009275e+001 2.29960068e+001 1.99978606e+001 1.00003334e+002 6.59960129e+001 1.01698434e+003 1.00898796e+003 4.99857451e+000 1.00208413e+000 2.09986191e+001 0.00000000e+000 0.00000000e+000 0.00000000e+000 1.00000000e+000
 1.00000000e+000 3.00055614e+001 2.29974290e+001 2.40066088e+001 2.10025969e+001 9.39917980e+001 6.19986814e+001 1.01200151e+003 1.00799696e+003 4.00552549e+000 1.99935644e+000 9.99262899e+000 1.00000000e+000 0.00000000e+000 0.00000000e+000 0.00000000e+000
 1.00000000e+000 3.10041802e+001 2.39917664e+001 2.39973976e+001 2.00011865e+001 9.99995866e+001 5.19986314e+001 1.01099022e+003 1.00698659e+003 3.00066383e+000 1.00228543e+000 1.09981509e+001 0.00000000e+000 1.00000000e+000 0.00000000e+000 0.00000000e+000
 1.00000000e+000 3.20009866e+001 2.40018853e+001 2.39969779e+001 2.19997810e+001 9.40019193e+001 5.49975942e+001 1.00998636e+003 1.00599005e+003 4.00022259e+000 1.00153574e+000 1.89997057e+001 0.00000000e+000 0.00000000e+000 0.00000000e+000 1.00000000e+000
 1.00000000e+000 3.30037915e+001 2.29994205e+001 2.30021179e+001 1.69988525e+001 9.39984265e+001 4.30023455e+001 1.01098913e+003 1.00799110e+003 3.99761599e+000 1.99965702e+000 1.39956226e+001 0.00000000e+000 0.00000000e+000 0.00000000e+000 1.00000000e+000
 1.00000000e+000 3.30110022e+001 2.09909772e+001 2.19971938e+001 1.50133094e+001 9.99942965e+001 3.40055159e+001 1.01198387e+003 1.00798723e+003 4.99281816e+000 1.00920302e+000 1.09920320e+001 0.00000000e+000 0.00000000e+000 0.00000000e+000 1.00000000e+000
 1.00000000e+000 3.30094533e+001 2.19957765e+001 2.20067908e+001 1.79989982e+001 9.39948038e+001 4.10014322e+001 1.01200137e+003 1.00899690e+003 4.00146284e+000 9.99748132e-001 1.29902496e+001 0.00000000e+000 0.00000000e+000 0.00000000e+000 1.00000000e+000
 1.00000000e+000 3.20001101e+001 2.29988102e+001 2.19980122e+001 1.99963763e+001 8.90039841e+001 4.89941610e+001 1.01400251e+003 1.01098903e+003 2.99720217e+000 1.00048126e+000 1.29929578e+001 0.00000000e+000 0.00000000e+000 0.00000000e+000 1.00000000e+000
 1.00000000e+000 3.20044349e+001 2.10017424e+001 2.09953817e+001 1.29904278e+001 8.80018049e+001 3.09963210e+001 1.01498009e+003 1.01098928e+003 4.99860091e+000 1.00696485e+000 1.59985737e+001 0.00000000e+000 0.00000000e+000 0.00000000e+000 1.00000000e+000
 1.00000000e+000 3.10000155e+001 1.90002090e+001 1.89991791e+001 1.29985674e+001 9.40010882e+001 3.29996380e+001 1.01398996e+003 1.00999034e+003 4.00065605e+000 1.00081037e+000 1.09985334e+001 0.00000000e+000 0.00000000e+000 0.00000000e+000 1.00000000e+000
 1.00000000e+000 3.10083891e+001 1.90001582e+001 1.90040415e+001 1.09992585e+001 9.39936812e+001 2.90000851e+001 1.01198671e+003 1.00898475e+003 4.00973363e+000 1.00353420e+000 1.39887324e+001 0.00000000e+000 0.00000000e+000 0.00000000e+000 1.00000000e+000
 1.00000000e+000 3.30040767e+001 1.79945281e+001 1.79992005e+001 1.29924941e+001 9.40053603e+001 2.90038393e+001 1.01298826e+003 1.00998564e+003 3.99345342e+000 9.99424592e-001 9.99893519e+000 0.00000000e+000 0.00000000e+000 0.00000000e+000 1.00000000e+000
 1.00000000e+000 3.10045206e+001 1.99961293e+001 2.00011777e+001 1.49985940e+001 8.79987006e+001 3.80001880e+001 1.01699335e+003 1.01199282e+003 2.99913157e+000 1.00103404e+000 1.09973913e+001 0.00000000e+000 0.00000000e+000 0.00000000e+000 1.00000000e+000
 1.00000000e+000 3.00032948e+001 1.89980238e+001 2.00015793e+001 1.69994906e+001 9.39987125e+001 4.79998416e+001 1.01599396e+003 1.01199202e+003 3.00026550e+000 9.99898054e-001 9.99747995e+000 0.00000000e+000 0.00000000e+000 0.00000000e+000 1.00000000e+000
 1.00000000e+000 3.00025737e+001 1.89991190e+001 1.90011502e+001 1.49972872e+001 9.39985015e+001 4.00001248e+001 1.01499094e+003 1.00999246e+003 1.99997679e+000 1.00039942e+000 1.09989789e+001 0.00000000e+000 0.00000000e+000 1.00000000e+000 0.00000000e+000
 1.00000000e+000 3.00006999e+001 1.90003816e+001 1.89997925e+001 1.69981813e+001 9.39992622e+001 4.49988922e+001 1.01399071e+003 1.00999012e+003 2.99868669e+000 1.00036369e+000 9.99864363e+000 0.00000000e+000 0.00000000e+000 1.00000000e+000 0.00000000e+000
 1.00000000e+000 3.00027571e+001 1.79983213e+001 2.00009934e+001 9.99942763e+000 9.39988410e+001 2.90006484e+001 1.01399351e+003 1.00899181e+003 3.00023864e+000 3.10894727e-004 1.39976844e+001 0.00000000e+000 0.00000000e+000 1.00000000e+000 0.00000000e+000
 1.00000000e+000 3.00021165e+001 1.79989334e+001 1.60009691e+001 1.29991527e+001 8.29999975e+001 3.50003375e+001 1.01199240e+003 1.00899142e+003 2.99994041e+000 1.00014285e+000 1.89979125e+001 0.00000000e+000 0.00000000e+000 1.00000000e+000 0.00000000e+000
 1.00000000e+000 3.10004701e+001 1.70002729e+001 1.49993421e+001 1.10012635e+001 8.80020147e+001 2.90026781e+001 1.01399090e+003 1.00999424e+003 1.99889474e+000 9.99970908e-001 1.10009335e+001 0.00000000e+000 0.00000000e+000 0.00000000e+000 1.00000000e+000
 1.00000000e+000 3.20018928e+001 1.60014745e+001 1.60009063e+001 1.09988468e+001 8.80002807e+001 2.70015878e+001 1.01599013e+003 1.01099225e+003 3.99586004e+000 1.00012479e+000 1.59952686e+001 0.00000000e+000 0.00000000e+000 1.00000000e+000 0.00000000e+000
 1.00000000e+000 3.00033367e+001 1.99971370e+001 1.80025587e+001 1.19997910e+001 8.79981623e+001 3.70005314e+001 1.01599482e+003 1.01199226e+003 3.99964648e+000 9.99044736e-001 1.39972686e+001 0.00000000e+000 0.00000000e+000 1.00000000e+000 0.00000000e+000
 1.00000000e+000 2.89987291e+001 1.89915679e+001 1.90037309e+001 1.20019078e+001 7.29992683e+001 3.99920002e+001 1.01599154e+003 1.01199389e+003 3.99446896e+000 1.00103879e+000 2.09988387e+001 0.00000000e+000 0.00000000e+000 0.00000000e+000 1.00000000e+000
 1.00000000e+000 2.70030431e+001 1.69983197e+001 1.70014324e+001 1.09997970e+001 8.79995202e+001 3.90010344e+001 1.01599225e+003 1.01299145e+003 1.99961612e+000 9.99756306e-001 1.59975587e+001 0.00000000e+000 0.00000000e+000 0.00000000e+000 1.00000000e+000
 1.00000000e+000 2.80008900e+001 1.39986167e+001 1.20009371e+001 3.99979323e+000 8.20002374e+001 2.30008562e+001 1.01799185e+003 1.01399062e+003 3.99858843e+000 1.00067262e+000 2.09984383e+001 0.00000000e+000 0.00000000e+000 1.00000000e+000 0.00000000e+000
 1.00000000e+000 2.80033635e+001 1.29993844e+001 1.19998545e+001 5.99985406e+000 8.20028390e+001 2.60006922e+001 1.01998917e+003 1.01599144e+003 3.99906637e+000 8.59019877e-004 1.40002409e+001 0.00000000e+000 0.00000000e+000 1.00000000e+000 0.00000000e+000
 1.00000000e+000 2.50029829e+001 1.29985655e+001 1.20005002e+001 8.00204365e+000 8.80014393e+001 3.39971800e+001 1.01898486e+003 1.01599033e+003 1.00075192e+000 2.79820036e-003 7.99794131e+000 0.00000000e+000 0.00000000e+000 1.00000000e+000 0.00000000e+000
 1.00000000e+000 2.70028991e+001 1.39984348e+001 1.40012089e+001 9.99916236e+000 8.19999037e+001 3.59991563e+001 1.01799345e+003 1.01399131e+003 3.00167387e+000 1.00037337e+000 1.29989588e+001 0.00000000e+000 0.00000000e+000 1.00000000e+000 0.00000000e+000
 1.00000000e+000 2.60029227e+001 1.79934857e+001 1.59983344e+001 1.19994352e+001 8.30035931e+001 4.20035190e+001 1.01799549e+003 1.01399361e+003 1.99691318e+000 9.97816511e-001 1.59971881e+001 0.00000000e+000 0.00000000e+000 1.00000000e+000 0.00000000e+000
 1.00000000e+000 2.50059737e+001 1.59975854e+001 1.60020642e+001 1.19981742e+001 8.79998702e+001 4.70008271e+001 1.01799491e+003 1.01399262e+003 2.00163703e+000 9.99173519e-001 1.09981728e+001 0.00000000e+000 1.00000000e+000 0.00000000e+000 0.00000000e+000
 1.00000000e+000 2.50004499e+001 1.39982634e+001 1.50025700e+001 1.19988512e+001 9.39990630e+001 4.40018491e+001 1.01899217e+003 1.01499149e+003 2.99896965e+000 9.98100918e-001 1.10006049e+001 0.00000000e+000 0.00000000e+000 1.00000000e+000 0.00000000e+000
 1.00000000e+000 2.50037179e+001 1.29981761e+001 1.40016354e+001 7.99935199e+000 9.99983524e+001 3.40002480e+001 1.01899336e+003 1.01499126e+003 3.00049849e+000 1.68413171e-004 1.89969317e+001 0.00000000e+000 0.00000000e+000 0.00000000e+000 1.00000000e+000
 1.00000000e+000 2.50050639e+001 1.19969207e+001 1.10028933e+001 5.99998620e+000 8.79990735e+001 3.10010000e+001 1.01599525e+003 1.01099268e+003 4.00144786e+000 9.99854880e-001 2.29963126e+001 0.00000000e+000 0.00000000e+000 1.00000000e+000 0.00000000e+000
 1.00000000e+000 2.49978073e+001 1.20030946e+001 8.99592460e+000 5.99927687e+000 8.20039832e+001 2.89992191e+001 1.01498552e+003 1.01198769e+003 3.99756420e+000 1.00121492e+000 1.40016495e+001 0.00000000e+000 0.00000000e+000 0.00000000e+000 1.00000000e+000
 1.00000000e+000 2.50024336e+001 1.09991250e+001 1.10019648e+001 3.99935181e+000 8.80006654e+001 2.59998802e+001 1.01699097e+003 1.01299013e+003 3.00028895e+000 1.00015689e+000 1.59991560e+001 0.00000000e+000 0.00000000e+000 0.00000000e+000 1.00000000e+000
 1.00000000e+000 2.50129606e+001 1.09907429e+001 1.00083742e+001 3.99610321e+000 8.79967632e+001 2.60015518e+001 1.01800063e+003 1.01299087e+003 4.00195903e+000 9.98989248e-001 1.39910527e+001 0.00000000e+000 0.00000000e+000 1.00000000e+000 0.00000000e+000
 1.00000000e+000 2.50048479e+001 9.00012577e+000 9.00186411e+000 4.00182872e+000 8.70001605e+001 2.59996492e+001 1.01799279e+003 1.01499319e+003 4.00164448e+000 1.00116355e+000 1.09954585e+001 0.00000000e+000 0.00000000e+000 0.00000000e+000 1.00000000e+000
 1.00000000e+000 2.60020896e+001 1.19994729e+001 8.99918271e+000 3.99699528e+000 8.20011507e+001 2.39998566e+001 1.01998996e+003 1.01599130e+003 2.99929666e+000 1.00028512e+000 8.00155071e+000 0.00000000e+000 0.00000000e+000 0.00000000e+000 1.00000000e+000
 1.00000000e+000 2.49988954e+001 9.00385371e+000 7.99594549e+000 1.99996939e+000 8.70044086e+001 2.19993659e+001 1.01998441e+003 1.01598806e+003 2.99732335e+000 1.00165648e+000 1.59999768e+001 0.00000000e+000 0.00000000e+000 0.00000000e+000 1.00000000e+000
 1.00000000e+000 2.70022886e+001 9.99911728e+000 8.00032175e+000 2.99953614e+000 7.60002705e+001 2.10007689e+001 1.01999191e+003 1.01499050e+003 3.99951554e+000 1.00032525e+000 1.89986260e+001 0.00000000e+000 0.00000000e+000 0.00000000e+000 0.00000000e+000
 1.00000000e+000 2.60004320e+001 1.00046789e+001 8.99793407e+000 3.99691975e+000 8.20020331e+001 2.39980132e+001 1.01798382e+003 1.01398847e+003 3.99775784e+000 2.00132698e+000 1.89982390e+001 0.00000000e+000 0.00000000e+000 0.00000000e+000 1.00000000e+000
 1.00000000e+000 2.70033208e+001 1.09984689e+001 1.00021567e+001 5.99944636e+000 7.69996569e+001 2.60007342e+001 1.01599385e+003 1.01099154e+003 4.00022442e+000 1.00001100e+000 1.09970134e+001 0.00000000e+000 0.00000000e+000 0.00000000e+000 1.00000000e+000
 1.00000000e+000 2.70026371e+001 9.99823919e+000 1.10014123e+001 6.00007371e+000 8.79993130e+001 2.60003253e+001 1.01399247e+003 1.00999008e+003 4.00043570e+000 1.00024496e+000 1.39980168e+001 0.00000000e+000 0.00000000e+000 0.00000000e+000 1.00000000e+000
 1.00000000e+000 2.60031361e+001 1.30008486e+001 1.29989739e+001 8.99826226e+000 8.80026480e+001 3.39991227e+001 1.01799735e+003 1.01399327e+003 1.99754537e+000 1.00062765e+000 9.99354570e+000 0.00000000e+000 0.00000000e+000 0.00000000e+000 1.00000000e+000
 1.00000000e+000 2.70020314e+001 1.09997813e+001 1.29999544e+001 9.99980567e+000 9.40001842e+001 3.40002790e+001 1.01699031e+003 1.01199064e+003 1.99972276e+000 4.35871706e-004 1.29984668e+001 0.00000000e+000 0.00000000e+000 1.00000000e+000 0.00000000e+000
 1.00000000e+000 2.70043636e+001 1.20033024e+001 1.09985701e+001 6.00086963e+000 8.80007692e+001 2.60029633e+001 1.01799220e+003 1.01299339e+003 3.00315239e+000 9.99213963e-001 1.39975017e+001 0.00000000e+000 0.00000000e+000 1.00000000e+000 0.00000000e+000
 1.00000000e+000 2.80056231e+001 1.29973050e+001 1.10034535e+001 5.99870674e+000 8.19990279e+001 2.50006740e+001 1.01599354e+003 1.01099184e+003 4.00235414e+000 9.99950429e-001 2.29957305e+001 0.00000000e+000 0.00000000e+000 1.00000000e+000 0.00000000e+000
 1.00000000e+000 2.80041885e+001 1.39982342e+001 1.10029765e+001 7.99981791e+000 7.69991859e+001 2.80003830e+001 1.01399301e+003 1.00999232e+003 4.00168225e+000 2.00004955e+000 2.29964939e+001 0.00000000e+000 0.00000000e+000 0.00000000e+000 1.00000000e+000
 1.00000000e+000 2.70399610e+001 1.29905774e+001 1.20139431e+001 8.01462231e+000 8.19871159e+001 2.99950753e+001 1.01602004e+003 1.01300503e+003 4.02015809e+000 1.00613977e+000 1.29956910e+001 0.00000000e+000 0.00000000e+000 0.00000000e+000 1.00000000e+000
 1.00000000e+000 2.70027760e+001 1.19993899e+001 1.19992763e+001 5.99904826e+000 8.79988455e+001 2.60010489e+001 1.01899151e+003 1.01599050e+003 3.00009713e+000 1.00076591e+000 1.29980573e+001 0.00000000e+000 0.00000000e+000 0.00000000e+000 1.00000000e+000
 1.00000000e+000 2.69992957e+001 1.09991241e+001 1.09985863e+001 4.99452519e+000 9.39984035e+001 2.39996934e+001 1.01998772e+003 1.01498440e+003 3.99432966e+000 9.99922562e-001 2.29956708e+001 0.00000000e+000 0.00000000e+000 1.00000000e+000 0.00000000e+000
 1.00000000e+000 2.60021921e+001 1.09994470e+001 1.09998948e+001 4.99884065e+000 8.20007392e+001 2.60002493e+001 1.01798932e+003 1.01398945e+003 4.00034363e+000 1.00032110e+000 1.89987068e+001 0.00000000e+000 0.00000000e+000 1.00000000e+000 0.00000000e+000
 1.00000000e+000 2.69970672e+001 9.99849532e+000 9.99782972e+000 3.99856958e+000 8.20007618e+001 2.30021426e+001 1.01798997e+003 1.01399080e+003 3.99751672e+000 9.98187392e-001 1.09992291e+001 0.00000000e+000 0.00000000e+000 0.00000000e+000 0.00000000e+000
 1.00000000e+000 2.69988885e+001 1.39998984e+001 8.99848240e+000 2.99788079e+000 7.20022849e+001 2.30002601e+001 1.01899128e+003 1.01398889e+003 4.99774964e+000 1.00012026e+000 1.40000244e+001 0.00000000e+000 0.00000000e+000 0.00000000e+000 1.00000000e+000
 1.00000000e+000 2.60024074e+001 1.09977805e+001 8.00261703e+000 4.00236791e+000 7.19977715e+001 2.59982909e+001 1.01799734e+003 1.01498191e+003 3.00206529e+000 1.00090843e+000 1.39907506e+001 0.00000000e+000 0.00000000e+000 0.00000000e+000 1.00000000e+000
 1.00000000e+000 2.50009730e+001 1.20008535e+001 1.09978454e+001 4.99812621e+000 8.80014804e+001 2.90014033e+001 1.01898854e+003 1.01498844e+003 3.99906715e+000 9.99864445e-001 1.89989126e+001 0.00000000e+000 0.00000000e+000 0.00000000e+000 1.00000000e+000
 1.00000000e+000 2.50030657e+001 9.99886415e+000 1.00014694e+001 6.99967137e+000 8.69993530e+001 3.19996955e+001 1.01799209e+003 1.01299062e+003 4.00063564e+000 2.00009387e+000 1.89970845e+001 0.00000000e+000 0.00000000e+000 1.00000000e+000 0.00000000e+000
 1.00000000e+000 2.40016706e+001 9.99885281e+000 1.00012107e+001 6.99949101e+000 8.20000772e+001 3.60004851e+001 1.01599274e+003 1.01198979e+003 2.99898314e+000 9.99585891e-001 1.39982693e+001 0.00000000e+000 0.00000000e+000 0.00000000e+000 1.00000000e+000
 1.00000000e+000 2.50024974e+001 9.00139762e+000 1.09974727e+001 6.99939487e+000 9.40008748e+001 3.39979149e+001 1.01598687e+003 1.01298961e+003 3.00059725e+000 1.00166636e+000 1.09996333e+001 0.00000000e+000 0.00000000e+000 1.00000000e+000 0.00000000e+000
 1.00000000e+000 2.60098601e+001 1.19966232e+001 1.30078585e+001 8.00063399e+000 9.39972540e+001 3.19983345e+001 1.01599934e+003 1.01199214e+003 2.00228715e+000 -2.33764811e-003 9.99524545e+000 0.00000000e+000 0.00000000e+000 1.00000000e+000 0.00000000e+000
 1.00000000e+000 2.40007223e+001 1.00132737e+001 1.29952657e+001 8.99881623e+000 1.00010857e+002 4.09934715e+001 1.01499076e+003 1.01100407e+003 1.99028370e+000 9.36731812e-003 1.29843216e+001 0.00000000e+000 0.00000000e+000 1.00000000e+000 0.00000000e+000
 1.00000000e+000 2.40032512e+001 9.99718962e+000 1.19995321e+001 7.99749840e+000 9.40002907e+001 3.59980739e+001 1.01598958e+003 1.01199102e+003 2.00267855e+000 5.94326767e-004 1.21992788e+002 0.00000000e+000 0.00000000e+000 1.00000000e+000 0.00000000e+000
 1.00000000e+000 2.40065584e+001 9.00050629e+000 1.10012658e+001 7.00053227e+000 9.99994577e+001 3.39975422e+001 1.01598943e+003 1.01199012e+003 3.00242856e+000 1.79367541e-003 1.89977854e+001 0.00000000e+000 0.00000000e+000 1.00000000e+000 0.00000000e+000
 1.00000000e+000 2.29991870e+001 1.00021483e+001 9.99672269e+000 6.99899832e+000 9.40026461e+001 3.79986158e+001 1.01498538e+003 1.01198870e+003 3.99797490e+000 1.00079873e+000 2.60002371e+001 0.00000000e+000 0.00000000e+000 1.00000000e+000 0.00000000e+000
 1.00000000e+000 2.40048298e+001 9.99770121e+000 1.00058336e+001 6.99805280e+000 8.69968326e+001 3.39976546e+001 1.01399390e+003 1.01099192e+003 3.00017036e+000 1.00079068e+000 2.29938457e+001 0.00000000e+000 0.00000000e+000 0.00000000e+000 1.00000000e+000
 1.00000000e+000 2.30041238e+001 9.99906252e+000 1.20011966e+001 7.99914873e+000 9.39994619e+001 4.09990559e+001 1.01399384e+003 1.01099156e+003 2.99951491e+000 1.00031462e+000 1.09953857e+001 0.00000000e+000 0.00000000e+000 0.00000000e+000 1.00000000e+000
 1.00000000e+000 2.39995550e+001 1.10008107e+001 1.19969553e+001 8.99938258e+000 9.40022358e+001 3.79994370e+001 1.01598608e+003 1.01298829e+003 2.99774622e+000 1.00058926e+000 1.30009041e+001 1.00000000e+000 0.00000000e+000 1.00000000e+000 0.00000000e+000
 1.00000000e+000 2.40030434e+001 1.10015230e+001 1.69966318e+001 7.99985329e+000 1.00002340e+002 3.79967556e+001 1.01798658e+003 1.01399044e+003 2.00066298e+000 2.18156613e-003 7.99903857e+000 0.00000000e+000 0.00000000e+000 1.00000000e+000 0.00000000e+000
 1.00000000e+000 2.29978914e+001 1.00018680e+001 1.59965469e+001 9.00042732e+000 1.00000735e+002 4.09975161e+001 1.01598632e+003 1.01198811e+003 1.99732430e+000 1.00184322e-003 1.00011660e+001 0.00000000e+000 0.00000000e+000 1.00000000e+000 0.00000000e+000
 1.00000000e+000 2.20073900e+001 9.99717162e+000 1.70041589e+001 9.99621955e+000 9.99933057e+001 5.99938982e+001 1.01399739e+003 1.00999398e+003 1.01141444e+000 3.31239530e-003 1.30012096e+001 0.00000000e+000 0.00000000e+000 1.00000000e+000 0.00000000e+000
 1.00000000e+000 2.20040440e+001 1.09982583e+001 1.50015522e+001 1.09999457e+001 9.99984588e+001 5.99989142e+001 1.01399133e+003 1.01099148e+003 1.00038612e+000 -2.42977444e-004 1.39974812e+001 0.00000000e+000 0.00000000e+000 1.00000000e+000 0.00000000e+000
 1.00000000e+000 1.79969536e+001 1.30022944e+001 1.49932940e+001 1.29987864e+001 1.00004168e+002 8.19956962e+001 1.01798264e+003 1.01398746e+003 9.95748203e-001 1.47942562e-003 1.30030256e+001 0.00000000e+000 0.00000000e+000 1.00000000e+000 0.00000000e+000
 1.00000000e+000 1.59992899e+001 1.29985754e+001 1.49983483e+001 1.29993253e+001 1.00000149e+002 8.80034418e+001 1.01799155e+003 1.01499306e+003 1.00453627e+000 2.30728443e-003 1.09965998e+001 0.00000000e+000 0.00000000e+000 1.00000000e+000 0.00000000e+000
 1.00000000e+000 1.70012388e+001 1.29990448e+001 1.49978563e+001 1.20007798e+001 1.00001340e+002 8.19964487e+001 1.01998682e+003 1.01599073e+003 1.00125595e+000 5.08185924e-004 9.99962461e+001 0.00000000e+000 0.00000000e+000 1.00000000e+000 0.00000000e+000
 1.00000000e+000 1.70087389e+001 9.99239583e+000 1.40007441e+001 1.00100269e+001 1.00002904e+002 7.69995792e+001 1.02199251e+003 1.01899005e+003 1.99681060e+000 1.21716696e-003 1.59903633e+001 0.00000000e+000 0.00000000e+000 1.00000000e+000 0.00000000e+000
 1.00000000e+000 1.90082527e+001 7.99890106e+000 1.20049099e+001 7.99867335e+000 9.99980386e+001 5.19953635e+001 1.02299562e+003 1.01899077e+003 3.00330099e+000 -3.53350274e-003 1.89947607e+001 0.00000000e+000 0.00000000e+000 1.00000000e+000 0.00000000e+000
 1.00000000e+000 1.99995340e+001 6.00030857e+000 8.99973936e+000 1.00070275e+000 9.99996958e+001 3.00004817e+001 1.02199061e+003 1.01798995e+003 2.99685670e+000 -1.89339545e-003 2.29994803e+001 0.00000000e+000 0.00000000e+000 1.00000000e+000 0.00000000e+000
 1.00000000e+000 1.90035994e+001 4.99846732e+000 8.00429988e+000 -7.13223884e-004 8.69963707e+001 2.79993797e+001 1.02099345e+003 1.01699109e+003 3.99899546e+000 -2.50639762e-005 1.89953877e+001 0.00000000e+000 0.00000000e+000 1.00000000e+000 0.00000000e+000
 1.00000000e+000 1.60022802e+001 8.99986811e+000 8.99918468e+000 2.00022172e+000 9.40009146e+001 4.79985962e+001 1.02098805e+003 1.01599012e+003 2.99748054e+000 1.00017093e+000 1.59979496e+001 0.00000000e+000 0.00000000e+000 1.00000000e+000 0.00000000e+000
 1.00000000e+000 1.80038800e+001 7.00418854e+000 7.99917975e+000 1.01073154e-003 9.30025268e+001 2.99997382e+001 1.01998865e+003 1.01698745e+003 3.00077358e+000 1.00114700e+000 1.39931788e+001 0.00000000e+000 1.00000000e+000 0.00000000e+000 0.00000000e+000
 1.00000000e+000 1.79991298e+001 4.00254451e+000 5.99826853e+000 -3.48419594e-004 9.30006973e+001 3.20008097e+001 1.01998502e+003 1.01598985e+003 2.99657920e+000 1.15576142e-004 1.60007522e+001 0.00000000e+000 0.00000000e+000 1.00000000e+000 1.00000000e+000
 1.00000000e+000 1.90023795e+001 3.99908071e+000 1.19985222e+001 -2.99813155e+000 9.99960634e+001 2.29954865e+001 1.01999056e+003 1.01498989e+003 3.00256754e+000 2.92346633e-003 1.59984785e+001 0.00000000e+000 0.00000000e+000 1.00000000e+000 0.00000000e+000
 1.00000000e+000 1.60013035e+001 1.09977892e+001 1.19988728e+001 9.99764274e+000 9.99998084e+001 6.79969045e+001 1.02098860e+003 1.01598816e+003 3.99882310e+000 9.99826485e-001 1.90007618e+001 1.00000000e+000 0.00000000e+000 0.00000000e+000 0.00000000e+000
