 1.00000000e+000 1.95651477e+001 8.38627207e+000 1.19072735e+001 5.55507369e+000 9.46934432e+001 4.57092950e+001 1.02023618e+003 1.01751158e+003 3.49379771e+000 7.87357314e-001 1.58318155e+001 0.00000000e+000 0.00000000e+000 1.00000000e+000 0.00000000e+000
 1.00000000e+000 1.99353637e+001 8.33259216e+000 1.16213943e+001 4.74383554e+000 9.44033680e+001 4.39852092e+001 1.02244607e+003 1.01988668e+003 3.27952258e+000 2.39510030e-001 1.57900947e+001 0.00000000e+000 0.00000000e+000 1.00000000e+000 0.00000000e+000
 1.00000000e+000 2.00049060e+001 9.40384302e+000 1.14327062e+001 7.09144426e+000 9.80623554e+001 4.74986942e+001 1.02360007e+003 1.01943675e+003 3.72179807e+000 8.67191104e-002 1.63948821e+001 0.00000000e+000 0.00000000e+000 1.00000000e+000 0.00000000e+000
 1.00000000e+000 1.86331407e+001 7.78911784e+000 9.73614609e+000 6.44590502e+000 9.55687773e+001 4.42836851e+001 1.02252351e+003 1.01867436e+003 3.44731448e+000 2.93219982e-001 1.61326582e+001 0.00000000e+000 0.00000000e+000 1.00000000e+000 0.00000000e+000
 1.00000000e+000 1.85468196e+001 7.74732381e+000 1.13503392e+001 4.39740138e+000 9.45087665e+001 4.62093654e+001 1.02086677e+003 1.01819652e+003 3.73815199e+000 3.91050211e-001 1.58529308e+001 0.00000000e+000 0.00000000e+000 1.00000000e+000 0.00000000e+000
 1.00000000e+000 1.87049994e+001 7.43415602e+000 1.02137326e+001 5.46726038e+000 9.81312311e+001 4.52262771e+001 1.02231871e+003 1.01827910e+003 3.35244121e+000 -5.85861185e-001 1.46987956e+001 0.00000000e+000 0.00000000e+000 1.00000000e+000 0.00000000e+000
 1.00000000e+000 1.69806924e+001 6.82081957e+000 1.09510584e+001 5.24753423e+000 9.96485001e+001 5.15241180e+001 1.02231713e+003 1.01944163e+003 3.61852622e+000 4.77597122e-001 1.57993519e+001 0.00000000e+000 0.00000000e+000 1.00000000e+000 0.00000000e+000
 1.00000000e+000 1.79348806e+001 6.17112328e+000 9.22754400e+000 4.54649467e+000 9.76402400e+001 4.49081007e+001 1.02182625e+003 1.01847930e+003 3.13257997e+000 1.06408995e-001 1.55523160e+001 0.00000000e+000 0.00000000e+000 1.00000000e+000 0.00000000e+000
 1.00000000e+000 1.79306123e+001 6.11488789e+000 9.40238670e+000 4.26196146e+000 9.69025563e+001 4.28647653e+001 1.02251206e+003 1.01932436e+003 2.85299847e+000 -6.49028642e-001 1.42014095e+001 0.00000000e+000 0.00000000e+000 1.00000000e+000 0.00000000e+000
 1.00000000e+000 1.66993667e+001 5.35524367e+000 1.00748646e+001 2.97648644e+000 9.78928215e+001 4.79308788e+001 1.02286855e+003 1.02074368e+003 3.30390295e+000 2.21742271e-001 1.56927778e+001 0.00000000e+000 0.00000000e+000 1.00000000e+000 0.00000000e+000
 1.00000000e+000 1.77381546e+001 6.16960006e+000 9.86429405e+000 3.85808669e+000 9.77531449e+001 4.61590295e+001 1.02303005e+003 1.02008995e+003 3.21771799e+000 -1.59578971e-001 1.54115520e+001 0.00000000e+000 0.00000000e+000 0.00000000e+000 1.00000000e+000
 1.00000000e+000 1.83300206e+001 6.23934643e+000 8.91461298e+000 4.77038641e+000 9.78987154e+001 4.30680548e+001 1.02300430e+003 1.01877136e+003 3.14464449e+000 -5.90973286e-001 1.45819515e+001 0.00000000e+000 0.00000000e+000 1.00000000e+000 0.00000000e+000
 1.00000000e+000 1.94075787e+001 6.21787517e+000 9.82033185e+000 2.78132852e+000 9.38204810e+001 4.06674240e+001 1.02231411e+003 1.01936901e+003 3.43534084e+000 3.43148880e-001 1.63813990e+001 0.00000000e+000 0.00000000e+000 1.00000000e+000 0.00000000e+000
 1.00000000e+000 1.85360823e+001 6.26121312e+000 9.64204796e+000 2.94801584e+000 9.28468441e+001 4.06822661e+001 1.02235521e+003 1.01939289e+003 3.46211730e+000 -4.39840542e-002 1.54096707e+001 0.00000000e+000 0.00000000e+000 1.00000000e+000 0.00000000e+000
 1.00000000e+000 1.84701901e+001 6.19549717e+000 9.79094423e+000 3.59475127e+000 9.52288714e+001 4.07752096e+001 1.02418321e+003 1.02126959e+003 2.99957956e+000 -7.40354034e-001 1.46674371e+001 0.00000000e+000 0.00000000e+000 1.00000000e+000 0.00000000e+000
 1.00000000e+000 1.75928066e+001 5.73378601e+000 1.03938010e+001 2.89651810e+000 9.56783476e+001 4.33196105e+001 1.02233649e+003 1.02001958e+003 3.25680094e+000 -3.58338387e-001 1.47134849e+001 0.00000000e+000 0.00000000e+000 1.00000000e+000 0.00000000e+000
 1.00000000e+000 1.90457699e+001 7.85228130e+000 1.06691843e+001 5.75485013e+000 9.74816976e+001 4.48831266e+001 1.02213708e+003 1.01810386e+003 3.41152093e+000 -5.77703898e-001 1.46169615e+001 0.00000000e+000 0.00000000e+000 1.00000000e+000 0.00000000e+000
 1.00000000e+000 1.89798118e+001 7.79037570e+000 1.11996655e+001 5.27148927e+000 9.62561257e+001 4.49133281e+001 1.02361680e+003 1.02045841e+003 3.34246145e+000 -1.69405870e-001 1.48858149e+001 0.00000000e+000 0.00000000e+000 1.00000000e+000 0.00000000e+000
 1.00000000e+000 1.94146121e+001 7.25222005e+000 1.06177873e+001 4.39482736e+000 9.40782939e+001 3.83428552e+001 1.02111294e+003 1.01767884e+003 3.13556723e+000 -1.14208167e+000 1.34725575e+001 0.00000000e+000 0.00000000e+000 1.00000000e+000 0.00000000e+000
 1.00000000e+000 1.74072623e+001 5.83259115e+000 1.04058588e+001 3.28489100e+000 9.57201062e+001 4.45686790e+001 1.02016960e+003 1.01813428e+003 3.06473232e+000 -3.36164761e-002 1.47584622e+001 0.00000000e+000 0.00000000e+000 1.00000000e+000 0.00000000e+000
 1.00000000e+000 1.84621972e+001 5.63608233e+000 8.73101776e+000 3.94879561e+000 9.58285169e+001 3.96037502e+001 1.01849284e+003 1.01424224e+003 3.30789241e+000 -6.19420535e-001 1.45083344e+001 0.00000000e+000 0.00000000e+000 1.00000000e+000 0.00000000e+000
 1.00000000e+000 2.16663964e+001 6.92268786e+000 9.03836826e+000 2.80953639e+000 9.18455365e+001 3.51247130e+001 1.01578530e+003 1.01120547e+003 3.88714058e+000 2.70917611e-001 1.73729749e+001 0.00000000e+000 1.00000000e+000 0.00000000e+000 0.00000000e+000
 1.00000000e+000 2.45904656e+001 1.05729795e+001 1.20373660e+001 4.82960122e+000 8.93380967e+001 3.70211872e+001 1.01381964e+003 1.00944190e+003 4.22159873e+000 1.27840740e+000 1.80466038e+001 0.00000000e+000 1.00000000e+000 0.00000000e+000 0.00000000e+000
 1.00000000e+000 2.44202384e+001 1.13661137e+001 1.17949276e+001 6.51766199e+000 8.86205275e+001 3.60998036e+001 1.01185780e+003 1.00653171e+003 4.50113573e+000 1.01871991e+000 1.76314801e+001 0.00000000e+000 0.00000000e+000 1.00000000e+000 0.00000000e+000
 1.00000000e+000 2.44845228e+001 9.68066054e+000 1.14154983e+001 3.64123402e+000 9.00099508e+001 3.29345342e+001 1.01542531e+003 1.01181060e+003 2.92189840e+000 -7.86648619e-001 1.63472526e+001 0.00000000e+000 0.00000000e+000 1.00000000e+000 0.00000000e+000
 1.00000000e+000 2.59411970e+001 1.16439876e+001 1.27442981e+001 4.62754093e+000 8.77085888e+001 3.36794032e+001 1.01778156e+003 1.01367640e+003 4.15028659e+000 8.28306775e-001 1.79797370e+001 0.00000000e+000 0.00000000e+000 1.00000000e+000 0.00000000e+000
 1.00000000e+000 2.52021571e+001 1.40190868e+001 1.42431444e+001 9.28741090e+000 8.61967834e+001 3.79293745e+001 1.01896652e+003 1.01554780e+003 3.22884776e+000 3.75799769e-001 1.70675307e+001 0.00000000e+000 0.00000000e+000 1.00000000e+000 0.00000000e+000
 1.00000000e+000 2.46257804e+001 1.42337671e+001 1.59173591e+001 9.86568029e+000 9.26086039e+001 4.81790909e+001 1.01813861e+003 1.01527001e+003 3.56280533e+000 1.43123532e+000 1.86752591e+001 0.00000000e+000 0.00000000e+000 1.00000000e+000 0.00000000e+000
 1.00000000e+000 2.39271616e+001 1.32299363e+001 1.51460851e+001 9.14896143e+000 9.21636060e+001 4.66042231e+001 1.01771209e+003 1.01341765e+003 4.80036159e+000 2.08055370e+000 1.81679233e+001 0.00000000e+000 0.00000000e+000 1.00000000e+000 0.00000000e+000
 1.00000000e+000 2.35416629e+001 1.28452691e+001 1.36337763e+001 9.72744598e+000 9.31252590e+001 4.39108535e+001 1.01577200e+003 1.01098485e+003 4.32961992e+000 1.15181375e+000 1.78976059e+001 0.00000000e+000 0.00000000e+000 1.00000000e+000 0.00000000e+000
 1.00000000e+000 2.25706122e+001 1.24843794e+001 1.56741045e+001 8.67316411e+000 9.35951225e+001 5.31829070e+001 1.01503668e+003 1.01306701e+003 4.02658328e+000 2.54561690e+000 2.07841108e+001 0.00000000e+000 1.00000000e+000 0.00000000e+000 0.00000000e+000
 1.00000000e+000 2.22387076e+001 1.04764116e+001 1.30283362e+001 6.34542872e+000 9.01260562e+001 4.37869523e+001 1.01916938e+003 1.01738634e+003 3.25141934e+000 2.20126193e+000 1.79206387e+001 0.00000000e+000 0.00000000e+000 1.00000000e+000 0.00000000e+000
 1.00000000e+000 2.15820834e+001 1.16525845e+001 1.37221668e+001 9.01324098e+000 9.57185273e+001 4.93997916e+001 1.02382086e+003 1.01995866e+003 4.06584068e+000 1.27963373e+000 1.71323057e+001 0.00000000e+000 0.00000000e+000 1.00000000e+000 0.00000000e+000
 1.00000000e+000 2.21127483e+001 9.92902437e+000 1.16937100e+001 6.95277872e+000 9.38648616e+001 4.24401255e+001 1.02167693e+003 1.01694228e+003 4.00037009e+000 8.46620414e-001 1.66810248e+001 0.00000000e+000 0.00000000e+000 1.00000000e+000 0.00000000e+000
 1.00000000e+000 2.22440691e+001 9.85983332e+000 1.12701287e+001 7.10763262e+000 9.21843324e+001 3.99705832e+001 1.02092833e+003 1.01642328e+003 3.32399951e+000 3.40382934e-002 1.63226936e+001 0.00000000e+000 0.00000000e+000 0.00000000e+000 1.00000000e+000
 1.00000000e+000 2.35560536e+001 1.05496609e+001 1.22893116e+001 6.50186217e+000 9.28408654e+001 4.03612965e+001 1.02028842e+003 1.01620816e+003 3.34040866e+000 -2.01425903e-001 1.76546327e+001 0.00000000e+000 0.00000000e+000 0.00000000e+000 1.00000000e+000
 1.00000000e+000 2.38157176e+001 1.03849154e+001 1.23332912e+001 6.15525819e+000 9.10072597e+001 3.78555966e+001 1.01771718e+003 1.01399749e+003 3.25936676e+000 2.03277342e-001 1.73084209e+001 0.00000000e+000 0.00000000e+000 0.00000000e+000 1.00000000e+000
 1.00000000e+000 2.50712376e+001 1.40099532e+001 1.47163837e+001 8.67918369e+000 8.66909606e+001 4.01203215e+001 1.01365541e+003 1.01014444e+003 3.64767227e+000 5.06114703e-001 1.74379688e+001 0.00000000e+000 0.00000000e+000 1.00000000e+000 0.00000000e+000
 1.00000000e+000 2.51930046e+001 1.46904754e+001 1.51087827e+001 1.05034616e+001 9.09171074e+001 4.38625816e+001 1.01439953e+003 1.00991457e+003 3.79346927e+000 3.67948864e-001 1.74716812e+001 0.00000000e+000 0.00000000e+000 0.00000000e+000 1.00000000e+000
 1.00000000e+000 2.35080775e+001 1.02976259e+001 1.18247748e+001 6.00050628e+000 9.01544045e+001 3.57363991e+001 1.01621264e+003 1.01200522e+003 3.94329624e+000 1.15817342e+000 1.66038589e+001 0.00000000e+000 0.00000000e+000 1.00000000e+000 0.00000000e+000
 1.00000000e+000 2.31186274e+001 9.97541865e+000 1.08425318e+001 6.22805737e+000 9.17094812e+001 3.81029453e+001 1.01662253e+003 1.01171213e+003 3.42529299e+000 -2.18868364e-001 1.67609855e+001 0.00000000e+000 0.00000000e+000 0.00000000e+000 1.00000000e+000
 1.00000000e+000 2.29731539e+001 9.27946928e+000 1.04848303e+001 5.00678008e+000 9.13227665e+001 3.72571736e+001 1.01764998e+003 1.01304563e+003 3.35732083e+000 -2.81928041e-001 1.68200920e+001 0.00000000e+000 0.00000000e+000 0.00000000e+000 1.00000000e+000
 1.00000000e+000 2.29996680e+001 1.06451310e+001 1.24430981e+001 6.08036861e+000 8.98012558e+001 3.85183349e+001 1.01782292e+003 1.01445376e+003 3.35611039e+000 -3.52806652e-001 1.73816631e+001 0.00000000e+000 0.00000000e+000 1.00000000e+000 0.00000000e+000
 1.00000000e+000 2.46495766e+001 1.08604906e+001 1.16419311e+001 5.85437929e+000 9.06292160e+001 3.71302117e+001 1.01518994e+003 1.00983782e+003 4.62486318e+000 9.22101542e-001 1.92529843e+001 0.00000000e+000 0.00000000e+000 1.00000000e+000 0.00000000e+000
 1.00000000e+000 2.57957442e+001 1.27761413e+001 1.30079944e+001 7.68791155e+000 8.90733250e+001 3.77822963e+001 1.01546208e+003 1.01045501e+003 3.97960118e+000 2.69545493e-001 1.88854763e+001 0.00000000e+000 0.00000000e+000 1.00000000e+000 0.00000000e+000
 1.00000000e+000 2.70522577e+001 1.32086755e+001 1.36201691e+001 6.28198077e+000 8.64205057e+001 3.47185157e+001 1.01721785e+003 1.01322161e+003 3.68829499e+000 6.06558020e-001 1.84698199e+001 0.00000000e+000 0.00000000e+000 1.00000000e+000 0.00000000e+000
 1.00000000e+000 2.70178457e+001 1.66739600e+001 1.45593440e+001 1.13802098e+001 8.40697785e+001 3.91409166e+001 1.01612122e+003 1.01083989e+003 4.37776393e+000 1.03742848e+000 1.93136052e+001 0.00000000e+000 0.00000000e+000 1.00000000e+000 0.00000000e+000
 1.00000000e+000 2.71146049e+001 1.74593456e+001 1.55546068e+001 1.27671601e+001 8.55775383e+001 4.22898284e+001 1.01455866e+003 1.01026210e+003 3.59517390e+000 6.80935284e-001 2.01051624e+001 0.00000000e+000 0.00000000e+000 0.00000000e+000 1.00000000e+000
 1.00000000e+000 2.56303433e+001 1.58131668e+001 1.53872778e+001 1.12374004e+001 8.69912491e+001 4.57415104e+001 1.01157671e+003 1.00826726e+003 4.32599765e+000 1.89400370e+000 2.32488134e+001 0.00000000e+000 0.00000000e+000 0.00000000e+000 1.00000000e+000
 1.00000000e+000 2.34950991e+001 1.14282633e+001 1.35436687e+001 7.90351188e+000 8.58838445e+001 3.73550159e+001 1.01262417e+003 1.01232661e+003 1.78592178e+000 1.08880448e+000 1.89356657e+001 0.00000000e+000 0.00000000e+000 0.00000000e+000 1.00000000e+000
 1.00000000e+000 2.45804640e+001 1.18944489e+001 1.24870509e+001 8.24183271e+000 9.27161316e+001 3.99735147e+001 1.02020456e+003 1.01554923e+003 2.87531076e+000 -9.20133309e-001 1.74310457e+001 0.00000000e+000 0.00000000e+000 0.00000000e+000 1.00000000e+000
 1.00000000e+000 2.53344973e+001 1.31194881e+001 1.40202139e+001 8.44197408e+000 8.70025877e+001 3.87859864e+001 1.01972003e+003 1.01630657e+003 2.79844614e+000 -8.11062954e-001 1.87280730e+001 0.00000000e+000 0.00000000e+000 1.00000000e+000 0.00000000e+000
 1.00000000e+000 2.59331372e+001 1.31406181e+001 1.38447077e+001 7.66505310e+000 8.85135817e+001 3.90174921e+001 1.01727575e+003 1.01272172e+003 4.14388828e+000 6.40197488e-001 1.93037035e+001 0.00000000e+000 0.00000000e+000 0.00000000e+000 1.00000000e+000
 1.00000000e+000 2.74343411e+001 1.53098656e+001 1.45833621e+001 9.58264932e+000 8.50784855e+001 3.74696170e+001 1.01757996e+003 1.01309602e+003 3.77421841e+000 1.14668612e+000 1.84072160e+001 0.00000000e+000 0.00000000e+000 0.00000000e+000 1.00000000e+000
 1.00000000e+000 2.84207651e+001 1.69945789e+001 1.57028802e+001 1.10428843e+001 8.53375646e+001 3.93569747e+001 1.01703516e+003 1.01217294e+003 4.33314143e+000 1.56070798e+000 1.99783039e+001 0.00000000e+000 0.00000000e+000 1.00000000e+000 0.00000000e+000
 1.00000000e+000 2.79220405e+001 1.48125000e+001 1.48493219e+001 8.90480021e+000 8.67202096e+001 3.90201418e+001 1.01431529e+003 1.00927886e+003 5.14626866e+000 3.09761551e+000 2.12066062e+001 0.00000000e+000 0.00000000e+000 0.00000000e+000 1.00000000e+000
 1.00000000e+000 2.90641223e+001 1.74783039e+001 1.64633362e+001 1.07803076e+001 8.39272991e+001 3.83003985e+001 1.01303116e+003 1.00810823e+003 4.59290482e+000 1.43409312e+000 1.98861380e+001 0.00000000e+000 0.00000000e+000 0.00000000e+000 1.00000000e+000
 1.00000000e+000 2.89436614e+001 1.90211560e+001 1.70775261e+001 1.32268789e+001 8.25170873e+001 3.91930069e+001 1.01398844e+003 1.00967215e+003 3.59526196e+000 5.06641416e-001 1.89582036e+001 0.00000000e+000 0.00000000e+000 1.00000000e+000 0.00000000e+000
 1.00000000e+000 2.97328888e+001 1.83244209e+001 1.65537234e+001 1.18260660e+001 8.27759822e+001 3.81340919e+001 1.01534770e+003 1.01101664e+003 4.26726025e+000 2.06514747e+000 2.12178259e+001 0.00000000e+000 0.00000000e+000 0.00000000e+000 1.00000000e+000
 1.00000000e+000 2.99566013e+001 1.90783929e+001 1.86076293e+001 1.15109106e+001 8.41130287e+001 4.25895462e+001 1.01278668e+003 1.00949385e+003 4.71704571e+000 2.51135305e+000 2.30021370e+001 0.00000000e+000 0.00000000e+000 1.00000000e+000 0.00000000e+000
 1.00000000e+000 2.99533358e+001 1.94242931e+001 1.78718152e+001 1.24125887e+001 8.01062400e+001 3.69838931e+001 1.00994383e+003 1.00574135e+003 4.19155197e+000 9.27304303e-001 2.01527119e+001 0.00000000e+000 0.00000000e+000 0.00000000e+000 1.00000000e+000
 1.00000000e+000 2.71934137e+001 1.54572184e+001 1.49263537e+001 7.54495948e+000 7.94117937e+001 3.03985885e+001 1.01334829e+003 1.01048099e+003 4.20814779e+000 1.22442584e+000 1.90415703e+001 0.00000000e+000 0.00000000e+000 0.00000000e+000 1.00000000e+000
 1.00000000e+000 2.28106783e+001 9.91142522e+000 7.26011037e+000 4.06947704e+000 8.01992045e+001 3.00324995e+001 1.01725758e+003 1.01272335e+003 3.56119934e+000 3.47678003e-002 1.94542079e+001 0.00000000e+000 0.00000000e+000 0.00000000e+000 1.00000000e+000
 1.00000000e+000 2.39068158e+001 9.65096389e+000 9.08613382e+000 3.78179219e+000 8.22383472e+001 3.03363850e+001 1.01526789e+003 1.01133223e+003 2.90342207e+000 -1.16218592e+000 1.92806163e+001 0.00000000e+000 0.00000000e+000 0.00000000e+000 1.00000000e+000
 1.00000000e+000 2.63456211e+001 1.09836277e+001 9.81494246e+000 3.12304261e+000 8.11767811e+001 2.97331027e+001 1.01650522e+003 1.01157963e+003 4.09732628e+000 3.78183180e-001 2.07147804e+001 0.00000000e+000 0.00000000e+000 0.00000000e+000 1.00000000e+000
 1.00000000e+000 2.54528902e+001 1.11194664e+001 1.05303470e+001 4.64619228e+000 8.44825146e+001 3.27461622e+001 1.01643888e+003 1.01152509e+003 4.04562420e+000 -2.91494056e-002 2.04290536e+001 0.00000000e+000 0.00000000e+000 0.00000000e+000 1.00000000e+000
 1.00000000e+000 2.62187620e+001 1.28633472e+001 1.09355672e+001 6.01563261e+000 8.08350710e+001 3.14255841e+001 1.01340190e+003 1.00788250e+003 4.36195279e+000 1.50768877e-001 1.99276526e+001 0.00000000e+000 0.00000000e+000 0.00000000e+000 1.00000000e+000
 1.00000000e+000 2.84523749e+001 1.41169794e+001 1.30518003e+001 5.49060439e+000 7.79181985e+001 2.86090308e+001 1.01458328e+003 1.01044639e+003 4.36364516e+000 1.69265853e+000 2.01024530e+001 0.00000000e+000 0.00000000e+000 0.00000000e+000 1.00000000e+000
 1.00000000e+000 2.92137299e+001 1.67252396e+001 1.45761089e+001 8.81255930e+000 7.85169606e+001 3.27809784e+001 1.01318783e+003 1.00912274e+003 3.57579703e+000 3.86949553e-001 2.02766016e+001 0.00000000e+000 0.00000000e+000 0.00000000e+000 1.00000000e+000
 1.00000000e+000 2.69659942e+001 1.53534090e+001 1.44583868e+001 9.69973995e+000 8.66773018e+001 3.78395192e+001 1.01242496e+003 1.00750749e+003 3.92470781e+000 4.99202821e-001 1.79172566e+001 0.00000000e+000 0.00000000e+000 0.00000000e+000 1.00000000e+000
 1.00000000e+000 2.83432248e+001 1.52638696e+001 1.41167545e+001 8.15958389e+000 8.41028078e+001 3.42981225e+001 1.01425747e+003 1.00967080e+003 3.98846449e+000 9.48917269e-001 1.94776376e+001 0.00000000e+000 0.00000000e+000 0.00000000e+000 1.00000000e+000
 1.00000000e+000 2.66322030e+001 1.32092625e+001 1.23404548e+001 5.51079924e+000 7.75842086e+001 3.07023128e+001 1.01425036e+003 1.01214387e+003 3.10835974e+000 2.01825353e+000 1.90566905e+001 0.00000000e+000 0.00000000e+000 0.00000000e+000 1.00000000e+000
 1.00000000e+000 2.69357236e+001 1.51965051e+001 1.38921804e+001 9.38099831e+000 8.37436105e+001 3.76425316e+001 1.01660390e+003 1.01217084e+003 3.88218480e+000 9.10728403e-001 1.97336493e+001 0.00000000e+000 0.00000000e+000 0.00000000e+000 1.00000000e+000
 1.00000000e+000 2.85022362e+001 1.65638747e+001 1.42919837e+001 8.96006560e+000 7.99888457e+001 3.30165941e+001 1.01266699e+003 1.00851116e+003 3.61665496e+000 5.64111843e-001 1.86975565e+001 0.00000000e+000 0.00000000e+000 0.00000000e+000 1.00000000e+000
 1.00000000e+000 3.19767350e+001 1.90652074e+001 1.47739675e+001 9.35911467e+000 7.23198187e+001 3.00108821e+001 1.01067836e+003 1.00532057e+003 5.12576791e+000 2.72073711e+000 2.30660384e+001 0.00000000e+000 0.00000000e+000 0.00000000e+000 1.00000000e+000
 1.00000000e+000 3.17822243e+001 1.84963247e+001 1.57895645e+001 7.60484067e+000 7.36454008e+001 2.76644152e+001 1.01448560e+003 1.01100266e+003 4.34923493e+000 2.04145732e+000 2.10954912e+001 0.00000000e+000 0.00000000e+000 0.00000000e+000 1.00000000e+000
 1.00000000e+000 3.17108668e+001 1.84820257e+001 1.64306425e+001 8.62990629e+000 7.78660770e+001 3.06645313e+001 1.01568966e+003 1.01176569e+003 3.81921033e+000 9.91768449e-001 1.98040090e+001 0.00000000e+000 0.00000000e+000 1.00000000e+000 0.00000000e+000
 1.00000000e+000 3.05543882e+001 1.89917968e+001 1.53381773e+001 1.00023033e+001 7.41489600e+001 3.12275968e+001 1.01424726e+003 1.00986240e+003 4.11698659e+000 9.08569367e-001 2.09978681e+001 0.00000000e+000 0.00000000e+000 0.00000000e+000 1.00000000e+000
 1.00000000e+000 3.13614646e+001 1.70103837e+001 1.47499078e+001 7.89312498e+000 7.84494575e+001 3.23796350e+001 1.01313255e+003 1.00802867e+003 5.03477735e+000 2.68082647e+000 2.34596825e+001 0.00000000e+000 0.00000000e+000 0.00000000e+000 1.00000000e+000
 1.00000000e+000 3.16676064e+001 1.86218732e+001 1.61439098e+001 9.17167308e+000 7.52978316e+001 3.08964240e+001 1.01293981e+003 1.00881028e+003 3.96231960e+000 1.03010829e+000 2.11623726e+001 0.00000000e+000 0.00000000e+000 0.00000000e+000 1.00000000e+000
 1.00000000e+000 3.32323559e+001 2.03953980e+001 1.67014359e+001 9.70428552e+000 7.41061381e+001 2.99919976e+001 1.01484622e+003 1.01011411e+003 4.69245480e+000 1.95826137e+000 2.16180144e+001 0.00000000e+000 0.00000000e+000 0.00000000e+000 1.00000000e+000
 1.00000000e+000 3.30356782e+001 2.08224336e+001 1.71778910e+001 1.01564648e+001 7.43038842e+001 2.95624150e+001 1.01479716e+003 1.01040952e+003 4.49044326e+000 1.65004861e+000 2.05779195e+001 0.00000000e+000 0.00000000e+000 0.00000000e+000 1.00000000e+000
 1.00000000e+000 3.17011045e+001 1.90406187e+001 1.64905657e+001 1.02999705e+001 7.81893442e+001 3.31787006e+001 1.01431909e+003 1.01003074e+003 4.21644660e+000 1.91709532e+000 2.13443639e+001 0.00000000e+000 0.00000000e+000 0.00000000e+000 1.00000000e+000
 1.00000000e+000 3.19006775e+001 1.98910269e+001 1.72448051e+001 1.13336399e+001 7.88325152e+001 3.39890402e+001 1.01356632e+003 1.00897367e+003 4.34763602e+000 1.95278182e+000 2.03918900e+001 0.00000000e+000 0.00000000e+000 0.00000000e+000 1.00000000e+000
 1.00000000e+000 3.24132803e+001 2.16570489e+001 1.71615708e+001 1.28150103e+001 7.46074255e+001 3.30171065e+001 1.01505400e+003 1.01031906e+003 3.90015749e+000 7.85242183e-001 2.06921411e+001 0.00000000e+000 0.00000000e+000 0.00000000e+000 1.00000000e+000
 1.00000000e+000 3.10164407e+001 1.89674868e+001 1.61350078e+001 1.07008141e+001 7.78618514e+001 3.29125117e+001 1.01440937e+003 1.00974788e+003 4.37860502e+000 1.78138197e+000 2.06677503e+001 0.00000000e+000 0.00000000e+000 0.00000000e+000 1.00000000e+000
 1.00000000e+000 3.28306434e+001 1.96399172e+001 1.59701987e+001 9.04967752e+000 7.34376576e+001 3.04020573e+001 1.01243059e+003 1.00829886e+003 4.34916938e+000 2.24768954e+000 2.24975377e+001 0.00000000e+000 0.00000000e+000 0.00000000e+000 1.00000000e+000
 1.00000000e+000 3.32167074e+001 2.25124230e+001 1.76879092e+001 1.23659790e+001 6.95812883e+001 3.05389662e+001 1.00924992e+003 1.00570179e+003 3.69067922e+000 1.55742222e+000 2.10480490e+001 0.00000000e+000 0.00000000e+000 0.00000000e+000 1.00000000e+000
 1.00000000e+000 3.26005741e+001 2.20590052e+001 1.83713253e+001 1.40575570e+001 7.71675668e+001 3.57921992e+001 1.01003384e+003 1.00515493e+003 4.04862895e+000 1.25432161e+000 2.05274504e+001 0.00000000e+000 0.00000000e+000 0.00000000e+000 1.00000000e+000
 1.00000000e+000 3.16937846e+001 1.93203332e+001 1.75152518e+001 1.10008528e+001 7.97651480e+001 3.38603501e+001 1.01061816e+003 1.00589468e+003 5.03209470e+000 2.15321354e+000 2.23280019e+001 0.00000000e+000 0.00000000e+000 0.00000000e+000 1.00000000e+000
 1.00000000e+000 3.26504695e+001 1.96861741e+001 1.63305843e+001 9.82072187e+000 7.55568509e+001 3.17812016e+001 1.00967945e+003 1.00504529e+003 4.77213382e+000 2.00135536e+000 2.36122377e+001 0.00000000e+000 0.00000000e+000 0.00000000e+000 1.00000000e+000
 1.00000000e+000 3.45285164e+001 2.02065900e+001 1.74757080e+001 7.35300187e+000 7.16142573e+001 2.65699161e+001 1.00685254e+003 1.00315040e+003 5.05806697e+000 2.60113685e+000 2.34647647e+001 0.00000000e+000 0.00000000e+000 0.00000000e+000 1.00000000e+000
 1.00000000e+000 3.48000195e+001 2.26304926e+001 1.70584379e+001 1.03858774e+001 6.76018201e+001 2.65235013e+001 1.00508290e+003 1.00134560e+003 3.84970130e+000 1.32344781e+000 2.22991181e+001 0.00000000e+000 0.00000000e+000 0.00000000e+000 1.00000000e+000
 1.00000000e+000 3.26654023e+001 2.06209396e+001 1.70301393e+001 9.76084619e+000 6.75542675e+001 2.85523007e+001 1.00719462e+003 1.00528366e+003 3.21873496e+000 1.10361775e+000 2.37620671e+001 0.00000000e+000 0.00000000e+000 0.00000000e+000 1.00000000e+000
 1.00000000e+000 3.53695365e+001 2.23507948e+001 1.78851850e+001 9.12315549e+000 6.85327886e+001 2.59172437e+001 1.01257968e+003 1.00890615e+003 4.50127106e+000 2.09475247e+000 2.25027514e+001 0.00000000e+000 0.00000000e+000 0.00000000e+000 1.00000000e+000
 1.00000000e+000 3.42933229e+001 1.89452130e+001 1.46573054e+001 5.08695669e+000 6.46908603e+001 2.27087701e+001 1.01415978e+003 1.01062583e+003 4.68996154e+000 3.03937127e+000 2.45595859e+001 0.00000000e+000 0.00000000e+000 0.00000000e+000 1.00000000e+000
 1.00000000e+000 3.50802197e+001 2.04853708e+001 1.52712123e+001 6.05330515e+000 6.47274575e+001 2.19581933e+001 1.01632429e+003 1.01280013e+003 4.31682843e+000 1.28186214e+000 2.47671413e+001 0.00000000e+000 0.00000000e+000 0.00000000e+000 1.00000000e+000
 1.00000000e+000 3.46598248e+001 2.28607925e+001 2.26422392e+001 1.32790855e+001 7.59185085e+001 3.30285250e+001 1.01036484e+003 1.00666638e+003 6.14951367e+000 4.93496176e+000 2.23183236e+001 0.00000000e+000 0.00000000e+000 0.00000000e+000 1.00000000e+000
 1.00000000e+000 3.66073502e+001 2.18731526e+001 1.59419089e+001 5.42871902e+000 6.06451242e+001 1.99750240e+001 1.00992215e+003 1.00631436e+003 5.26764349e+000 2.85837402e+000 2.55951820e+001 0.00000000e+000 0.00000000e+000 0.00000000e+000 1.00000000e+000
 1.00000000e+000 3.80720608e+001 2.34414107e+001 1.65531232e+001 5.36332078e+000 5.72591545e+001 1.80449611e+001 1.00999314e+003 1.00664976e+003 5.26572187e+000 2.84246642e+000 2.59668154e+001 1.00000000e+000 0.00000000e+000 0.00000000e+000 0.00000000e+000
 1.00000000e+000 3.37012683e+001 1.65327492e+001 1.49622648e+001 2.56246614e-002 6.28683433e+001 1.52831199e+001 1.00960871e+003 1.00798995e+003 4.55939375e+000 5.33083756e-001 2.46499032e+001 0.00000000e+000 0.00000000e+000 0.00000000e+000 1.00000000e+000
 1.00000000e+000 3.81310865e+001 2.42216705e+001 1.56723058e+001 6.19996042e+000 5.54437504e+001 1.74370838e+001 1.00894789e+003 1.00542163e+003 4.91362162e+000 2.18789470e+000 2.64932488e+001 0.00000000e+000 0.00000000e+000 0.00000000e+000 1.00000000e+000
 1.00000000e+000 3.92905057e+001 2.62084790e+001 1.67473412e+001 9.11018579e+000 5.57741063e+001 2.05445879e+001 1.00813968e+003 1.00327210e+003 5.77907251e+000 3.25514775e+000 2.80556387e+001 0.00000000e+000 0.00000000e+000 0.00000000e+000 1.00000000e+000
 1.00000000e+000 3.80908235e+001 2.52058354e+001 1.66007461e+001 8.34303682e+000 5.68794760e+001 1.98800929e+001 1.00982987e+003 1.00594109e+003 4.93079599e+000 2.82132179e+000 2.49738482e+001 0.00000000e+000 0.00000000e+000 0.00000000e+000 1.00000000e+000
 1.00000000e+000 3.81569184e+001 2.44854556e+001 1.68686109e+001 7.94822715e+000 5.89439220e+001 2.10968376e+001 1.00807711e+003 1.00373214e+003 5.28621799e+000 3.29899710e+000 2.49647809e+001 0.00000000e+000 0.00000000e+000 0.00000000e+000 1.00000000e+000
 1.00000000e+000 3.72557472e+001 2.52951833e+001 1.73035268e+001 1.02889170e+001 6.00276408e+001 2.45213394e+001 1.00966284e+003 1.00539413e+003 5.19203445e+000 3.37494149e+000 2.50848659e+001 0.00000000e+000 0.00000000e+000 0.00000000e+000 1.00000000e+000
 1.00000000e+000 3.64962436e+001 2.42009068e+001 1.77696061e+001 1.00111488e+001 6.23810701e+001 2.41276821e+001 1.01029771e+003 1.00635279e+003 5.29004816e+000 3.43978223e+000 2.45629354e+001 0.00000000e+000 0.00000000e+000 0.00000000e+000 1.00000000e+000
 1.00000000e+000 3.77390911e+001 2.29666353e+001 1.50687366e+001 5.90011774e+000 5.67468295e+001 1.93582443e+001 1.00811017e+003 1.00365362e+003 5.59537416e+000 3.56470004e+000 2.71264192e+001 0.00000000e+000 0.00000000e+000 0.00000000e+000 1.00000000e+000
 1.00000000e+000 3.73570728e+001 2.43796374e+001 1.70594670e+001 7.06362665e+000 5.49125775e+001 1.84140865e+001 1.00560727e+003 1.00370942e+003 4.05417763e+000 2.20413640e+000 2.48986584e+001 0.00000000e+000 0.00000000e+000 0.00000000e+000 1.00000000e+000
 1.00000000e+000 3.55562576e+001 2.27852902e+001 1.61621100e+001 8.35807956e+000 6.06307498e+001 2.18936749e+001 1.00786407e+003 1.00465867e+003 4.28398020e+000 2.27211330e+000 2.40348215e+001 0.00000000e+000 0.00000000e+000 0.00000000e+000 1.00000000e+000
 1.00000000e+000 3.54462487e+001 2.26436438e+001 1.58057911e+001 7.71047686e+000 5.89105540e+001 2.04914933e+001 1.00936530e+003 1.00539156e+003 5.38838176e+000 3.10843615e+000 2.44839619e+001 0.00000000e+000 0.00000000e+000 0.00000000e+000 1.00000000e+000
 1.00000000e+000 3.63617566e+001 2.11873320e+001 1.37257906e+001 4.07394348e+000 5.69613391e+001 1.77774870e+001 1.01010895e+003 1.00605893e+003 5.16477128e+000 2.77763411e+000 2.60070463e+001 0.00000000e+000 0.00000000e+000 0.00000000e+000 1.00000000e+000
 1.00000000e+000 3.76038843e+001 2.28412552e+001 1.50325161e+001 4.92967458e+000 5.62007671e+001 1.70475111e+001 1.00907541e+003 1.00520904e+003 5.14638699e+000 2.07185564e+000 2.65772323e+001 0.00000000e+000 0.00000000e+000 0.00000000e+000 1.00000000e+000
 1.00000000e+000 3.93726913e+001 2.49109033e+001 1.55060142e+001 5.18948272e+000 5.17173853e+001 1.52521592e+001 1.00831914e+003 1.00453432e+003 4.99780488e+000 2.72380386e+000 2.55324787e+001 0.00000000e+000 1.00000000e+000 0.00000000e+000 0.00000000e+000
 1.00000000e+000 3.97384576e+001 2.53318173e+001 1.66860197e+001 5.60815211e+000 5.04363125e+001 1.49053971e+001 1.00653327e+003 1.00337219e+003 5.24811566e+000 3.47071369e+000 2.63141337e+001 1.00000000e+000 0.00000000e+000 0.00000000e+000 0.00000000e+000
 1.00000000e+000 4.09237395e+001 2.66522013e+001 1.72822766e+001 6.69571703e+000 5.11789952e+001 1.66721865e+001 1.00401982e+003 1.00055425e+003 5.66135996e+000 3.87771838e+000 2.89867402e+001 0.00000000e+000 0.00000000e+000 0.00000000e+000 1.00000000e+000
 1.00000000e+000 3.57436146e+001 2.42933427e+001 1.76405249e+001 1.20933668e+001 6.61401782e+001 2.73882250e+001 1.00725223e+003 1.00270337e+003 4.56129991e+000 2.04654017e+000 2.37311601e+001 0.00000000e+000 0.00000000e+000 0.00000000e+000 1.00000000e+000
 1.00000000e+000 3.37071136e+001 2.21273069e+001 1.78223788e+001 1.22000815e+001 7.36601653e+001 3.05110629e+001 1.00967638e+003 1.00573656e+003 3.04553820e+000 -3.21748207e-001 2.05803319e+001 0.00000000e+000 0.00000000e+000 0.00000000e+000 1.00000000e+000
 1.00000000e+000 3.57536690e+001 2.30219426e+001 1.62310945e+001 9.87488825e+000 6.45677968e+001 2.48944385e+001 1.01033866e+003 1.00571705e+003 4.17404743e+000 1.57416503e+000 2.27357434e+001 0.00000000e+000 1.00000000e+000 0.00000000e+000 0.00000000e+000
 1.00000000e+000 3.76821204e+001 2.49264368e+001 1.77996113e+001 1.11400704e+001 6.34429979e+001 2.49567544e+001 1.01157614e+003 1.00770632e+003 3.57239437e+000 1.04245724e+000 2.43178192e+001 1.00000000e+000 0.00000000e+000 0.00000000e+000 0.00000000e+000
 1.00000000e+000 3.85491807e+001 2.60794118e+001 1.88165273e+001 1.15325371e+001 6.00288404e+001 2.42235259e+001 1.00678530e+003 1.00392136e+003 3.50474017e+000 1.83391573e+000 2.52982045e+001 1.00000000e+000 0.00000000e+000 0.00000000e+000 0.00000000e+000
 1.00000000e+000 3.91301050e+001 2.60505799e+001 1.82229010e+001 8.04882664e+000 5.31104891e+001 1.84306331e+001 1.00167209e+003 9.99649861e+002 4.87751622e+000 4.32576725e+000 2.63866016e+001 0.00000000e+000 0.00000000e+000 0.00000000e+000 1.00000000e+000
 1.00000000e+000 3.95613659e+001 2.65241902e+001 1.47216405e+001 5.88591421e+000 4.92581666e+001 1.65004967e+001 1.00177383e+003 9.97649006e+002 6.03293068e+000 4.59282187e+000 2.81159304e+001 0.00000000e+000 0.00000000e+000 0.00000000e+000 1.00000000e+000
 1.00000000e+000 3.52514779e+001 2.14056455e+001 1.26663482e+001 5.09468757e+000 5.71594167e+001 1.89192851e+001 1.00472866e+003 1.00005336e+003 4.95932770e+000 2.41257083e+000 2.44714110e+001 0.00000000e+000 0.00000000e+000 0.00000000e+000 1.00000000e+000
 1.00000000e+000 3.57832313e+001 2.14796535e+001 1.47136163e+001 4.94031345e+000 5.80362853e+001 1.86836463e+001 1.00593852e+003 1.00236879e+003 5.04267322e+000 3.01194043e+000 2.43933462e+001 0.00000000e+000 0.00000000e+000 0.00000000e+000 1.00000000e+000
 1.00000000e+000 3.70322567e+001 2.21536177e+001 1.34744082e+001 3.94534738e+000 5.51648010e+001 1.67125938e+001 1.00581154e+003 1.00152790e+003 5.07876348e+000 2.53422017e+000 2.54675143e+001 0.00000000e+000 0.00000000e+000 0.00000000e+000 1.00000000e+000
 1.00000000e+000 3.70254803e+001 2.25990974e+001 1.42804101e+001 4.81502640e+000 5.56874551e+001 1.74400591e+001 1.00737152e+003 1.00353860e+003 4.96142161e+000 2.81415198e+000 2.52086184e+001 0.00000000e+000 0.00000000e+000 0.00000000e+000 1.00000000e+000
 1.00000000e+000 3.66294356e+001 2.18800996e+001 1.40274773e+001 4.39720049e+000 5.59581173e+001 1.73331321e+001 1.00836991e+003 1.00412153e+003 5.27975512e+000 2.85887914e+000 2.51754440e+001 0.00000000e+000 0.00000000e+000 0.00000000e+000 1.00000000e+000
 1.00000000e+000 3.76815092e+001 2.27974289e+001 1.47562389e+001 3.88789275e+000 5.29260596e+001 1.52228134e+001 1.00897072e+003 1.00559577e+003 5.25187550e+000 2.90256114e+000 2.63653765e+001 0.00000000e+000 0.00000000e+000 0.00000000e+000 1.00000000e+000
 1.00000000e+000 3.90824190e+001 2.38716511e+001 1.61960621e+001 3.99725952e+000 5.09047508e+001 1.47829250e+001 1.00945307e+003 1.00668375e+003 5.32218309e+000 3.79009748e+000 2.65866458e+001 0.00000000e+000 0.00000000e+000 0.00000000e+000 1.00000000e+000
 1.00000000e+000 3.97921987e+001 2.76910516e+001 1.87047206e+001 1.05487069e+001 5.35557013e+001 1.94798542e+001 1.00671595e+003 1.00326996e+003 4.79687762e+000 2.75315617e+000 2.60081096e+001 0.00000000e+000 0.00000000e+000 0.00000000e+000 1.00000000e+000
 1.00000000e+000 3.87280894e+001 2.82369649e+001 2.04126532e+001 1.45029759e+001 6.18854237e+001 2.57953523e+001 1.00520766e+003 1.00157295e+003 3.58549171e+000 8.75491283e-001 2.32618804e+001 0.00000000e+000 0.00000000e+000 0.00000000e+000 1.00000000e+000
 1.00000000e+000 3.62743176e+001 2.56827477e+001 1.91761376e+001 1.31143572e+001 6.39923424e+001 2.69486798e+001 1.00576997e+003 1.00181702e+003 5.21134713e+000 3.34416863e+000 2.43395784e+001 0.00000000e+000 0.00000000e+000 0.00000000e+000 1.00000000e+000
 1.00000000e+000 3.87097323e+001 2.71018726e+001 1.99889130e+001 1.23392467e+001 5.88650516e+001 2.39758805e+001 1.00583554e+003 1.00266383e+003 3.84437778e+000 1.76885694e+000 2.36041867e+001 0.00000000e+000 0.00000000e+000 0.00000000e+000 1.00000000e+000
 1.00000000e+000 3.94029001e+001 2.67988146e+001 2.02575640e+001 1.02930945e+001 6.01914242e+001 2.26732211e+001 1.00469050e+003 1.00101620e+003 5.75965185e+000 3.89774807e+000 2.55918910e+001 0.00000000e+000 0.00000000e+000 0.00000000e+000 1.00000000e+000
 1.00000000e+000 4.01293533e+001 2.47716961e+001 1.69092797e+001 5.02393774e+000 5.28709608e+001 1.64901748e+001 1.00542381e+003 1.00288008e+003 4.75990563e+000 2.91085982e+000 2.83203573e+001 0.00000000e+000 0.00000000e+000 0.00000000e+000 1.00000000e+000
 1.00000000e+000 4.13928135e+001 2.65312137e+001 1.74233131e+001 5.71638420e+000 4.77740695e+001 1.42047896e+001 1.00307091e+003 1.00041471e+003 4.91756658e+000 3.26665258e+000 2.81655167e+001 0.00000000e+000 0.00000000e+000 0.00000000e+000 1.00000000e+000
 1.00000000e+000 4.12900190e+001 2.86488227e+001 1.94959072e+001 1.00753103e+001 5.34124092e+001 1.91166818e+001 1.00161502e+003 9.97685143e+002 5.03459930e+000 2.59830953e+000 2.56974422e+001 0.00000000e+000 0.00000000e+000 0.00000000e+000 1.00000000e+000
 1.00000000e+000 4.06229793e+001 2.90194088e+001 2.04503800e+001 1.08046671e+001 5.18484928e+001 1.94533593e+001 1.00107378e+003 9.97306296e+002 5.60900650e+000 2.74599610e+000 2.60304097e+001 0.00000000e+000 0.00000000e+000 0.00000000e+000 1.00000000e+000
 1.00000000e+000 4.15188311e+001 2.97589875e+001 2.09303185e+001 1.12524557e+001 5.12366445e+001 1.86521854e+001 1.00530596e+003 1.00291433e+003 4.84232859e+000 3.59833219e+000 2.62255802e+001 0.00000000e+000 0.00000000e+000 0.00000000e+000 1.00000000e+000
 1.00000000e+000 4.21084472e+001 3.04436836e+001 2.11737660e+001 1.13308175e+001 5.28129528e+001 2.00628296e+001 1.00281366e+003 9.99182473e+002 5.89984680e+000 4.01288717e+000 2.68331496e+001 0.00000000e+000 0.00000000e+000 0.00000000e+000 1.00000000e+000
 1.00000000e+000 3.95726839e+001 2.78409798e+001 1.81270264e+001 1.20854260e+001 5.72619796e+001 2.43212095e+001 1.00351332e+003 9.97714709e+002 7.78400952e+000 5.34871459e+000 3.29807268e+001 0.00000000e+000 0.00000000e+000 0.00000000e+000 1.00000000e+000
 1.00000000e+000 3.35946378e+001 2.19334301e+001 2.09372437e+001 1.36846239e+001 8.05940871e+001 3.69644114e+001 1.00967310e+003 1.00728632e+003 3.01518441e+000 6.88548929e-001 2.23361522e+001 0.00000000e+000 0.00000000e+000 0.00000000e+000 1.00000000e+000
 1.00000000e+000 3.63182274e+001 2.63960587e+001 2.10098301e+001 1.60080472e+001 7.31308503e+001 3.48809062e+001 1.00673245e+003 1.00134706e+003 5.33795739e+000 2.78669058e+000 2.29865105e+001 0.00000000e+000 0.00000000e+000 0.00000000e+000 1.00000000e+000
 1.00000000e+000 3.61632238e+001 2.61935804e+001 2.10184230e+001 1.54884987e+001 7.32309600e+001 3.26991276e+001 1.00697844e+003 1.00168239e+003 5.40445320e+000 2.58228218e+000 2.21059888e+001 0.00000000e+000 0.00000000e+000 0.00000000e+000 1.00000000e+000
 1.00000000e+000 3.85705653e+001 2.69100511e+001 2.05160983e+001 1.28482982e+001 6.49412574e+001 2.75842618e+001 1.00627847e+003 1.00223543e+003 4.87604413e+000 2.65211540e+000 2.47896090e+001 1.00000000e+000 0.00000000e+000 0.00000000e+000 0.00000000e+000
 1.00000000e+000 3.95336655e+001 2.70408239e+001 1.90315228e+001 1.06556600e+001 5.81407343e+001 2.19293959e+001 1.00328290e+003 9.99381364e+002 4.90811252e+000 2.26844692e+000 2.62506496e+001 0.00000000e+000 0.00000000e+000 0.00000000e+000 1.00000000e+000
 1.00000000e+000 4.12922943e+001 2.83960031e+001 1.81400700e+001 8.40595546e+000 4.78031020e+001 1.76552496e+001 1.00277251e+003 9.99179775e+002 7.51684153e+000 4.77103565e+000 3.65488014e+001 1.00000000e+000 0.00000000e+000 0.00000000e+000 0.00000000e+000
 1.00000000e+000 4.01439499e+001 2.64853839e+001 1.80081179e+001 6.91658737e+000 5.14572558e+001 1.64945996e+001 1.00475776e+003 1.00147529e+003 5.73084145e+000 3.72029347e+000 2.71159092e+001 0.00000000e+000 0.00000000e+000 0.00000000e+000 0.00000000e+000
 1.00000000e+000 4.16411568e+001 2.64458139e+001 1.70792269e+001 5.61314542e+000 5.13620736e+001 1.58222789e+001 1.00623487e+003 1.00264953e+003 5.21052014e+000 2.37577792e+000 2.94489544e+001 0.00000000e+000 0.00000000e+000 0.00000000e+000 1.00000000e+000
 1.00000000e+000 4.28200341e+001 2.83356465e+001 1.77756673e+001 7.31698158e+000 4.80384306e+001 1.57791925e+001 1.00603582e+003 1.00207745e+003 5.88356518e+000 4.56858481e+000 2.94041826e+001 0.00000000e+000 0.00000000e+000 0.00000000e+000 1.00000000e+000
 1.00000000e+000 4.28244166e+001 2.94038795e+001 1.90723860e+001 9.94429955e+000 5.20765697e+001 1.94286506e+001 1.00490021e+003 1.00075167e+003 5.28191313e+000 3.48168432e+000 2.86233117e+001 0.00000000e+000 0.00000000e+000 0.00000000e+000 1.00000000e+000
 1.00000000e+000 4.37604665e+001 2.90020377e+001 1.99409790e+001 6.63441013e+000 4.75573812e+001 1.56561724e+001 1.00337164e+003 1.00124211e+003 5.21237008e+000 4.08237943e+000 2.94005514e+001 1.00000000e+000 0.00000000e+000 0.00000000e+000 0.00000000e+000
 1.00000000e+000 4.40020539e+001 2.99742570e+001 1.99075041e+001 8.30760219e+000 4.74999219e+001 1.55073535e+001 1.00133824e+003 9.98519503e+002 5.20259448e+000 3.48141557e+000 2.95323262e+001 0.00000000e+000 0.00000000e+000 0.00000000e+000 1.00000000e+000
 1.00000000e+000 4.44532779e+001 3.24780031e+001 2.21140748e+001 1.22281192e+001 4.82961429e+001 1.85416750e+001 9.99736390e+002 9.96921755e+002 5.19951517e+000 4.14328553e+000 2.84521342e+001 0.00000000e+000 0.00000000e+000 0.00000000e+000 1.00000000e+000
 1.00000000e+000 4.02958272e+001 3.04742663e+001 2.22023509e+001 1.46301136e+001 5.59307289e+001 2.48262525e+001 9.96734469e+002 9.92799299e+002 5.79395764e+000 3.88719877e+000 2.53683001e+001 1.00000000e+000 0.00000000e+000 0.00000000e+000 0.00000000e+000
 1.00000000e+000 4.14745139e+001 3.17837332e+001 2.21046597e+001 1.57515803e+001 5.87224204e+001 2.54466250e+001 9.97016367e+002 9.92168922e+002 5.68089977e+000 3.36421507e+000 2.54149989e+001 1.00000000e+000 0.00000000e+000 0.00000000e+000 0.00000000e+000
 1.00000000e+000 4.09267458e+001 3.04331878e+001 2.18538998e+001 1.47463033e+001 5.97774522e+001 2.60957219e+001 9.96791803e+002 9.91980177e+002 5.87911137e+000 3.47235908e+000 2.62274389e+001 1.00000000e+000 0.00000000e+000 0.00000000e+000 0.00000000e+000
 1.00000000e+000 3.92974691e+001 3.03325392e+001 2.34076563e+001 1.87801612e+001 6.94893635e+001 3.54715674e+001 1.00100837e+003 9.96103455e+002 4.43371842e+000 1.51523908e+000 2.42782154e+001 0.00000000e+000 0.00000000e+000 0.00000000e+000 1.00000000e+000
 1.00000000e+000 3.97495573e+001 2.67143370e+001 2.08083364e+001 1.05054471e+001 5.67480685e+001 2.20641523e+001 1.00477933e+003 1.00403783e+003 4.29768946e+000 4.73534407e+000 2.73788366e+001 1.00000000e+000 0.00000000e+000 0.00000000e+000 0.00000000e+000
 1.00000000e+000 4.19349252e+001 3.15416411e+001 2.39632244e+001 1.47926817e+001 5.94682265e+001 2.54118145e+001 9.98419176e+002 9.95042908e+002 5.93034942e+000 4.21417160e+000 2.67026666e+001 1.00000000e+000 0.00000000e+000 0.00000000e+000 0.00000000e+000
 1.00000000e+000 3.95740014e+001 2.82242266e+001 2.19139854e+001 1.27019054e+001 6.17355170e+001 2.43438620e+001 9.98177528e+002 9.94699325e+002 5.36848909e+000 3.12992650e+000 2.45201829e+001 0.00000000e+000 0.00000000e+000 0.00000000e+000 1.00000000e+000
 1.00000000e+000 4.26260825e+001 3.15591335e+001 2.11080537e+001 1.35358994e+001 5.20598861e+001 2.12525403e+001 9.99500854e+002 9.95057364e+002 5.98901681e+000 4.57201928e+000 2.73462567e+001 0.00000000e+000 0.00000000e+000 0.00000000e+000 1.00000000e+000
 1.00000000e+000 4.12062641e+001 3.13719388e+001 2.15629696e+001 1.62260891e+001 5.75495705e+001 2.56412493e+001 1.00008841e+003 9.95139835e+002 5.23187912e+000 3.02303579e+000 2.56073497e+001 0.00000000e+000 0.00000000e+000 0.00000000e+000 1.00000000e+000
 1.00000000e+000 4.17683969e+001 2.92295453e+001 2.17518314e+001 1.10032585e+001 5.64253442e+001 2.09023027e+001 1.00100459e+003 9.98338582e+002 4.71858128e+000 3.05426401e+000 2.54067102e+001 0.00000000e+000 0.00000000e+000 0.00000000e+000 1.00000000e+000
 1.00000000e+000 4.12949540e+001 2.99577575e+001 2.32872357e+001 1.34817213e+001 5.97176292e+001 2.48873348e+001 1.00025280e+003 9.98073279e+002 4.28648471e+000 2.94635658e+000 2.47147305e+001 0.00000000e+000 0.00000000e+000 0.00000000e+000 1.00000000e+000
 1.00000000e+000 4.09314915e+001 3.05047713e+001 2.33675455e+001 1.61659510e+001 6.36213339e+001 2.80831912e+001 9.98842019e+002 9.94841388e+002 4.82010816e+000 2.79823188e+000 2.44796051e+001 0.00000000e+000 0.00000000e+000 0.00000000e+000 1.00000000e+000
 1.00000000e+000 3.82598992e+001 2.89882630e+001 2.17502805e+001 1.67961804e+001 6.56868593e+001 3.24848261e+001 1.00041842e+003 9.95044022e+002 5.98027171e+000 3.62468480e+000 2.54046921e+001 0.00000000e+000 0.00000000e+000 0.00000000e+000 1.00000000e+000
 1.00000000e+000 3.55844031e+001 2.68324162e+001 2.33401439e+001 1.85053551e+001 7.75007536e+001 4.00899975e+001 1.00252772e+003 9.98124100e+002 4.17982322e+000 1.25810635e+000 2.19260446e+001 0.00000000e+000 0.00000000e+000 0.00000000e+000 1.00000000e+000
 1.00000000e+000 3.56784426e+001 2.57057246e+001 2.24784445e+001 1.61379776e+001 7.84855670e+001 3.98220250e+001 1.00050106e+003 9.96473668e+002 5.00315191e+000 2.80702257e+000 2.43723208e+001 0.00000000e+000 0.00000000e+000 0.00000000e+000 1.00000000e+000
 1.00000000e+000 3.36015912e+001 2.45386229e+001 2.36226767e+001 1.61603581e+001 8.20116288e+001 4.29281497e+001 9.97574925e+002 9.93978040e+002 5.21630542e+000 3.15745564e+000 2.15848377e+001 1.00000000e+000 0.00000000e+000 0.00000000e+000 0.00000000e+000
 1.00000000e+000 3.66292464e+001 2.84058030e+001 2.54101917e+001 1.86101828e+001 7.85485585e+001 4.26949645e+001 9.97586279e+002 9.93797532e+002 4.96151965e+000 2.85335418e+000 2.25412134e+001 1.00000000e+000 0.00000000e+000 0.00000000e+000 0.00000000e+000
 1.00000000e+000 3.68307470e+001 2.81267139e+001 2.35795291e+001 1.85349533e+001 7.52563996e+001 3.99305392e+001 9.97406367e+002 9.92526800e+002 5.33960786e+000 3.53718893e+000 2.29164132e+001 0.00000000e+000 0.00000000e+000 0.00000000e+000 1.00000000e+000
 1.00000000e+000 3.48116909e+001 2.74389697e+001 2.40413396e+001 2.04273196e+001 8.27483971e+001 4.77001845e+001 1.00071063e+003 9.95621317e+002 4.79325985e+000 2.39999443e+000 2.19719888e+001 0.00000000e+000 0.00000000e+000 0.00000000e+000 1.00000000e+000
 1.00000000e+000 3.71226724e+001 2.83080319e+001 2.41171015e+001 1.89464314e+001 7.62603395e+001 3.91147607e+001 9.99982433e+002 9.95268001e+002 4.73389001e+000 2.11552826e+000 2.24238872e+001 0.00000000e+000 0.00000000e+000 0.00000000e+000 1.00000000e+000
 1.00000000e+000 3.51588327e+001 2.64278903e+001 2.31307809e+001 1.83559831e+001 7.73132168e+001 4.25608894e+001 1.00036097e+003 9.96376204e+002 4.40739400e+000 2.93108636e+000 2.25041657e+001 0.00000000e+000 0.00000000e+000 0.00000000e+000 1.00000000e+000
 1.00000000e+000 3.84662594e+001 2.95148105e+001 2.39142549e+001 1.93220720e+001 7.41209388e+001 3.77970705e+001 9.99285480e+002 9.94129417e+002 4.92346658e+000 2.30485781e+000 2.38185112e+001 1.00000000e+000 0.00000000e+000 0.00000000e+000 0.00000000e+000
 1.00000000e+000 3.64539341e+001 2.92826459e+001 2.52557075e+001 2.07035898e+001 7.76093713e+001 4.25418588e+001 9.99922390e+002 9.95603929e+002 4.76611698e+000 2.31347552e+000 2.21259931e+001 0.00000000e+000 0.00000000e+000 0.00000000e+000 1.00000000e+000
 1.00000000e+000 3.79332015e+001 2.85733045e+001 2.44635640e+001 1.75257948e+001 7.45417498e+001 3.77233908e+001 9.99987755e+002 9.96329581e+002 4.27471851e+000 2.12728333e+000 2.21197735e+001 0.00000000e+000 0.00000000e+000 0.00000000e+000 1.00000000e+000
 1.00000000e+000 3.77488692e+001 2.86264832e+001 2.30433418e+001 1.84247470e+001 7.29089641e+001 3.63981047e+001 9.97294981e+002 9.91818203e+002 4.99383668e+000 1.87871058e+000 2.31542213e+001 0.00000000e+000 0.00000000e+000 0.00000000e+000 1.00000000e+000
 1.00000000e+000 3.69281267e+001 2.88302109e+001 2.32985560e+001 1.94012709e+001 7.34923441e+001 3.86336482e+001 9.97788119e+002 9.93168085e+002 4.51611744e+000 2.10451934e+000 2.28360869e+001 0.00000000e+000 0.00000000e+000 0.00000000e+000 1.00000000e+000
 1.00000000e+000 3.72331357e+001 2.84612623e+001 2.50938835e+001 1.77782692e+001 7.29264234e+001 3.31456710e+001 1.00077780e+003 9.98494038e+002 3.67700078e+000 1.60466876e+000 2.06908721e+001 0.00000000e+000 0.00000000e+000 0.00000000e+000 1.00000000e+000
 1.00000000e+000 3.72660253e+001 2.93604226e+001 2.40935959e+001 2.03169615e+001 7.17750291e+001 3.88438160e+001 1.00462326e+003 1.00036699e+003 4.10083500e+000 2.07629486e+000 2.23204780e+001 0.00000000e+000 0.00000000e+000 0.00000000e+000 1.00000000e+000
 1.00000000e+000 3.89527790e+001 2.98147422e+001 2.44071827e+001 1.96451932e+001 7.26080154e+001 3.77941305e+001 1.00497356e+003 1.00094304e+003 3.84792242e+000 2.11934769e+000 2.32494668e+001 0.00000000e+000 0.00000000e+000 0.00000000e+000 1.00000000e+000
 1.00000000e+000 3.85708970e+001 2.93638930e+001 2.48743573e+001 1.91097878e+001 7.36726050e+001 3.87959583e+001 1.00044073e+003 9.96384014e+002 4.85661343e+000 3.27050093e+000 2.45095785e+001 1.00000000e+000 0.00000000e+000 0.00000000e+000 0.00000000e+000
 1.00000000e+000 3.39115682e+001 2.48746050e+001 2.40790047e+001 1.65850113e+001 8.25836463e+001 4.66500160e+001 1.00459480e+003 1.00083812e+003 5.65723129e+000 4.00263461e+000 2.34388695e+001 0.00000000e+000 0.00000000e+000 0.00000000e+000 1.00000000e+000
 1.00000000e+000 3.42060673e+001 2.68003683e+001 2.50633336e+001 2.07839394e+001 8.54525174e+001 5.04534871e+001 1.00582025e+003 1.00154616e+003 4.25838705e+000 1.79149545e+000 2.21162129e+001 0.00000000e+000 0.00000000e+000 0.00000000e+000 1.00000000e+000
 1.00000000e+000 3.62354439e+001 2.72424676e+001 2.47647541e+001 1.82894050e+001 8.00078346e+001 4.34764205e+001 1.00391055e+003 1.00017015e+003 4.36396944e+000 2.46636696e+000 2.19412922e+001 0.00000000e+000 0.00000000e+000 0.00000000e+000 1.00000000e+000
 1.00000000e+000 3.68280893e+001 2.79631762e+001 2.40850693e+001 1.89283947e+001 7.75166442e+001 4.40079841e+001 1.00055882e+003 9.95565433e+002 5.73926062e+000 4.72240432e+000 2.41259232e+001 1.00000000e+000 0.00000000e+000 0.00000000e+000 1.00000000e+000
 1.00000000e+000 3.56740882e+001 2.62426840e+001 2.35693387e+001 1.74888748e+001 7.92753220e+001 4.24007099e+001 1.00053972e+003 9.95585753e+002 5.61758012e+000 3.45432180e+000 2.32063140e+001 0.00000000e+000 0.00000000e+000 0.00000000e+000 1.00000000e+000
 1.00000000e+000 3.28596024e+001 2.59101015e+001 2.41274786e+001 1.89821964e+001 8.50743681e+001 5.29726474e+001 1.00154026e+003 9.96761715e+002 5.94715943e+000 3.96403763e+000 2.32233993e+001 0.00000000e+000 0.00000000e+000 0.00000000e+000 1.00000000e+000
 1.00000000e+000 2.90488480e+001 2.11356018e+001 2.05282613e+001 1.57083083e+001 8.31811945e+001 3.70339761e+001 9.98532824e+002 9.95840356e+002 4.07697066e+000 2.04785617e+000 1.72661280e+001 0.00000000e+000 0.00000000e+000 0.00000000e+000 1.00000000e+000
 1.00000000e+000 3.13772315e+001 2.39867357e+001 2.35569576e+001 1.73977008e+001 8.59581397e+001 5.20381664e+001 1.00066730e+003 9.97569972e+002 4.89942455e+000 3.65541259e+000 2.16941278e+001 0.00000000e+000 0.00000000e+000 0.00000000e+000 1.00000000e+000
 1.00000000e+000 3.42725270e+001 2.70143456e+001 2.47812146e+001 2.01030114e+001 8.41637836e+001 4.98272299e+001 1.00159296e+003 9.97147207e+002 4.99038535e+000 2.67973051e+000 2.28310182e+001 0.00000000e+000 0.00000000e+000 0.00000000e+000 1.00000000e+000
 1.00000000e+000 3.47343955e+001 2.67195759e+001 2.37384172e+001 1.91900739e+001 8.20202507e+001 4.66569013e+001 1.00086969e+003 9.95808299e+002 5.45973721e+000 3.43408904e+000 2.27675532e+001 0.00000000e+000 0.00000000e+000 0.00000000e+000 1.00000000e+000
 1.00000000e+000 3.34216561e+001 2.54896867e+001 2.33994267e+001 1.79428741e+001 8.13278550e+001 3.85509252e+001 1.00322149e+003 9.99674366e+002 4.60174142e+000 2.47572801e+000 1.94571269e+001 0.00000000e+000 0.00000000e+000 0.00000000e+000 1.00000000e+000
 1.00000000e+000 3.56493178e+001 2.82118442e+001 2.57218005e+001 2.09290367e+001 8.14332718e+001 4.81691293e+001 1.00440071e+003 1.00056818e+003 4.31144325e+000 2.28825626e+000 2.29575080e+001 0.00000000e+000 0.00000000e+000 0.00000000e+000 1.00000000e+000
 1.00000000e+000 3.39490937e+001 2.61022248e+001 2.46557377e+001 1.80472975e+001 8.17969882e+001 3.78750473e+001 1.00505954e+003 1.00202747e+003 4.44576808e+000 2.06341799e+000 1.86390910e+001 1.00000000e+000 0.00000000e+000 0.00000000e+000 0.00000000e+000
 1.00000000e+000 3.42984422e+001 2.60301649e+001 2.54035462e+001 1.73977974e+001 8.14266064e+001 4.90338197e+001 1.00693025e+003 1.00429444e+003 5.41788505e+000 4.53000359e+000 2.41282039e+001 1.00000000e+000 0.00000000e+000 0.00000000e+000 0.00000000e+000
 1.00000000e+000 3.55440838e+001 2.72739421e+001 2.41661955e+001 1.94865442e+001 8.06586549e+001 4.57985934e+001 1.00246160e+003 9.97564536e+002 5.46253048e+000 4.05891916e+000 2.29315697e+001 0.00000000e+000 0.00000000e+000 0.00000000e+000 1.00000000e+000
 1.00000000e+000 3.76699631e+001 2.86174030e+001 2.61582633e+001 1.94104397e+001 7.73183172e+001 4.45622200e+001 1.00200443e+003 9.98628573e+002 4.51950621e+000 3.32939141e+000 2.42551026e+001 0.00000000e+000 0.00000000e+000 0.00000000e+000 1.00000000e+000
 1.00000000e+000 3.12244374e+001 2.30969677e+001 2.28489994e+001 1.69509326e+001 8.57854939e+001 4.00452237e+001 1.00472925e+003 1.00231943e+003 3.57524410e+000 1.80718562e+000 1.71077716e+001 0.00000000e+000 0.00000000e+000 0.00000000e+000 1.00000000e+000
 1.00000000e+000 3.49859508e+001 2.74560742e+001 2.50236886e+001 1.99977633e+001 8.31538207e+001 4.92036559e+001 1.00240171e+003 9.98256412e+002 4.68282820e+000 2.86588652e+000 2.23267545e+001 0.00000000e+000 0.00000000e+000 0.00000000e+000 1.00000000e+000
 1.00000000e+000 3.51162101e+001 2.74899028e+001 2.44825346e+001 2.01212297e+001 8.02397126e+001 4.52187164e+001 1.00067557e+003 9.96458334e+002 4.38838708e+000 2.53539584e+000 2.11748397e+001 0.00000000e+000 0.00000000e+000 0.00000000e+000 1.00000000e+000
 1.00000000e+000 3.45324455e+001 2.65433339e+001 2.46815800e+001 1.96926884e+001 8.13181790e+001 4.54706016e+001 9.99358512e+002 9.95295402e+002 4.44372844e+000 2.70046687e+000 2.06461435e+001 0.00000000e+000 0.00000000e+000 0.00000000e+000 1.00000000e+000
 1.00000000e+000 3.72975016e+001 2.93005572e+001 2.60014125e+001 1.95998587e+001 7.80027586e+001 4.40445657e+001 9.98256156e+002 9.94424539e+002 4.77915020e+000 3.08954036e+000 2.23111809e+001 0.00000000e+000 0.00000000e+000 0.00000000e+000 1.00000000e+000
 1.00000000e+000 3.58863963e+001 2.80343945e+001 2.55026690e+001 2.04431851e+001 8.01711215e+001 4.63057725e+001 1.00207263e+003 9.98546815e+002 4.02340332e+000 2.24094598e+000 2.25685726e+001 0.00000000e+000 0.00000000e+000 0.00000000e+000 1.00000000e+000
 1.00000000e+000 3.68512429e+001 2.77594005e+001 2.54738950e+001 2.00591273e+001 8.14190976e+001 4.71618656e+001 1.00355934e+003 9.99200528e+002 4.74120987e+000 3.28572789e+000 2.44153900e+001 0.00000000e+000 0.00000000e+000 0.00000000e+000 1.00000000e+000
 1.00000000e+000 3.43033042e+001 2.61485725e+001 2.42792190e+001 1.82154955e+001 8.10846800e+001 3.82434260e+001 1.00365665e+003 1.00078336e+003 4.05521328e+000 1.56819714e+000 2.05290594e+001 0.00000000e+000 0.00000000e+000 0.00000000e+000 1.00000000e+000
 1.00000000e+000 3.48141719e+001 2.69557008e+001 2.40112005e+001 1.96916781e+001 8.29859200e+001 4.87250799e+001 1.00416822e+003 9.98644200e+002 5.95033630e+000 3.94814546e+000 2.36879561e+001 0.00000000e+000 0.00000000e+000 0.00000000e+000 1.00000000e+000
 1.00000000e+000 3.05350685e+001 2.31916078e+001 2.21161296e+001 1.80557140e+001 8.54416773e+001 4.00609021e+001 1.00183932e+003 9.98537125e+002 3.91116555e+000 1.55249020e+000 1.74427013e+001 0.00000000e+000 0.00000000e+000 0.00000000e+000 1.00000000e+000
 1.00000000e+000 3.41211243e+001 2.64114124e+001 2.41744978e+001 1.95945892e+001 8.04055258e+001 4.81292926e+001 1.00305201e+003 9.99656183e+002 4.15615137e+000 2.82940025e+000 2.30401167e+001 0.00000000e+000 0.00000000e+000 0.00000000e+000 1.00000000e+000
 1.00000000e+000 3.35379576e+001 2.67531899e+001 2.52098025e+001 1.97090467e+001 8.49579437e+001 5.13437995e+001 1.00456535e+003 1.00080159e+003 4.56825111e+000 2.48842206e+000 2.08803035e+001 0.00000000e+000 0.00000000e+000 0.00000000e+000 1.00000000e+000
 1.00000000e+000 3.00622641e+001 2.30063766e+001 2.14386362e+001 1.83902101e+001 8.95494275e+001 4.22578539e+001 1.00354943e+003 9.98694872e+002 4.76482223e+000 1.70343503e+000 1.73097073e+001 1.00000000e+000 0.00000000e+000 0.00000000e+000 0.00000000e+000
 1.00000000e+000 3.00721125e+001 2.28737006e+001 2.17290970e+001 1.82684158e+001 8.84316953e+001 4.21029859e+001 1.00399287e+003 9.99584478e+002 4.75174322e+000 2.35411661e+000 1.72806557e+001 1.00000000e+000 0.00000000e+000 0.00000000e+000 0.00000000e+000
 1.00000000e+000 3.23536393e+001 2.40985083e+001 2.35590278e+001 1.68941081e+001 8.23525489e+001 3.83284259e+001 1.00556908e+003 1.00291760e+003 4.06489953e+000 2.30285407e+000 1.73046333e+001 0.00000000e+000 1.00000000e+000 0.00000000e+000 0.00000000e+000
 1.00000000e+000 3.49868810e+001 2.65578906e+001 2.47059202e+001 1.74084065e+001 7.86067700e+001 4.22481514e+001 1.00486484e+003 1.00195789e+003 5.08731474e+000 4.07101791e+000 2.19608039e+001 0.00000000e+000 0.00000000e+000 0.00000000e+000 1.00000000e+000
 1.00000000e+000 3.50381227e+001 2.82129526e+001 2.46918904e+001 2.04435295e+001 8.14007363e+001 4.77614232e+001 1.00308465e+003 9.97913612e+002 5.49795952e+000 3.34149378e+000 2.15835792e+001 0.00000000e+000 0.00000000e+000 0.00000000e+000 1.00000000e+000
 1.00000000e+000 3.62221567e+001 2.80465409e+001 2.41737179e+001 1.91655528e+001 7.98762499e+001 4.54007657e+001 1.00255622e+003 9.96938630e+002 6.36772779e+000 4.75735834e+000 2.35184055e+001 0.00000000e+000 0.00000000e+000 0.00000000e+000 1.00000000e+000
 1.00000000e+000 3.74353406e+001 2.94104218e+001 2.57507473e+001 1.94402246e+001 7.79323384e+001 4.61996192e+001 1.00217690e+003 9.97346011e+002 6.23353818e+000 4.77318252e+000 2.46620537e+001 0.00000000e+000 1.00000000e+000 0.00000000e+000 0.00000000e+000
 1.00000000e+000 3.61742475e+001 2.71732927e+001 2.53701293e+001 1.79005607e+001 7.84168913e+001 4.46682891e+001 1.00139141e+003 9.98508723e+002 4.68008506e+000 3.55137304e+000 2.37385382e+001 0.00000000e+000 0.00000000e+000 0.00000000e+000 1.00000000e+000
 1.00000000e+000 3.31899639e+001 2.50987049e+001 2.44225037e+001 1.95676441e+001 8.67198387e+001 4.86228169e+001 1.00342426e+003 9.99711025e+002 3.78975829e+000 1.35268780e+000 2.09708874e+001 0.00000000e+000 0.00000000e+000 0.00000000e+000 1.00000000e+000
 1.00000000e+000 3.60015557e+001 2.77082723e+001 2.62411817e+001 2.01555333e+001 8.42704855e+001 4.81868453e+001 1.00468251e+003 1.00113783e+003 4.09230705e+000 2.01986907e+000 2.24459207e+001 1.00000000e+000 0.00000000e+000 0.00000000e+000 0.00000000e+000
 1.00000000e+000 3.60083201e+001 2.78574159e+001 2.56383019e+001 2.00876974e+001 8.01446946e+001 4.64277042e+001 1.00421143e+003 1.00043453e+003 4.45841509e+000 2.56250887e+000 2.32060448e+001 0.00000000e+000 1.00000000e+000 0.00000000e+000 0.00000000e+000
 1.00000000e+000 3.54793237e+001 2.67240314e+001 2.48768918e+001 1.82087614e+001 8.09332762e+001 4.57107115e+001 1.00405366e+003 1.00023330e+003 4.83587528e+000 3.00784543e+000 2.26445760e+001 0.00000000e+000 0.00000000e+000 0.00000000e+000 1.00000000e+000
 1.00000000e+000 3.34958972e+001 2.60175594e+001 2.38851389e+001 1.90316565e+001 8.36710383e+001 4.88606419e+001 1.00299718e+003 9.98075868e+002 5.46504188e+000 3.43777710e+000 2.13772773e+001 0.00000000e+000 1.00000000e+000 0.00000000e+000 0.00000000e+000
 1.00000000e+000 3.27078292e+001 2.55908361e+001 2.47722765e+001 1.86485192e+001 8.62593943e+001 5.33484815e+001 1.00323490e+003 9.99253965e+002 5.61217623e+000 4.12864605e+000 2.23434589e+001 0.00000000e+000 0.00000000e+000 0.00000000e+000 1.00000000e+000
 1.00000000e+000 3.47310290e+001 2.70057232e+001 2.47070566e+001 1.95378195e+001 8.56538671e+001 4.95693424e+001 1.00471450e+003 9.99383109e+002 5.73459046e+000 3.41394248e+000 2.22137566e+001 0.00000000e+000 0.00000000e+000 0.00000000e+000 1.00000000e+000
 1.00000000e+000 3.48557517e+001 2.70388080e+001 2.49669831e+001 2.00129068e+001 8.38654747e+001 4.89604171e+001 1.00368350e+003 9.98718943e+002 5.55327037e+000 3.98174988e+000 2.20423689e+001 1.00000000e+000 0.00000000e+000 0.00000000e+000 0.00000000e+000
 1.00000000e+000 3.61142833e+001 2.88359067e+001 2.66826280e+001 2.21653838e+001 8.42795258e+001 4.92896070e+001 1.00313576e+003 9.99698230e+002 3.33587096e+000 1.19196789e+000 2.18147250e+001 0.00000000e+000 1.00000000e+000 0.00000000e+000 0.00000000e+000
 1.00000000e+000 3.49585693e+001 2.74151960e+001 2.44578165e+001 2.02978999e+001 8.08046199e+001 4.67071772e+001 1.00252097e+003 9.98496608e+002 3.91532767e+000 2.02275548e+000 2.12403274e+001 0.00000000e+000 0.00000000e+000 0.00000000e+000 1.00000000e+000
 1.00000000e+000 3.61575358e+001 2.79723775e+001 2.46125883e+001 2.09486698e+001 8.22926875e+001 4.57419784e+001 1.00201978e+003 9.96912708e+002 4.11534698e+000 1.86698730e+000 2.10650663e+001 0.00000000e+000 1.00000000e+000 0.00000000e+000 0.00000000e+000
 1.00000000e+000 3.65418596e+001 2.85296042e+001 2.57914768e+001 2.06339558e+001 8.28385268e+001 4.85628583e+001 1.00419217e+003 1.00004753e+003 5.04558353e+000 2.35332625e+000 2.68732430e+001 0.00000000e+000 0.00000000e+000 0.00000000e+000 1.00000000e+000
 1.00000000e+000 3.51302393e+001 2.75475111e+001 2.38758007e+001 2.01304604e+001 7.96975114e+001 4.42883573e+001 1.00396624e+003 9.99139075e+002 4.52385115e+000 2.28024136e+000 2.09248641e+001 1.00000000e+000 0.00000000e+000 0.00000000e+000 0.00000000e+000
 1.00000000e+000 3.61681160e+001 2.82948067e+001 2.45355428e+001 1.99939211e+001 7.94472305e+001 4.64103383e+001 1.00573950e+003 1.00051467e+003 5.93975502e+000 4.33313334e+000 2.41667376e+001 1.00000000e+000 0.00000000e+000 0.00000000e+000 0.00000000e+000
 1.00000000e+000 3.53344720e+001 2.70668359e+001 2.48845653e+001 2.02908749e+001 8.26588448e+001 4.79342115e+001 1.00511088e+003 1.00165326e+003 3.90488234e+000 2.69481184e+000 2.31508738e+001 1.00000000e+000 0.00000000e+000 0.00000000e+000 0.00000000e+000
 1.00000000e+000 3.49210568e+001 2.72069924e+001 2.51813447e+001 2.06131955e+001 8.40941945e+001 4.91628675e+001 1.00364142e+003 9.99679470e+002 4.04854033e+000 1.96745324e+000 2.21894037e+001 0.00000000e+000 1.00000000e+000 0.00000000e+000 0.00000000e+000
 1.00000000e+000 3.46698842e+001 2.65554170e+001 2.48590436e+001 1.97498595e+001 8.27782265e+001 4.79628022e+001 1.00398437e+003 1.00090917e+003 3.59163744e+000 2.18814689e+000 2.19407709e+001 0.00000000e+000 1.00000000e+000 0.00000000e+000 0.00000000e+000
 1.00000000e+000 3.55151276e+001 2.70558795e+001 2.56848906e+001 1.89443760e+001 8.23860156e+001 4.51619624e+001 1.00379133e+003 1.00043236e+003 4.15477505e+000 2.33963416e+000 2.08830752e+001 0.00000000e+000 0.00000000e+000 0.00000000e+000 1.00000000e+000
 1.00000000e+000 3.53473661e+001 2.74116361e+001 2.48190273e+001 2.04008428e+001 8.31914998e+001 4.92756325e+001 1.00432736e+003 9.99570087e+002 4.89999646e+000 3.54141967e+000 2.23175959e+001 0.00000000e+000 0.00000000e+000 0.00000000e+000 1.00000000e+000
 1.00000000e+000 3.51998258e+001 2.75105502e+001 2.57929503e+001 2.05566655e+001 8.34001972e+001 4.86004428e+001 1.00542004e+003 1.00171418e+003 3.96414754e+000 2.00813598e+000 2.12360075e+001 0.00000000e+000 0.00000000e+000 0.00000000e+000 1.00000000e+000
 1.00000000e+000 3.56000786e+001 2.71196556e+001 2.51164733e+001 1.96497605e+001 8.23095764e+001 4.60565615e+001 1.00528159e+003 1.00177481e+003 3.67967785e+000 1.86692613e+000 2.13728609e+001 0.00000000e+000 0.00000000e+000 0.00000000e+000 1.00000000e+000
 1.00000000e+000 3.39971869e+001 2.46142807e+001 2.38160915e+001 1.54257679e+001 8.05693196e+001 3.69272454e+001 1.00326489e+003 1.00075300e+003 4.92980551e+000 3.77468415e+000 1.98954268e+001 0.00000000e+000 0.00000000e+000 0.00000000e+000 1.00000000e+000
 1.00000000e+000 3.55241160e+001 2.71646448e+001 2.55206792e+001 1.92917501e+001 8.19446559e+001 4.75629640e+001 1.00430406e+003 1.00128306e+003 3.94872497e+000 2.32082944e+000 2.28352250e+001 0.00000000e+000 0.00000000e+000 0.00000000e+000 1.00000000e+000
 1.00000000e+000 3.66968915e+001 2.75911332e+001 2.37837265e+001 1.83438046e+001 7.53867341e+001 4.65500621e+001 1.00689448e+003 1.00437705e+003 6.80042976e+000 3.86165121e+000 4.17498862e+001 0.00000000e+000 0.00000000e+000 0.00000000e+000 1.00000000e+000
 1.00000000e+000 3.50986564e+001 2.77580559e+001 2.49857905e+001 2.02281812e+001 8.03338256e+001 4.60087756e+001 1.00535814e+003 1.00171317e+003 3.85163929e+000 1.66973136e+000 2.10681174e+001 0.00000000e+000 0.00000000e+000 0.00000000e+000 1.00000000e+000
 1.00000000e+000 3.31818946e+001 2.50164203e+001 2.41445804e+001 1.78776829e+001 8.47324198e+001 5.00344815e+001 1.00572532e+003 1.00166066e+003 5.42748733e+000 4.12769140e+000 2.19873782e+001 0.00000000e+000 0.00000000e+000 0.00000000e+000 1.00000000e+000
 1.00000000e+000 3.48414584e+001 2.63977819e+001 2.33278432e+001 1.85380529e+001 8.22192539e+001 4.56522180e+001 1.00503180e+003 1.00001003e+003 5.37932412e+000 3.33594508e+000 2.27822806e+001 0.00000000e+000 0.00000000e+000 0.00000000e+000 1.00000000e+000
 1.00000000e+000 3.45736775e+001 2.60451699e+001 2.40595003e+001 1.84473964e+001 8.27523134e+001 4.68660531e+001 1.00624406e+003 1.00215682e+003 4.78951388e+000 2.89972505e+000 2.27588712e+001 0.00000000e+000 0.00000000e+000 0.00000000e+000 1.00000000e+000
 1.00000000e+000 3.19706755e+001 2.47633065e+001 2.44007073e+001 1.88225763e+001 8.67631933e+001 5.28325131e+001 1.00668890e+003 1.00393008e+003 3.55726994e+000 1.82715311e+000 2.04913651e+001 0.00000000e+000 0.00000000e+000 0.00000000e+000 1.00000000e+000
 1.00000000e+000 3.45988775e+001 2.60445759e+001 2.35054335e+001 1.91620170e+001 8.33230197e+001 4.55699752e+001 1.00524115e+003 1.00042122e+003 4.52144352e+000 2.35587700e+000 2.13305597e+001 0.00000000e+000 0.00000000e+000 0.00000000e+000 1.00000000e+000
 1.00000000e+000 3.45488093e+001 2.70540077e+001 2.39243914e+001 2.05872185e+001 8.25619218e+001 4.68646134e+001 1.00612808e+003 1.00118608e+003 4.62781879e+000 2.75052436e+000 2.10740666e+001 0.00000000e+000 0.00000000e+000 0.00000000e+000 1.00000000e+000
 1.00000000e+000 3.41190933e+001 2.68100463e+001 2.39816091e+001 2.00604774e+001 8.26628785e+001 4.76998812e+001 1.00591646e+003 1.00165804e+003 3.87017556e+000 1.33854226e+000 2.08284407e+001 0.00000000e+000 0.00000000e+000 0.00000000e+000 1.00000000e+000
 1.00000000e+000 3.09853049e+001 2.41188550e+001 2.27736083e+001 1.84587901e+001 8.59766022e+001 5.11778929e+001 1.00573968e+003 1.00156928e+003 5.03138607e+000 3.15676596e+000 2.09073394e+001 0.00000000e+000 0.00000000e+000 0.00000000e+000 1.00000000e+000
 1.00000000e+000 3.22059110e+001 2.28422158e+001 2.18763104e+001 1.49330600e+001 7.95867336e+001 4.56053559e+001 1.00977694e+003 1.00844247e+003 3.87032629e+000 4.53908306e+000 2.25961320e+001 0.00000000e+000 0.00000000e+000 0.00000000e+000 1.00000000e+000
 1.00000000e+000 3.51974299e+001 2.63069208e+001 2.38354390e+001 1.86655110e+001 8.23777666e+001 4.48425130e+001 1.00623404e+003 1.00163150e+003 4.54845081e+000 2.44645905e+000 2.15322380e+001 0.00000000e+000 0.00000000e+000 0.00000000e+000 1.00000000e+000
 1.00000000e+000 3.34342982e+001 2.42561152e+001 2.35299609e+001 1.62165020e+001 7.93499464e+001 4.40458499e+001 1.01110832e+003 1.00994622e+003 3.27302172e+000 3.21477719e+000 2.13010667e+001 0.00000000e+000 0.00000000e+000 0.00000000e+000 1.00000000e+000
 1.00000000e+000 3.36217833e+001 2.61517477e+001 2.41751863e+001 1.86947085e+001 8.30917411e+001 4.97330725e+001 1.00582728e+003 1.00166210e+003 5.53532553e+000 4.04042882e+000 2.29078081e+001 0.00000000e+000 0.00000000e+000 0.00000000e+000 1.00000000e+000
 1.00000000e+000 3.36439052e+001 2.57206683e+001 2.33983234e+001 1.95338676e+001 8.57865853e+001 4.94500406e+001 1.00775488e+003 1.00272233e+003 4.75322478e+000 2.56518806e+000 2.17387899e+001 0.00000000e+000 0.00000000e+000 0.00000000e+000 1.00000000e+000
 1.00000000e+000 3.48577233e+001 2.61674160e+001 2.40674114e+001 1.94386924e+001 8.36976028e+001 4.87789760e+001 1.00745710e+003 1.00225320e+003 5.35452169e+000 4.00489929e+000 2.28410394e+001 0.00000000e+000 0.00000000e+000 0.00000000e+000 1.00000000e+000
 1.00000000e+000 3.39209146e+001 2.58594645e+001 2.40299398e+001 2.00487888e+001 8.59275160e+001 4.74484366e+001 1.00980267e+003 1.00519315e+003 3.79193013e+000 1.06974823e+000 1.99673098e+001 0.00000000e+000 0.00000000e+000 0.00000000e+000 1.00000000e+000
 1.00000000e+000 3.50915214e+001 2.64406952e+001 2.41487541e+001 1.97499344e+001 8.41603270e+001 4.51303065e+001 1.00962319e+003 1.00522575e+003 3.58366376e+000 1.13535547e+000 2.01255227e+001 0.00000000e+000 0.00000000e+000 0.00000000e+000 1.00000000e+000
 1.00000000e+000 3.65610919e+001 2.76833622e+001 2.41657415e+001 1.93156438e+001 7.84362589e+001 4.13634715e+001 1.00918295e+003 1.00519463e+003 3.66827510e+000 1.61939207e+000 2.13131140e+001 0.00000000e+000 0.00000000e+000 0.00000000e+000 1.00000000e+000
 1.00000000e+000 3.59071284e+001 2.70555311e+001 2.32732581e+001 1.89204356e+001 7.57601740e+001 3.98903800e+001 1.00916003e+003 1.00613981e+003 3.13986316e+000 2.06145544e+000 2.15002587e+001 0.00000000e+000 0.00000000e+000 0.00000000e+000 1.00000000e+000
 1.00000000e+000 3.57472668e+001 2.66372553e+001 2.34231210e+001 1.85612844e+001 7.91071463e+001 3.95886904e+001 1.00762875e+003 1.00320586e+003 4.41908095e+000 2.29198190e+000 2.13255867e+001 0.00000000e+000 0.00000000e+000 0.00000000e+000 1.00000000e+000
 1.00000000e+000 3.46285061e+001 2.61799957e+001 2.46444699e+001 1.87860591e+001 8.42020592e+001 4.91010833e+001 1.00884585e+003 1.00542930e+003 4.00633923e+000 2.07879956e+000 2.27973515e+001 0.00000000e+000 0.00000000e+000 0.00000000e+000 1.00000000e+000
 1.00000000e+000 3.42618000e+001 2.55174369e+001 2.37467244e+001 1.87931849e+001 8.45390429e+001 4.64396270e+001 1.00968820e+003 1.00574904e+003 3.79653494e+000 1.38204893e+000 2.16844552e+001 0.00000000e+000 0.00000000e+000 0.00000000e+000 1.00000000e+000
 1.00000000e+000 3.25057370e+001 2.42131546e+001 2.19975426e+001 1.80015428e+001 8.47343687e+001 4.90250393e+001 1.01245386e+003 1.00797003e+003 4.56480071e+000 2.69025648e+000 2.23478728e+001 0.00000000e+000 0.00000000e+000 0.00000000e+000 1.00000000e+000
 1.00000000e+000 3.31100703e+001 2.44934423e+001 2.21772617e+001 1.76830040e+001 8.29617361e+001 4.56046407e+001 1.01195150e+003 1.00782531e+003 3.99203678e+000 2.00799198e+000 2.05914319e+001 0.00000000e+000 0.00000000e+000 0.00000000e+000 1.00000000e+000
 1.00000000e+000 3.35755918e+001 2.41709096e+001 2.09815094e+001 1.65839317e+001 8.08245005e+001 4.04794789e+001 1.00953128e+003 1.00462669e+003 4.79349617e+000 2.57463318e+000 2.12368727e+001 0.00000000e+000 0.00000000e+000 0.00000000e+000 1.00000000e+000
 1.00000000e+000 3.39162774e+001 2.44864221e+001 2.15548314e+001 1.68743140e+001 8.20646371e+001 4.05685174e+001 1.00841705e+003 1.00383749e+003 4.04693657e+000 1.39822142e+000 2.03364503e+001 0.00000000e+000 0.00000000e+000 0.00000000e+000 1.00000000e+000
 1.00000000e+000 3.42192736e+001 2.45433216e+001 2.12606160e+001 1.69525669e+001 7.91475358e+001 3.90742196e+001 1.00967430e+003 1.00492340e+003 3.89545462e+000 1.04737073e+000 2.08877655e+001 0.00000000e+000 0.00000000e+000 0.00000000e+000 1.00000000e+000
 1.00000000e+000 3.44604817e+001 2.33990548e+001 2.00827829e+001 1.47828649e+001 7.75251148e+001 3.50710238e+001 1.00957010e+003 1.00530821e+003 3.61970836e+000 8.07509190e-001 2.15381031e+001 0.00000000e+000 0.00000000e+000 0.00000000e+000 1.00000000e+000
 1.00000000e+000 3.34586665e+001 2.16523608e+001 1.98946205e+001 1.25069059e+001 8.07597362e+001 3.33750274e+001 1.01186504e+003 1.00874778e+003 2.94346059e+000 -4.24834666e-001 1.99542773e+001 0.00000000e+000 0.00000000e+000 0.00000000e+000 1.00000000e+000
 1.00000000e+000 3.49409580e+001 2.26945271e+001 1.78938672e+001 1.23717898e+001 7.44677869e+001 3.28698049e+001 1.01227784e+003 1.00797426e+003 6.18622540e+000 4.33129550e-001 3.77733631e+001 0.00000000e+000 0.00000000e+000 0.00000000e+000 1.00000000e+000
 1.00000000e+000 3.32226174e+001 2.20602875e+001 1.89077131e+001 1.39183606e+001 7.68926330e+001 3.46839057e+001 1.01326625e+003 1.00894584e+003 3.54090302e+000 5.24646311e-001 2.11592309e+001 1.00000000e+000 0.00000000e+000 0.00000000e+000 0.00000000e+000
 1.00000000e+000 3.32439044e+001 2.09484760e+001 1.82554412e+001 1.09886962e+001 7.66036464e+001 3.19913019e+001 1.01250630e+003 1.00838811e+003 4.54284975e+000 2.26152446e+000 2.11341305e+001 1.00000000e+000 0.00000000e+000 0.00000000e+000 0.00000000e+000
 1.00000000e+000 3.32372835e+001 2.09892119e+001 1.85467674e+001 1.16571696e+001 7.85405054e+001 3.33590155e+001 1.01228952e+003 1.00808431e+003 3.77081759e+000 8.70758275e-001 2.01206569e+001 0.00000000e+000 0.00000000e+000 0.00000000e+000 1.00000000e+000
 1.00000000e+000 3.31346534e+001 2.36066872e+001 1.90646272e+001 1.59358006e+001 7.71402184e+001 3.72994970e+001 1.01228854e+003 1.00668825e+003 4.29796736e+000 1.41149787e+000 2.00420600e+001 0.00000000e+000 0.00000000e+000 0.00000000e+000 1.00000000e+000
 1.00000000e+000 3.32829182e+001 2.25377224e+001 1.91447544e+001 1.42631678e+001 7.77427446e+001 3.57459052e+001 1.01185273e+003 1.00742215e+003 3.78332591e+000 1.43758094e+000 2.00970673e+001 0.00000000e+000 0.00000000e+000 0.00000000e+000 1.00000000e+000
 1.00000000e+000 3.32246274e+001 2.29596685e+001 1.84467225e+001 1.42456100e+001 7.56268395e+001 3.55512931e+001 1.01045516e+003 1.00534929e+003 4.58840219e+000 2.25174179e+000 2.09519585e+001 0.00000000e+000 0.00000000e+000 0.00000000e+000 1.00000000e+000
 1.00000000e+000 3.37958722e+001 2.30883336e+001 1.85616148e+001 1.36646410e+001 7.46810346e+001 3.37431981e+001 1.00849829e+003 1.00360059e+003 4.71913036e+000 2.25944893e+000 2.18368194e+001 0.00000000e+000 0.00000000e+000 0.00000000e+000 1.00000000e+000
 1.00000000e+000 3.35352916e+001 2.30414363e+001 1.89972902e+001 1.37047407e+001 7.45822412e+001 3.28790673e+001 1.00667875e+003 1.00139970e+003 5.21045360e+000 2.39185682e+000 2.09978737e+001 1.00000000e+000 0.00000000e+000 0.00000000e+000 0.00000000e+000
 1.00000000e+000 3.32468724e+001 2.18692432e+001 1.75490011e+001 1.21431586e+001 7.55435665e+001 3.23617258e+001 1.00974053e+003 1.00490940e+003 3.88815123e+000 6.19384495e-001 2.02749399e+001 0.00000000e+000 1.00000000e+000 0.00000000e+000 0.00000000e+000
 1.00000000e+000 3.30982458e+001 2.04668253e+001 1.72307974e+001 9.31477004e+000 7.34461594e+001 2.81035906e+001 1.01192240e+003 1.00757086e+003 4.97773255e+000 1.99233603e+000 2.15004549e+001 1.00000000e+000 0.00000000e+000 0.00000000e+000 0.00000000e+000
 1.00000000e+000 3.30734143e+001 1.97419771e+001 1.61102865e+001 8.47711960e+000 7.11966880e+001 2.63000848e+001 1.01470556e+003 1.01105867e+003 3.37433402e+000 -4.06484476e-001 2.16728484e+001 0.00000000e+000 0.00000000e+000 0.00000000e+000 1.00000000e+000
 1.00000000e+000 3.21995642e+001 1.95008876e+001 1.61475996e+001 9.58707232e+000 7.43450060e+001 2.90736984e+001 1.01427160e+003 1.00976365e+003 4.13714045e+000 5.00945185e-001 2.14394034e+001 0.00000000e+000 0.00000000e+000 0.00000000e+000 1.00000000e+000
 1.00000000e+000 3.25703946e+001 2.00783984e+001 1.53579855e+001 9.35107742e+000 7.28338344e+001 2.84485326e+001 1.01520680e+003 1.01000725e+003 4.74657955e+000 1.31833737e+000 2.17113503e+001 0.00000000e+000 0.00000000e+000 0.00000000e+000 1.00000000e+000
 1.00000000e+000 3.21271708e+001 1.89307675e+001 1.73987902e+001 7.15528419e+000 7.46983151e+001 2.93436873e+001 1.01576443e+003 1.01296521e+003 4.50838116e+000 2.41148208e+000 2.05333680e+001 0.00000000e+000 0.00000000e+000 0.00000000e+000 1.00000000e+000
 1.00000000e+000 3.20946119e+001 2.00056032e+001 1.63269363e+001 1.07767683e+001 7.62407236e+001 3.26765648e+001 1.01485261e+003 1.00971716e+003 4.52576212e+000 1.86468679e+000 2.05451909e+001 0.00000000e+000 0.00000000e+000 0.00000000e+000 1.00000000e+000
 1.00000000e+000 3.12715920e+001 2.05586670e+001 1.63257353e+001 1.24003361e+001 7.70201822e+001 3.32551171e+001 1.01398468e+003 1.00831996e+003 4.54371800e+000 1.31281055e+000 1.92882862e+001 0.00000000e+000 0.00000000e+000 0.00000000e+000 1.00000000e+000
 1.00000000e+000 3.09739504e+001 1.93622687e+001 1.66119650e+001 1.03794066e+001 7.85895749e+001 3.11686121e+001 1.01404591e+003 1.00940850e+003 4.24116563e+000 6.26051357e-001 1.87454647e+001 0.00000000e+000 0.00000000e+000 0.00000000e+000 1.00000000e+000
 1.00000000e+000 3.17276027e+001 1.91433057e+001 1.56823473e+001 8.89562434e+000 7.29124203e+001 2.79399273e+001 1.01423541e+003 1.01017073e+003 4.35194999e+000 1.44777963e+000 2.11469043e+001 0.00000000e+000 0.00000000e+000 0.00000000e+000 1.00000000e+000
 1.00000000e+000 3.14225139e+001 1.92980881e+001 1.52233597e+001 9.43258014e+000 7.28643538e+001 2.94324931e+001 1.01356427e+003 1.00879927e+003 4.53764297e+000 1.38343357e+000 2.11370790e+001 0.00000000e+000 0.00000000e+000 0.00000000e+000 1.00000000e+000
 1.00000000e+000 3.12511417e+001 1.88562567e+001 1.49166473e+001 8.89088743e+000 7.47243897e+001 2.87612538e+001 1.01491779e+003 1.01030892e+003 4.15553350e+000 7.34224529e-001 2.03144042e+001 0.00000000e+000 0.00000000e+000 0.00000000e+000 1.00000000e+000
 1.00000000e+000 2.87972855e+001 2.00828829e+001 2.01993600e+001 1.52065565e+001 8.73005332e+001 3.97313042e+001 1.01478634e+003 1.01117371e+003 3.70364603e+000 6.48238904e-001 1.55728983e+001 0.00000000e+000 0.00000000e+000 0.00000000e+000 1.00000000e+000
 1.00000000e+000 3.03029709e+001 2.01256471e+001 1.77992372e+001 1.28511796e+001 7.86829323e+001 3.40652606e+001 1.01210155e+003 1.00754335e+003 4.38273362e+000 1.45184417e+000 1.81150506e+001 0.00000000e+000 0.00000000e+000 0.00000000e+000 1.00000000e+000
 1.00000000e+000 3.06052908e+001 1.90509128e+001 1.50977560e+001 1.00347710e+001 7.54115293e+001 3.13536512e+001 1.01246797e+003 1.00668377e+003 5.27742355e+000 2.17342363e+000 1.98148248e+001 0.00000000e+000 0.00000000e+000 0.00000000e+000 1.00000000e+000
 1.00000000e+000 3.08839028e+001 1.96442699e+001 1.59140174e+001 1.14300610e+001 7.63501310e+001 3.31513743e+001 1.01306003e+003 1.00726043e+003 5.29674092e+000 2.81728811e+000 1.98019994e+001 0.00000000e+000 0.00000000e+000 0.00000000e+000 1.00000000e+000
 1.00000000e+000 2.88475570e+001 1.64438074e+001 1.68490505e+001 9.83888567e+000 8.67666748e+001 3.72421878e+001 1.01572974e+003 1.01148020e+003 3.89474843e+000 5.06270195e-001 1.80902063e+001 0.00000000e+000 0.00000000e+000 0.00000000e+000 1.00000000e+000
 1.00000000e+000 3.02609596e+001 1.90338247e+001 1.62385665e+001 1.17020315e+001 8.41055929e+001 3.75250898e+001 1.01912254e+003 1.01307725e+003 4.93448126e+000 1.56039425e+000 1.92096658e+001 0.00000000e+000 0.00000000e+000 0.00000000e+000 1.00000000e+000
 1.00000000e+000 3.04682726e+001 1.91039394e+001 1.70214292e+001 1.16683691e+001 8.32652353e+001 3.51787582e+001 1.01897706e+003 1.01422744e+003 3.93479436e+000 5.76950955e-001 1.83256777e+001 1.00000000e+000 0.00000000e+000 0.00000000e+000 0.00000000e+000
 1.00000000e+000 3.02771178e+001 1.77351394e+001 1.56012454e+001 8.67457184e+000 7.74988696e+001 2.96011821e+001 1.01638571e+003 1.01262591e+003 3.90839055e+000 1.14383622e+000 1.89761719e+001 1.00000000e+000 0.00000000e+000 0.00000000e+000 0.00000000e+000
 1.00000000e+000 2.94031160e+001 1.79239139e+001 1.45554220e+001 9.80792420e+000 7.67561208e+001 3.06432973e+001 1.01456319e+003 1.00977024e+003 3.89946049e+000 4.62849538e-001 1.81952656e+001 0.00000000e+000 0.00000000e+000 0.00000000e+000 1.00000000e+000
 1.00000000e+000 3.01051786e+001 1.85682084e+001 1.57111300e+001 9.91126921e+000 7.77337233e+001 3.11308344e+001 1.01388883e+003 1.00915507e+003 4.15886357e+000 5.06649480e-001 1.83585752e+001 0.00000000e+000 0.00000000e+000 0.00000000e+000 1.00000000e+000
 1.00000000e+000 3.00475001e+001 1.65835957e+001 1.41992069e+001 6.69922490e+000 7.61303614e+001 2.75950926e+001 1.01677618e+003 1.01273973e+003 3.99477997e+000 7.46835657e-001 1.93896716e+001 0.00000000e+000 0.00000000e+000 0.00000000e+000 1.00000000e+000
 1.00000000e+000 2.98711539e+001 1.73548886e+001 1.36672653e+001 8.00881043e+000 7.45109240e+001 2.79242084e+001 1.01763295e+003 1.01296153e+003 3.94057203e+000 3.29861182e-001 1.92054667e+001 0.00000000e+000 0.00000000e+000 0.00000000e+000 1.00000000e+000
 1.00000000e+000 3.11094805e+001 1.76721666e+001 1.43285661e+001 6.84491270e+000 7.15805896e+001 2.66528256e+001 1.01549955e+003 1.01124550e+003 4.36105593e+000 1.54548471e+000 2.02873466e+001 0.00000000e+000 0.00000000e+000 0.00000000e+000 1.00000000e+000
 1.00000000e+000 3.18693170e+001 1.95607153e+001 1.51340354e+001 9.32585503e+000 7.30360343e+001 2.92545822e+001 1.01387129e+003 1.00903706e+003 4.37578630e+000 1.43156003e+000 2.06926959e+001 0.00000000e+000 0.00000000e+000 0.00000000e+000 1.00000000e+000
 1.00000000e+000 3.13490155e+001 1.88002552e+001 1.56154901e+001 8.93423112e+000 7.56842063e+001 2.90446249e+001 1.01285598e+003 1.00847415e+003 4.15548610e+000 1.17978066e+000 1.94618352e+001 0.00000000e+000 0.00000000e+000 0.00000000e+000 1.00000000e+000
 1.00000000e+000 3.15372862e+001 1.89756947e+001 1.54308879e+001 9.03906563e+000 7.36431520e+001 2.87952081e+001 1.01163360e+003 1.00701089e+003 4.40861474e+000 1.69874277e+000 1.99642225e+001 0.00000000e+000 0.00000000e+000 0.00000000e+000 1.00000000e+000
 1.00000000e+000 3.15187545e+001 1.75317987e+001 1.50416931e+001 6.88131633e+000 7.60624645e+001 2.84789449e+001 1.01407664e+003 1.00993493e+003 4.26735836e+000 1.44775014e+000 2.06721426e+001 0.00000000e+000 0.00000000e+000 0.00000000e+000 1.00000000e+000
 1.00000000e+000 3.06351723e+001 1.78526822e+001 1.47225727e+001 7.66091226e+000 7.40113818e+001 2.73655048e+001 1.01468778e+003 1.01066919e+003 4.32640437e+000 1.21009804e+000 2.05138170e+001 0.00000000e+000 0.00000000e+000 0.00000000e+000 1.00000000e+000
 1.00000000e+000 2.84732038e+001 1.50080939e+001 1.28372712e+001 6.14504397e+000 7.68946229e+001 2.91008093e+001 1.01625518e+003 1.01260860e+003 3.22306521e+000 -4.27775521e-001 1.99733428e+001 0.00000000e+000 0.00000000e+000 0.00000000e+000 1.00000000e+000
 1.00000000e+000 2.74586662e+001 1.40638023e+001 1.10598922e+001 5.66179093e+000 7.62820280e+001 2.77709575e+001 1.01683955e+003 1.01219265e+003 3.70569473e+000 2.46204884e-001 1.87858333e+001 0.00000000e+000 0.00000000e+000 0.00000000e+000 1.00000000e+000
 1.00000000e+000 2.69673090e+001 1.40350440e+001 1.24766688e+001 6.61156530e+000 8.20272385e+001 3.11259757e+001 1.01823964e+003 1.01360764e+003 3.61240798e+000 -4.51167100e-001 1.75925501e+001 0.00000000e+000 0.00000000e+000 0.00000000e+000 1.00000000e+000
 1.00000000e+000 2.80575297e+001 1.48192449e+001 1.38279988e+001 6.33750305e+000 8.16803268e+001 3.20912233e+001 1.01908055e+003 1.01534064e+003 3.56238082e+000 1.45226306e-001 1.83799687e+001 0.00000000e+000 0.00000000e+000 1.00000000e+000 0.00000000e+000
 1.00000000e+000 2.76887139e+001 1.60600219e+001 1.48513376e+001 6.64185247e+000 7.64613657e+001 3.10969325e+001 1.01946764e+003 1.01697670e+003 3.92942728e+000 1.32183766e+000 1.83469506e+001 0.00000000e+000 0.00000000e+000 0.00000000e+000 1.00000000e+000
 1.00000000e+000 2.71064447e+001 1.61689908e+001 1.43810988e+001 1.01493261e+001 8.27144790e+001 3.64982012e+001 1.01865983e+003 1.01401201e+003 3.79867977e+000 4.08301498e-001 1.79107998e+001 0.00000000e+000 0.00000000e+000 0.00000000e+000 1.00000000e+000
 1.00000000e+000 2.81710356e+001 1.75236471e+001 1.58452250e+001 1.10607430e+001 8.39070405e+001 3.88542264e+001 1.01502824e+003 1.01064560e+003 4.03545249e+000 9.84441709e-001 1.91947179e+001 0.00000000e+000 0.00000000e+000 0.00000000e+000 1.00000000e+000
 1.00000000e+000 2.86624679e+001 1.77395456e+001 1.62262455e+001 1.15547661e+001 8.39423184e+001 3.88838440e+001 1.01512101e+003 1.01120413e+003 2.75008746e+000 -9.04628075e-001 1.88115613e+001 0.00000000e+000 0.00000000e+000 0.00000000e+000 1.00000000e+000
 1.00000000e+000 2.72734927e+001 1.61801481e+001 1.47466818e+001 1.07489914e+001 8.35457199e+001 3.55304013e+001 1.01604677e+003 1.01177205e+003 3.05974480e+000 -4.10224026e-001 1.72164031e+001 0.00000000e+000 0.00000000e+000 0.00000000e+000 1.00000000e+000
 1.00000000e+000 2.64891612e+001 1.37256657e+001 1.27295250e+001 7.03174269e+000 8.16946025e+001 3.36685076e+001 1.01768551e+003 1.01333903e+003 3.94246375e+000 8.81432318e-001 1.87880506e+001 0.00000000e+000 0.00000000e+000 0.00000000e+000 1.00000000e+000
 1.00000000e+000 2.47227950e+001 1.06491564e+001 9.72211209e+000 3.96276368e+000 8.30106565e+001 3.09167806e+001 1.01917150e+003 1.01490724e+003 3.47776935e+000 -2.90505310e-001 1.89878171e+001 0.00000000e+000 0.00000000e+000 0.00000000e+000 1.00000000e+000
 1.00000000e+000 2.37656396e+001 1.17231130e+001 1.20932994e+001 6.05125789e+000 7.92188695e+001 2.95892115e+001 1.01629503e+003 1.01278654e+003 3.89838366e+000 -8.54545253e-002 1.72124042e+001 0.00000000e+000 0.00000000e+000 0.00000000e+000 1.00000000e+000
 1.00000000e+000 2.59901264e+001 1.22846988e+001 1.11903121e+001 5.04130237e+000 8.22010636e+001 3.04555289e+001 1.01908010e+003 1.01489872e+003 3.36807221e+000 -7.18040975e-002 1.75534053e+001 0.00000000e+000 0.00000000e+000 0.00000000e+000 1.00000000e+000
 1.00000000e+000 2.46680339e+001 1.19462784e+001 1.05331770e+001 5.76680875e+000 7.98871686e+001 3.06929839e+001 1.01837258e+003 1.01390542e+003 3.52256904e+000 -1.20491189e-001 1.72492228e+001 0.00000000e+000 0.00000000e+000 1.00000000e+000 0.00000000e+000
 1.00000000e+000 2.44462689e+001 1.19333219e+001 1.15767373e+001 6.56858764e+000 8.56205819e+001 3.42141924e+001 1.02164616e+003 1.01777537e+003 3.05532931e+000 -3.55401419e-001 1.68283806e+001 0.00000000e+000 0.00000000e+000 1.00000000e+000 0.00000000e+000
 1.00000000e+000 2.50472462e+001 1.05678187e+001 1.11909249e+001 3.76182555e+000 8.43497193e+001 3.04445407e+001 1.02057516e+003 1.01722543e+003 3.31605003e+000 -2.94050508e-001 1.85913933e+001 0.00000000e+000 0.00000000e+000 1.00000000e+000 0.00000000e+000
 1.00000000e+000 2.50437609e+001 1.05064605e+001 8.37089693e+000 2.47708878e+000 7.73140945e+001 2.61554184e+001 1.01695259e+003 1.01267920e+003 3.46102162e+000 -3.47046017e-001 1.90082988e+001 0.00000000e+000 0.00000000e+000 1.00000000e+000 0.00000000e+000
 1.00000000e+000 2.37855431e+001 9.88996416e+000 1.01880468e+001 4.07014000e+000 8.43863706e+001 3.10181819e+001 1.01653781e+003 1.01289824e+003 3.03658323e+000 -4.30411444e-001 1.70084544e+001 0.00000000e+000 0.00000000e+000 0.00000000e+000 1.00000000e+000
 1.00000000e+000 2.42081021e+001 1.05161398e+001 1.05821361e+001 4.95419180e+000 8.55231576e+001 3.23841718e+001 1.01614072e+003 1.01147618e+003 3.51316563e+000 -2.49588237e-001 1.67134731e+001 0.00000000e+000 0.00000000e+000 1.00000000e+000 0.00000000e+000
 1.00000000e+000 2.37026163e+001 9.72343339e+000 9.51583548e+000 3.66112212e+000 8.27933199e+001 2.98876820e+001 1.01946282e+003 1.01568466e+003 2.93774998e+000 -4.98244644e-001 1.65292927e+001 0.00000000e+000 0.00000000e+000 1.00000000e+000 0.00000000e+000
 1.00000000e+000 2.73901071e+001 1.12094217e+001 1.16983607e+001 1.52985462e+000 8.14557496e+001 2.78581270e+001 1.01912815e+003 1.01583141e+003 3.39495665e+000 -3.91024709e-001 1.90416722e+001 0.00000000e+000 0.00000000e+000 0.00000000e+000 1.00000000e+000
 1.00000000e+000 2.38596635e+001 9.38505295e+000 9.52471948e+000 3.26672382e+000 8.52711900e+001 3.09269242e+001 1.01908975e+003 1.01496816e+003 3.08403628e+000 -7.72773526e-001 1.70571945e+001 0.00000000e+000 0.00000000e+000 0.00000000e+000 1.00000000e+000
 1.00000000e+000 2.43575175e+001 1.11315881e+001 1.04011037e+001 5.07627542e+000 8.33058232e+001 3.13551563e+001 1.01781215e+003 1.01351888e+003 3.10645793e+000 -8.69751732e-001 1.65598274e+001 0.00000000e+000 0.00000000e+000 1.00000000e+000 0.00000000e+000
 1.00000000e+000 2.52516356e+001 1.16490395e+001 1.03576383e+001 4.67096302e+000 8.10404564e+001 3.08257966e+001 1.01595410e+003 1.01164367e+003 3.41237611e+000 -1.00582446e-001 1.79170139e+001 0.00000000e+000 0.00000000e+000 0.00000000e+000 1.00000000e+000
 1.00000000e+000 2.47846260e+001 1.14382314e+001 1.11806331e+001 5.82408907e+000 8.78127704e+001 3.42245013e+001 1.01659888e+003 1.01179993e+003 3.17408226e+000 -1.08026109e+000 1.64888300e+001 0.00000000e+000 0.00000000e+000 1.00000000e+000 0.00000000e+000
 1.00000000e+000 2.54689048e+001 1.23158575e+001 1.23515897e+001 6.18832385e+000 8.64803312e+001 3.44419714e+001 1.01809155e+003 1.01398524e+003 3.20949197e+000 -5.75377584e-001 1.70334668e+001 0.00000000e+000 0.00000000e+000 0.00000000e+000 1.00000000e+000
 1.00000000e+000 2.63029120e+001 1.25250420e+001 1.15033565e+001 5.11919963e+000 8.10501584e+001 3.05855214e+001 1.01682831e+003 1.01262373e+003 3.78564326e+000 -4.84697592e-003 1.95788058e+001 0.00000000e+000 0.00000000e+000 0.00000000e+000 1.00000000e+000
 1.00000000e+000 2.58293615e+001 1.22027592e+001 1.19228423e+001 4.61828390e+000 8.00610388e+001 3.05291379e+001 1.01643319e+003 1.01277054e+003 3.79677640e+000 1.15177418e-001 1.90202796e+001 0.00000000e+000 0.00000000e+000 0.00000000e+000 1.00000000e+000
 1.00000000e+000 2.59452480e+001 1.45565225e+001 1.34656321e+001 9.35656800e+000 8.51623672e+001 3.64156581e+001 1.01675738e+003 1.01205947e+003 3.55621619e+000 -1.01780734e-001 1.72530231e+001 0.00000000e+000 0.00000000e+000 0.00000000e+000 1.00000000e+000
 1.00000000e+000 2.74971689e+001 1.62023095e+001 1.43627095e+001 9.97217471e+000 8.38849587e+001 3.79919177e+001 1.01592585e+003 1.01163091e+003 3.83095235e+000 8.13519844e-001 2.01005185e+001 0.00000000e+000 0.00000000e+000 1.00000000e+000 0.00000000e+000
 1.00000000e+000 2.63827400e+001 1.52719204e+001 1.48693141e+001 1.05773508e+001 8.96360737e+001 4.13119695e+001 1.01725263e+003 1.01263009e+003 3.76268300e+000 2.97460022e-001 1.87062475e+001 0.00000000e+000 0.00000000e+000 0.00000000e+000 1.00000000e+000
 1.00000000e+000 2.63141492e+001 1.57757365e+001 1.54644946e+001 1.14613804e+001 9.03939058e+001 4.26584463e+001 1.01738233e+003 1.01238960e+003 3.94602826e+000 2.43118461e-001 1.80611958e+001 0.00000000e+000 0.00000000e+000 0.00000000e+000 1.00000000e+000
 1.00000000e+000 2.61475166e+001 1.52484727e+001 1.58445664e+001 9.90314172e+000 8.84239267e+001 4.33482822e+001 1.01874006e+003 1.01539460e+003 3.80296849e+000 1.10106423e+000 1.95060786e+001 0.00000000e+000 0.00000000e+000 1.00000000e+000 0.00000000e+000
 1.00000000e+000 2.65320283e+001 1.67767494e+001 1.64139590e+001 1.23563407e+001 8.91088223e+001 4.51310598e+001 1.01954437e+003 1.01582384e+003 3.45736978e+000 2.15152238e-001 2.00717064e+001 0.00000000e+000 0.00000000e+000 1.00000000e+000 0.00000000e+000
 1.00000000e+000 2.76355624e+001 1.60732392e+001 1.56910880e+001 1.04739089e+001 8.66381507e+001 3.92630232e+001 1.01835498e+003 1.01433952e+003 3.11341412e+000 -2.38092225e-001 1.81693740e+001 0.00000000e+000 0.00000000e+000 1.00000000e+000 0.00000000e+000
 1.00000000e+000 2.75918399e+001 1.65532453e+001 1.68044385e+001 1.11578977e+001 8.96299563e+001 4.38165745e+001 1.01706188e+003 1.01330968e+003 4.04961968e+000 1.64585975e+000 2.03117614e+001 0.00000000e+000 0.00000000e+000 1.00000000e+000 0.00000000e+000
 1.00000000e+000 2.45677884e+001 1.51462837e+001 1.68775189e+001 1.10784613e+001 9.22463805e+001 5.02344043e+001 1.01578117e+003 1.01173169e+003 5.10127023e+000 2.96993800e+000 1.88634982e+001 0.00000000e+000 0.00000000e+000 0.00000000e+000 1.00000000e+000
 1.00000000e+000 2.05981959e+001 5.07868930e+000 1.02123082e+001 -1.80406306e+000 7.42899026e+001 3.25046259e+001 1.01123846e+003 1.01900163e+003 -1.13428686e+000 4.15209999e+000 2.07680162e+001 0.00000000e+000 0.00000000e+000 0.00000000e+000 1.00000000e+000
 1.00000000e+000 2.10143253e+001 9.85679619e+000 1.17993324e+001 7.30374898e+000 9.55324002e+001 4.69222300e+001 1.01986284e+003 1.01599690e+003 3.68586018e+000 1.30617308e+000 1.69140973e+001 0.00000000e+000 0.00000000e+000 1.00000000e+000 0.00000000e+000
 1.00000000e+000 2.07280256e+001 1.02736408e+001 1.35238758e+001 6.85420055e+000 9.48683581e+001 4.90462928e+001 1.02168217e+003 1.01881244e+003 3.98391652e+000 1.42813044e+000 1.69695888e+001 0.00000000e+000 0.00000000e+000 1.00000000e+000 0.00000000e+000
 1.00000000e+000 2.10030518e+001 1.06141575e+001 1.35534615e+001 7.13918412e+000 9.50058629e+001 4.84600523e+001 1.02280919e+003 1.01987471e+003 3.99059156e+000 1.46419762e+000 1.70192348e+001 0.00000000e+000 0.00000000e+000 1.00000000e+000 0.00000000e+000
 1.00000000e+000 1.94314132e+001 8.87634000e+000 1.24028595e+001 6.35567767e+000 9.65196288e+001 4.82625951e+001 1.02187836e+003 1.01851356e+003 3.93060794e+000 7.57185612e-001 1.58657804e+001 0.00000000e+000 0.00000000e+000 1.00000000e+000 0.00000000e+000
 1.00000000e+000 1.96839362e+001 8.81744327e+000 1.25176914e+001 5.39549713e+000 9.50295393e+001 4.67242542e+001 1.02159027e+003 1.01904681e+003 3.64890840e+000 5.44882642e-001 1.61303983e+001 0.00000000e+000 0.00000000e+000 1.00000000e+000 0.00000000e+000
 1.00000000e+000 2.06720660e+001 1.04999900e+001 1.29534998e+001 8.52609838e+000 9.84740032e+001 4.94624475e+001 1.02191691e+003 1.01827561e+003 3.06060756e+000 -2.13751530e-001 1.55777770e+001 0.00000000e+000 0.00000000e+000 1.00000000e+000 0.00000000e+000
 1.00000000e+000 1.75422525e+001 7.85854557e+000 1.24954508e+001 5.66125025e+000 9.86961211e+001 5.25700579e+001 1.02125921e+003 1.01861008e+003 4.00819890e+000 7.88697774e-001 1.58763678e+001 0.00000000e+000 0.00000000e+000 1.00000000e+000 0.00000000e+000
 1.00000000e+000 2.01719080e+001 8.82753954e+000 1.17538269e+001 6.10724821e+000 9.58704229e+001 4.62363730e+001 1.02004657e+003 1.01611472e+003 4.05445438e+000 8.62904897e-001 1.65462006e+001 0.00000000e+000 0.00000000e+000 1.00000000e+000 0.00000000e+000
 1.00000000e+000 1.90870085e+001 8.20947576e+000 1.14247484e+001 5.40459022e+000 9.60896676e+001 4.39111431e+001 1.01985043e+003 1.01706677e+003 3.35175006e+000 1.38976454e-001 1.48488465e+001 0.00000000e+000 0.00000000e+000 1.00000000e+000 0.00000000e+000
 1.00000000e+000 1.82884374e+001 7.76333706e+000 1.08324029e+001 6.01633233e+000 9.74185532e+001 4.39596169e+001 1.01983922e+003 1.01669617e+003 3.21599082e+000 -1.39591562e-001 1.40228832e+001 0.00000000e+000 0.00000000e+000 1.00000000e+000 0.00000000e+000
 1.00000000e+000 1.86540176e+001 7.41252228e+000 1.07248062e+001 5.37021592e+000 9.70325229e+001 4.68754221e+001 1.02281161e+003 1.01941313e+003 3.68982477e+000 4.35803430e-001 1.66395886e+001 0.00000000e+000 0.00000000e+000 0.00000000e+000 1.00000000e+000
 1.00000000e+000 2.01680014e+001 7.07115049e+000 9.37729969e+000 4.75092589e+000 9.53790375e+001 4.03538645e+001 1.02376879e+003 1.01907137e+003 3.64930237e+000 1.12359734e-001 1.59550513e+001 0.00000000e+000 0.00000000e+000 1.00000000e+000 0.00000000e+000
 1.00000000e+000 1.87903643e+001 7.19400100e+000 1.14736696e+001 3.69076496e+000 9.49149039e+001 4.36616646e+001 1.02343079e+003 1.02119121e+003 3.38703250e+000 3.93280554e-002 1.50481262e+001 0.00000000e+000 0.00000000e+000 1.00000000e+000 0.00000000e+000
 1.00000000e+000 1.76315669e+001 6.70341955e+000 9.86550641e+000 5.26818443e+000 9.73414074e+001 4.34213106e+001 1.02237500e+003 1.01980940e+003 2.67931182e+000 -5.95847698e-002 1.37636275e+001 0.00000000e+000 0.00000000e+000 0.00000000e+000 1.00000000e+000
