1 16 8 11 8 100 67 1018 1014 3 0 23 0100 
1 13 8 9 6 100 67 1018 1013 3 2 21 1000 
1 14 9 8 5 93 59 1020 1016 3 0 13 0100 
1 11 4 8 4 100 76 1020 1016 2 0 16 0100 
1 11 5 8 5 100 71 1018 1015 2 0 19 0100 
1 13 5 7 4 100 63 1021 1016 2 0 14 0100 
1 15 4 9 4 100 63 1018 1014 1 0 11 0100 
1 14 4 10 4 100 63 1016 1012 1 0 14 0100 
1 10 6 9 6 100 87 1018 1014 1 0 14 0100 
1 14 5 8 5 100 59 1017 1013 3 0 23 0100 
1 18 4 8 3 100 37 1015 1012 4 0 21 0100 
1 20 6 9 4 100 35 1015 1010 4 0 14 0100 
1 25 8 12 5 100 28 1014 1011 4 0 11 0100 
1 24 11 12 8 100 38 1014 1009 3 0 19 0100 
1 21 11 13 -7 88 16 1016 1010 6 1 27 0100 
1 17 8 10 0 100 32 1017 1013 5 0 29 0100 
1 19 6 6 -1 93 26 1014 1011 5 1 21 0100 
1 21 7 6 -4 87 20 1014 1010 6 1 16 0100 
1 19 5 5 1 93 30 1014 1011 5 1 24 0100 
1 20 5 7 -3 82 23 1017 1013 5 1 14 0100 
1 22 7 9 0 87 23 1018 1014 5 1 16 0100 
1 22 10 10 4 82 31 1018 1013 4 1 14 0100 
1 22 10 10 1 94 27 1019 1015 4 1 14 0100 
1 21 8 8 1 93 27 1019 1016 6 1 23 0100 
1 21 8 8 -4 93 18 1019 1015 4 1 11 0100 
1 22 11 8 3 67 31 1022 1017 7 2 19 1000 
1 18 6 8 5 93 48 1022 1017 4 0 21 0100 
1 20 6 7 1 87 28 1019 1014 5 1 13 0100 
1 21 7 9 1 93 27 1018 1012 3 0 11 0100 
1 21 11 12 6 100 38 1019 1013 3 0 16 0010 
1 21 7 12 7 100 40 1020 1016 4 0 21 0100 
1 21 6 10 6 100 40 1019 1015 5 0 23 0100 
1 23 9 12 7 100 38 1019 1015 5 0 16 0100 
1 25 9 13 9 100 39 1018 1015 4 0 14 0100 
1 29 11 14 9 100 32 1018 1013 4 0 13 0100 
1 29 14 16 9 88 29 1014 1011 3 1 13 1000 
1 26 16 17 12 88 42 1014 1009 4 1 23 1000 
1 26 16 18 13 100 44 1011 1008 5 1 14 0001 
1 22 13 16 8 100 41 1014 1010 4 0 19 0100 
1 22 8 11 5 100 35 1013 1010 7 0 26 0100 
1 22 8 11 6 100 35 1015 1011 5 0 21 0100 
1 24 9 11 6 100 31 1017 1014 7 0 23 0100 
1 27 9 14 8 100 30 1015 1010 5 0 14 0100 
1 28 16 15 9 82 32 1012 1008 4 1 21 0100 
1 22 17 17 11 100 60 1012 1008 5 1 21 0001 
1 18 15 16 15 100 88 1013 1000 4 2 26 0001 
1 21 13 16 11 100 53 1014 1010 4 1 172 0001 
1 20 9 16 8 100 46 1018 1013 7 0 27 0100 
1 21 8 12 7 100 46 1015 1012 5 0 23 0100 
1 23 10 11 4 100 33 1018 1014 5 0 13 0100 
1 25 12 14 6 100 29 1018 1014 5 1 14 0010 
1 21 11 14 9 100 49 1021 1017 5 0 19 0100 
1 22 11 14 10 100 46 1019 1015 4 0 13 0100 
1 24 13 15 9 100 38 1018 1014 4 0 13 0100 
1 23 14 15 10 94 44 1017 1012 3 0 13 0100 
1 24 11 15 4 100 29 1015 1010 6 0 13 0100 
1 21 13 14 10 100 49 1017 1011 5 1 19 0001 
1 23 13 13 5 94 31 1021 1016 7 1 16 1000 
1 23 9 10 4 100 29 1020 1015 5 1 23 0100 
1 21 10 13 7 94 49 1017 1014 5 1 23 1000 
1 24 14 15 10 94 41 1016 1011 3 1 11 0100 
1 20 16 18 12 100 68 1016 1011 3 1 11 0010 
1 22 14 17 12 100 53 1016 1012 5 0 23 0010 
1 26 12 17 12 100 42 1016 1012 5 0 23 0100 
1 26 12 14 9 100 36 1019 1014 5 0 21 0100 
1 27 13 13 9 82 32 1018 1014 6 1 23 1000 
1 26 14 16 11 94 39 1015 1010 6 1 23 1000 
1 26 16 16 10 88 36 1014 1009 7 2 21 1000 
1 25 14 14 9 94 36 1017 1013 6 1 16 0100 
1 27 12 13 9 94 32 1016 1012 6 1 21 0100 
1 28 13 13 6 88 26 1015 1012 8 1 21 1000 
1 29 14 14 7 82 25 1014 1010 7 1 21 1000 
1 33 15 16 12 94 33 1014 1009 4 1 19 0100 
1 32 16 18 14 100 35 1015 1011 3 1 16 0100 
1 32 17 17 7 100 27 1013 1007 5 1 23 0100 
1 32 17 19 13 94 31 1010 1006 5 0 16 0100 
1 34 20 18 11 83 27 1007 1002 4 1 16 1000 
1 34 19 18 10 83 26 1004 1000 3 2 16 1000 
1 32 19 17 3 78 16 1006 1001 5 2 21 1000 
1 29 16 16 6 94 26 1011 1006 5 1 23 0100 
1 33 15 13 2 88 15 1011 1008 5 1 19 0100 
1 36 18 14 6 73 20 1012 1007 5 2 19 1000 
1 32 21 16 9 69 24 1012 1008 5 2 19 1000 
1 32 18 16 10 88 26 1013 1009 7 0 21 0100 
1 34 18 16 7 83 19 1012 1008 5 1 23 1000 
1 36 19 15 8 73 18 1011 1006 4 2 19 1000 
1 36 21 19 9 73 20 1009 1005 5 1 23 1000 
1 32 23 20 18 78 46 1011 1006 3 3 26 1000 
1 32 19 20 6 74 20 1013 1007 5 2 29 0001 
1 34 18 17 7 88 21 1012 1008 4 1 19 0100 
1 33 19 15 6 78 18 1011 1007 4 1 19 0100 
1 33 22 13 6 50 18 1012 1007 5 2 23 0001 
1 31 20 11 6 52 23 1013 1009 5 3 23 1000 
1 31 17 10 1 59 15 1015 1010 6 1 23 1000 
1 34 17 9 -4 59 9 1015 1010 5 1 19 1000 
1 34 20 9 -1 46 11 1013 1010 4 1 21 1000 
1 32 21 12 5 53 19 1013 1010 3 1 19 1000 
1 33 18 11 2 64 17 1014 1009 5 1 19 1000 
1 34 20 10 5 49 16 1014 1010 4 1 14 1000 
1 31 23 13 8 50 25 1020 1011 4 2 24 0001 
1 34 23 14 9 53 23 1013 1009 4 2 16 1000 
1 33 22 17 13 69 31 1011 1008 3 1 14 1000 
1 33 20 16 7 73 20 1013 1008 5 1 16 1000 
1 35 22 15 5 60 15 1011 1006 5 2 14 1000 
1 36 23 15 8 61 19 1009 1005 4 1 16 1000 
1 35 24 16 10 54 25 1012 1007 4 2 23 1000 
1 35 22 23 13 88 26 1011 1005 5 3 23 0001 
1 33 20 17 8 83 21 1010 1006 5 2 19 1000 
1 34 20 14 4 68 16 1010 1006 5 2 37 0001 
1 34 19 13 4 64 16 1011 1007 7 2 23 1000 
1 35 21 13 3 57 13 1011 1007 5 2 26 1000 
1 35 20 9 4 49 15 1011 1006 4 2 21 1000 
1 36 22 11 4 47 14 1009 1005 5 1 13 1000 
1 39 25 13 6 41 14 1008 1003 4 1 13 1000 
1 40 25 13 5 42 12 1007 1002 5 1 172 1000 
1 36 26 17 9 57 23 1010 1004 4 2 23 1000 
1 36 23 16 12 65 23 1010 1004 4 2 19 1000 
1 39 27 17 11 51 18 1007 1001 5 1 14 1000 
1 40 27 16 6 40 13 1006 1001 5 1 24 1000 
1 41 29 11 6 30 12 1008 1003 5 2 19 1000 
1 41 27 12 5 37 12 1008 1003 5 2 27 1000 
1 40 27 15 7 37 16 1005 1000 4 3 21 1000 
1 41 28 16 7 45 14 1003 999 4 2 34 1000 
1 39 28 15 11 39 22 1006 1001 6 2 16 0010 
1 38 28 21 14 62 31 1008 1002 4 2 21 0001 
1 38 26 21 11 62 22 1007 1002 4 1 27 0001 
1 36 25 18 13 65 25 1007 1002 4 2 19 1000 
1 38 25 16 10 57 18 1005 1001 5 2 26 1000 
1 41 28 17 7 51 13 1003 999 5 1 23 1000 
1 43 28 15 7 37 13 1003 999 4 1 21 1000 
1 42 28 17 7 39 13 1003 999 5 1 19 1000 
1 43 30 18 5 34 10 1003 999 5 1 23 1000 
1 39 29 17 7 48 21 1007 1001 5 3 26 0001 
1 41 29 17 9 48 15 1005 1001 4 1 14 0001 
1 42 29 14 5 40 10 1007 1003 4 2 14 1000 
1 42 30 19 8 43 13 1009 1005 3 1 16 1000 
1 44 30 21 2 55 8 1009 1003 3 2 19 1000 
1 44 31 25 12 62 17 1006 1000 3 2 26 0001 
1 42 29 22 14 55 20 1003 998 5 4 26 1000 
1 39 27 21 18 70 29 1002 996 5 4 26 1000 
1 32 22 22 13 94 31 1003 997 4 1 34 0001 
1 33 21 21 16 100 38 1008 999 5 2 37 0001 
1 36 23 20 16 83 30 1005 1002 4 2 26 0001 
1 41 26 22 10 69 15 1004 1000 5 1 27 1000 
1 41 31 22 16 52 23 1003 999 4 2 37 0001 
1 39 27 21 12 65 25 1006 1001 4 3 27 0001 
1 36 25 21 15 74 28 1011 1002 4 2 34 0001 
1 38 27 18 14 58 27 1006 1001 5 3 21 1000 
1 41 26 20 13 61 21 1006 1001 5 4 19 0001 
1 41 26 23 17 61 26 1005 999 5 3 24 1000 
1 41 28 23 16 70 23 1001 995 4 2 27 0001 
1 35 26 22 17 74 34 1003 996 5 3 26 1000 
1 35 23 21 12 73 25 1008 1000 4 3 34 0001 
1 39 26 18 13 61 21 1007 1002 4 2 14 1000 
1 40 26 20 9 65 15 1005 1000 4 2 16 1000 
1 42 30 18 11 43 16 1003 999 5 2 14 1000 
1 43 32 21 12 44 16 1004 999 5 3 14 0001 
1 44 30 23 10 52 13 1002 996 4 2 37 1000 
1 37 28 21 16 58 37 1001 996 4 3 26 1000 
1 37 29 22 17 58 38 1000 995 4 2 27 1000 
1 33 22 23 18 88 46 1001 996 5 3 24 1000 
1 41 27 24 20 70 30 999 995 4 3 21 1000 
1 36 30 25 21 74 41 1001 997 4 3 26 0001 
1 39 28 24 20 79 33 1003 997 5 3 19 0001 
1 41 26 26 17 83 24 1000 995 4 3 21 0001 
1 34 26 25 21 79 52 1002 997 5 4 23 0001 
1 36 27 27 22 84 47 1000 994 5 4 23 1000 
1 37 26 27 21 89 47 998 994 4 3 24 0010 
1 37 27 24 22 79 44 1000 995 5 2 19 0001 
1 38 24 24 21 89 42 998 995 5 3 23 0001 
1 36 27 25 21 79 47 1000 997 4 3 19 1000 
1 38 30 28 22 84 42 1001 996 4 3 19 1000 
1 38 30 26 23 74 44 999 995 4 2 19 1000 
1 37 30 26 24 74 47 999 995 5 3 21 1000 
1 37 30 26 23 79 44 998 994 4 3 16 1000 
1 36 30 27 24 79 53 998 994 4 3 19 0010 
1 31 26 27 24 94 74 1000 996 5 1 14 0001 
1 32 27 28 24 100 62 999 996 3 1 14 0010 
1 32 27 29 25 100 66 998 995 5 1 23 0010 
1 31 25 28 25 100 70 999 996 4 1 14 0001 
1 32 27 27 24 94 62 1000 996 5 1 23 0010 
1 35 26 26 22 94 47 1000 997 4 3 26 1000 
1 36 28 26 21 84 44 1000 997 4 2 23 1000 
1 37 27 25 21 89 39 1002 998 5 4 24 1000 
1 36 28 25 21 74 41 1003 1000 5 4 21 1000 
1 37 29 26 20 84 46 1004 1001 4 2 19 0010 
1 34 27 27 24 94 59 1005 1001 5 2 21 1000 
1 35 28 26 23 89 49 1004 1001 5 2 19 0001 
1 31 26 27 23 94 66 1005 1002 4 2 19 1000 
1 32 27 27 24 100 62 1004 1000 5 1 23 0100 
1 32 27 27 24 94 62 1002 999 5 2 16 0010 
1 34 27 27 24 94 56 1001 998 4 1 13 0010 
1 35 27 28 23 100 53 1000 997 4 1 19 1000 
1 35 28 27 23 89 49 1001 997 5 2 16 1000 
1 34 27 28 25 89 63 1000 996 5 3 19 1000 
1 31 26 28 23 94 70 1000 997 5 3 24 1000 
1 33 26 26 23 94 55 1001 997 5 3 21 1000 
1 33 27 26 24 94 59 1000 997 5 3 23 1000 
1 32 27 26 23 94 66 999 995 5 3 21 1000 
1 35 28 27 24 89 53 998 993 5 3 11 1000 
1 37 28 26 22 89 42 997 993 5 3 19 0010 
1 35 27 26 22 84 56 999 995 4 3 13 1000 
1 34 26 27 24 100 56 998 996 4 1 19 0001 
1 32 27 27 24 89 62 1000 997 5 3 21 0010 
1 34 27 26 23 94 55 1003 1000 5 4 23 1000 
1 32 27 26 23 89 62 1007 1003 5 3 23 1000 
1 35 29 26 24 84 53 1007 1003 5 3 24 1000 
1 33 27 27 24 94 63 1005 1000 4 1 21 0010 
1 32 26 27 25 100 70 1003 998 4 2 19 0001 
1 35 26 27 23 94 53 1003 999 5 2 14 1000 
1 34 28 27 25 94 63 1002 997 3 1 14 0100 
1 36 28 27 16 89 38 1000 995 5 2 21 0001 
1 36 28 27 24 84 53 1000 996 5 3 16 0001 
1 38 28 27 23 89 44 1000 996 5 4 19 0010 
1 34 28 27 23 84 52 1002 998 5 3 23 1000 
1 32 26 27 25 100 75 1001 997 3 2 13 0001 
1 34 27 28 25 94 59 1000 996 5 1 19 0001 
1 32 27 28 26 100 75 1000 996 5 2 14 0001 
1 34 28 27 25 94 63 1000 996 4 2 21 1000 
1 34 28 27 24 94 59 1001 997 5 3 26 0001 
1 33 28 25 23 84 55 1000 997 5 4 32 1000 
1 31 26 27 24 100 70 1001 998 5 2 26 0010 
1 31 27 27 25 100 70 1001 997 5 2 23 0010 
1 30 25 28 25 100 79 1000 997 4 1 21 0001 
1 34 26 26 24 94 59 1002 998 5 3 19 1000 
1 31 26 25 23 89 66 1004 1000 5 3 27 0010 
1 28 25 27 25 100 84 1001 996 3 1 85 0001 
1 28 25 27 25 100 84 1002 998 3 1 11 0010 
1 32 25 26 23 100 62 1002 999 4 2 14 1000 
1 34 26 27 23 94 52 1004 1000 4 2 19 0010 
1 30 26 27 24 100 74 1005 1002 3 1 16 0001 
1 33 26 27 24 100 59 1007 1003 4 2 23 0010 
1 34 27 26 24 94 56 1007 1003 4 3 14 1000 
1 37 29 27 24 89 47 1007 1002 4 1 11 1000 
1 34 26 27 24 100 67 1005 1002 3 2 19 0001 
1 31 25 26 24 100 66 1006 1002 4 2 14 0010 
1 33 26 27 24 94 59 1006 1001 4 1 11 0010 
1 32 26 27 25 100 70 1007 1002 3 1 14 0001 
1 32 28 27 25 94 66 1006 1002 4 1 19 1000 
1 35 27 27 24 94 53 1005 1000 5 3 14 1000 
1 35 28 26 24 84 53 1006 1002 4 3 21 1000 
1 35 28 27 25 89 56 1006 1002 4 3 16 1000 
1 35 29 27 24 89 53 1006 1000 5 3 19 1000 
1 35 29 26 24 84 53 1004 1000 5 3 80 1000 
1 36 29 27 23 84 47 1004 999 5 3 14 1000 
1 33 25 27 23 94 55 1003 1000 4 3 27 0001 
1 30 26 27 24 100 79 1004 1001 4 1 21 0001 
1 32 25 27 25 100 66 1005 1001 4 2 16 0001 
1 31 25 27 25 100 70 1003 999 5 2 21 0001 
1 33 25 27 25 100 63 1002 998 5 1 11 0010 
1 34 27 27 25 100 59 1002 998 5 2 16 0001 
1 29 26 27 26 100 84 1005 1001 3 1 13 0001 
1 33 26 27 24 100 59 1007 1002 4 1 10 0100 
1 33 27 27 24 94 59 1006 1001 4 2 23 0001 
1 32 27 26 25 94 66 1005 1002 5 2 23 1000 
1 34 27 27 24 100 56 1006 1002 5 2 11 1000 
1 35 27 27 25 94 59 1004 1000 5 3 13 1000 
1 32 25 26 23 100 62 1004 1001 5 1 19 0001 
1 32 26 27 24 100 66 1005 1001 5 1 11 0010 
1 32 24 27 24 100 66 1005 1000 5 3 16 0001 
1 32 25 26 24 100 62 1005 1002 4 2 19 1000 
1 34 25 26 23 100 55 1008 1004 4 2 19 1000 
1 32 24 26 22 94 55 1009 1005 5 3 21 1000 
1 32 25 25 22 94 58 1007 1003 4 2 21 1000 
1 33 25 24 21 94 52 1008 1004 4 2 16 1000 
1 33 24 24 20 94 46 1007 1003 5 3 23 1000 
1 34 22 22 16 94 34 1007 1004 5 3 23 1000 
1 34 23 23 20 89 46 1009 1006 5 3 23 1000 
1 33 23 23 20 89 49 1009 1006 5 3 27 1000 
1 34 23 23 19 89 44 1008 1005 5 4 23 1000 
1 35 23 23 19 89 44 1009 1006 5 3 23 1000 
1 33 22 23 16 94 36 1009 1006 5 3 24 1000 
1 34 22 20 16 83 34 1011 1007 5 3 26 1000 
1 33 21 22 17 88 38 1010 1006 5 3 24 1000 
1 34 21 21 15 83 34 1008 1005 5 3 21 1000 
1 33 22 20 14 78 38 1009 1005 5 2 23 1000 
1 34 22 21 16 73 38 1010 1006 4 2 24 1000 
1 33 23 21 16 83 36 1014 1009 5 2 19 1000 
1 34 23 21 17 88 38 1015 1011 5 2 19 1000 
1 33 22 20 14 83 31 1013 1009 5 3 21 1000 
1 35 23 22 16 83 32 1013 1009 5 2 16 1000 
1 34 23 23 15 94 34 1014 1011 4 1 23 1000 
1 33 21 20 16 88 36 1015 1012 4 2 24 1000 
1 33 22 29 14 100 31 1015 1012 4 2 19 1000 
1 34 21 19 14 83 31 1015 1011 4 2 21 1000 
1 35 20 18 12 83 26 1012 1009 4 2 23 1000 
1 34 23 17 12 65 26 1011 1008 4 2 26 1000 
1 34 21 16 10 68 24 1011 1007 4 2 19 1000 
1 34 20 15 5 73 17 1011 1008 5 2 24 1000 
1 33 18 15 7 83 20 1013 1009 4 1 14 1000 
1 32 19 15 9 68 24 1014 1009 3 1 21 1000 
1 32 19 16 9 73 24 1011 1007 4 2 21 1000 
1 33 19 16 11 68 26 1010 1007 2 1 13 1000 
1 31 18 18 14 83 35 1012 1009 2 1 10 0100 
1 32 19 19 10 83 26 1014 1010 3 1 14 0100 
1 33 19 16 11 78 26 1014 1011 3 1 13 0100 
1 32 21 17 12 73 31 1014 1011 2 1 11 1000 
1 31 18 16 9 83 27 1014 1011 3 1 13 0100 
1 30 18 15 9 78 30 1017 1012 3 1 14 0100 
1 29 16 12 6 72 23 1016 1012 4 1 23 1000 
1 30 16 12 6 63 22 1016 1012 5 1 14 1000 
1 29 15 13 9 82 29 1016 1012 3 1 11 1000 
1 30 16 13 7 72 23 1014 1010 3 1 14 1000 
1 31 16 13 7 77 22 1014 1010 1 1 10 0100 
1 32 18 15 6 77 20 1014 1010 3 1 14 0100 
1 32 17 12 7 63 24 1014 1009 3 1 14 1000 
1 31 18 12 7 60 24 1013 1010 4 1 14 1000 
1 31 17 17 9 78 27 1015 1011 3 0 11 0100 
1 30 18 17 11 94 35 1016 1012 3 0 14 0100 
1 30 16 15 11 88 31 1014 1010 4 0 21 0100 
1 29 16 13 9 77 29 1015 1011 5 1 11 1000 
1 29 16 13 7 77 25 1017 1012 3 1 10 1000 
1 30 16 14 11 72 33 1016 1011 4 1 19 1000 
1 31 18 17 13 83 35 1014 1010 4 0 19 0100 
1 28 18 16 14 88 45 1015 1011 4 0 19 0100 
1 29 15 15 8 88 27 1014 1011 5 0 23 0100 
1 29 15 12 8 72 27 1016 1013 6 1 11 1000 
1 30 15 13 10 82 29 1016 1013 5 1 11 1000 
1 29 15 13 9 82 32 1017 1013 5 1 13 0100 
1 29 15 13 10 77 30 1016 1012 4 1 21 1000 
1 29 15 14 9 82 29 1015 1012 6 1 19 1000 
1 30 14 13 10 77 29 1015 1011 5 1 14 1000 
1 27 16 17 12 88 48 1016 1012 2 1 14 0100 
1 26 15 18 13 100 51 1018 1015 2 0 13 0100 
1 27 16 18 15 94 51 1020 1016 2 0 10 0100 
1 27 16 18 15 94 51 1019 1015 1 0 6 0100 
1 27 16 17 14 94 45 1019 1015 3 0 11 0100 
1 27 16 16 13 94 44 1020 1015 3 1 10 0100 
1 27 14 17 8 94 32 1019 1014 5 0 10 0100 
1 26 14 13 8 88 32 1017 1013 5 1 11 0100 
1 25 13 12 9 94 36 1017 1013 3 1 13 0100 
1 24 14 12 8 82 36 1015 1011 4 1 19 0100 
1 25 11 13 7 94 36 1014 1011 5 0 24 0100 
1 26 12 9 3 77 24 1015 1011 5 1 14 1000 
1 25 12 11 7 77 34 1016 1012 4 1 19 1000 
1 27 15 14 11 88 39 1017 1012 2 0 8 0100 
1 27 14 14 10 94 37 1012 1008 3 0 16 0100 
1 26 13 11 8 77 34 1012 1009 4 1 14 1000 
1 28 13 12 7 82 26 1014 1011 4 1 8 0100 
1 27 15 17 10 88 36 1015 1012 3 1 14 0100 
1 26 14 17 12 94 42 1016 1012 4 0 16 0100 
1 28 15 16 13 94 42 1016 1011 4 1 14 0100 
1 22 14 17 14 100 69 1016 1011 3 0 13 0100 
1 22 13 14 7 100 38 1015 1012 5 0 21 0100 
1 22 10 9 2 77 31 1016 1013 5 1 14 0100 
1 22 9 8 2 77 27 1020 1015 5 0 11 0100 
1 22 8 8 4 87 31 1019 1016 5 0 14 0100 
1 21 7 8 2 87 28 1019 1016 4 0 14 0100 
1 21 7 6 0 87 25 1020 1016 5 1 14 0100 
1 21 7 7 2 81 28 1020 1016 4 1 14 0100 
1 20 6 6 3 87 33 1019 1015 5 0 19 0100 
1 22 8 10 2 94 27 1020 1016 3 0 11 0100 
1 21 6 11 1 100 28 1020 1015 2 0 10 0100 
1 19 7 10 4 100 43 1018 1014 3 0 14 0100 
1 22 8 9 1 100 25 1019 1016 3 0 10 0100 
1 20 7 10 3 100 33 1020 1015 3 0 14 0100 
1 19 5 9 0 100 30 1019 1014 5 0 19 0100 
1 18 4 5 1 87 32 1018 1013 4 0 16 0100 
1 20 5 5 -2 93 24 1018 1014 3 0 11 0100 
1 20 5 6 0 87 28 1018 1014 2 0 10 0100 
1 20 5 8 4 93 40 1018 1014 1 0 11 0100 
1 22 6 11 5 100 35 1020 1016 3 0 11 0100 
1 21 7 13 7 100 49 1021 1016 1 0 11 0100 
1 17 6 13 6 100 72 1021 1017 1 0 11 0100 
1 22 8 13 8 100 46 1020 1016 3 0 13 0100 
