1 18 5 2 -4 76 22 1019 1015 5 1 13 0100 
1 19 2 3 -2 93 26 1021 1016 3 1 14 0100 
1 20 5 5 -1 76 28 1023 1018 3 0 13 0100 
1 19 5 5 1 87 30 1022 1018 3 0 23 0100 
1 22 8 7 -3 71 20 1021 1017 3 0 14 1000 
1 22 11 10 2 82 30 1020 1016 3 0 14 0100 
1 25 10 12 5 94 28 1022 1016 2 0 14 0100 
1 27 12 15 8 82 32 1019 1015 3 0 14 0100 
1 24 16 16 13 88 50 1018 1013 3 1 14 1000 
1 23 14 14 10 94 46 1017 1013 4 0 19 0001 
1 18 12 12 3 88 42 1019 1015 4 0 23 0100 
1 18 5 6 2 100 37 1020 1016 5 0 26 0100 
1 19 6 6 2 100 32 1019 1015 6 0 24 0100 
1 20 5 6 1 93 28 1020 1015 5 1 26 0100 
1 22 9 8 3 76 29 1019 1015 4 1 26 1000 
1 23 9 9 5 100 33 1021 1016 4 1 26 0100 
1 24 13 14 9 88 41 1020 1013 4 0 23 0100 
1 21 14 15 8 94 56 1013 1009 3 1 26 1000 
1 16 9 10 5 94 48 1014 1011 3 1 26 0100 
1 17 4 7 -1 100 31 1017 1013 4 1 26 0100 
1 16 3 5 -6 87 23 1018 1014 5 1 27 0100 
1 15 2 3 -4 93 27 1016 1013 3 1 23 0100 
1 16 5 2 -3 71 29 1016 1012 4 1 24 1000 
1 19 6 1 -8 66 15 1018 1014 5 2 14 1000 
1 18 8 5 -4 67 24 1016 1013 5 2 14 1000 
1 16 6 4 0 87 34 1016 1013 4 1 23 0100 
1 16 4 4 -5 81 23 1019 1014 4 1 26 0100 
1 15 2 1 -4 87 29 1017 1013 4 1 16 0100 
1 18 6 7 -1 82 32 1014 1009 5 1 21 1000 
1 18 5 6 -1 93 28 1014 1009 5 1 19 0100 
1 18 4 5 0 93 32 1017 1013 4 0 23 0100 
1 18 4 4 -2 93 26 1016 1013 4 1 14 0100 
1 18 5 10 -3 82 26 1016 1011 3 1 14 0010 
1 18 10 8 3 82 42 1013 1009 3 2 26 0010 
1 20 8 12 6 100 40 1014 1010 4 0 23 0100 
1 16 8 12 7 100 68 1017 1013 2 1 21 0100 
1 20 7 12 -2 100 23 1016 1012 3 0 14 0100 
1 20 9 8 0 87 30 1015 1011 4 1 19 1000 
1 16 10 7 3 82 42 1017 1014 4 1 24 1000 
1 17 4 6 3 100 42 1019 1014 4 0 34 0100 
1 18 4 5 -1 93 30 1017 1014 6 0 26 0100 
1 19 4 4 -5 87 19 1018 1015 7 1 23 1000 
1 19 4 3 -5 81 19 1020 1016 7 1 34 1000 
1 21 4 -1 -7 65 17 1018 1015 5 2 34 1000 
1 22 5 4 -1 70 23 1019 1015 6 1 19 1000 
1 25 7 6 -3 81 17 1020 1016 6 1 26 1000 
1 26 8 11 3 87 23 1017 1013 5 1 32 0100 
1 26 11 11 5 88 26 1016 1012 4 1 23 0100 
1 25 10 11 5 94 28 1015 1012 5 0 19 0100 
1 25 11 11 3 94 24 1016 1013 7 1 23 0100 
1 26 10 9 2 82 21 1018 1014 5 1 14 0100 
1 26 13 11 4 82 26 1019 1014 5 1 16 1000 
1 27 13 16 9 82 34 1016 1011 4 2 37 1000 
1 26 17 16 12 88 42 1014 1011 3 1 24 1000 
1 25 16 15 4 82 27 1015 1012 4 1 23 1000 
1 24 12 7 2 54 24 1015 1012 5 2 29 1000 
1 32 10 5 1 71 16 1016 1012 4 1 27 1000 
1 27 10 8 1 62 18 1017 1014 6 1 27 1000 
1 30 12 9 2 67 17 1017 1012 5 1 26 1000 
1 34 16 16 5 82 16 1012 1008 5 1 16 0100 
1 34 16 17 2 100 14 1012 1009 4 1 14 0100 
1 31 18 17 13 88 33 1014 1009 3 1 23 1000 
1 33 15 17 7 88 20 1012 1008 4 0 21 0100 
1 33 17 14 5 82 17 1012 1009 5 0 24 0100 
1 35 17 17 5 77 16 1014 1010 5 1 23 1000 
1 32 20 20 14 88 37 1015 1011 3 1 21 0100 
1 31 19 21 14 94 38 1014 1010 3 1 16 0100 
1 30 16 20 7 94 25 1016 1011 5 0 23 0100 
1 30 16 13 7 77 25 1017 1012 5 1 32 0100 
1 31 16 13 6 82 21 1015 1011 5 1 27 0100 
1 30 20 14 8 64 25 1015 1011 5 2 27 1000 
1 26 17 14 9 82 36 1015 1011 5 1 23 0100 
1 30 14 13 5 82 20 1016 1011 7 1 19 1000 
1 31 15 13 4 77 18 1013 1008 7 1 27 1000 
1 34 18 13 8 68 20 1012 1008 5 1 19 1000 
1 36 19 13 5 68 15 1010 1005 5 1 27 1000 
1 37 20 13 2 60 11 1008 1003 8 1 24 1000 
1 34 22 17 7 57 24 1007 1003 4 1 23 1000 
1 33 20 12 8 56 22 1009 1005 4 2 23 1000 
1 33 18 14 2 77 14 1010 1006 7 1 29 1000 
1 35 16 15 3 68 14 1010 1006 5 2 26 1000 
1 34 19 15 2 78 13 1012 1007 5 1 23 0100 
1 33 17 12 6 68 20 1012 1008 4 1 23 1000 
1 34 18 12 2 64 14 1011 1007 5 1 21 1000 
1 34 19 13 6 56 17 1012 1007 7 1 26 1000 
1 35 19 13 6 64 16 1010 1006 5 2 26 1000 
1 35 21 12 4 53 15 1008 1004 4 1 37 0001 
1 35 22 13 4 50 15 1009 1005 5 1 24 1000 
1 36 20 12 4 56 14 1010 1005 5 1 14 1000 
1 35 25 11 6 36 20 1008 1003 4 3 27 1000 
1 31 19 14 7 68 25 1012 1006 5 2 26 0001 
1 35 21 14 8 57 21 1011 1005 5 2 26 1000 
1 26 18 15 10 77 42 1013 1007 3 2 26 0001 
1 29 18 15 11 78 35 1012 1007 5 1 27 0001 
1 26 17 16 12 88 44 1016 1009 5 3 23 0010 
1 28 15 15 9 82 30 1019 1015 6 2 23 0001 
1 31 17 13 7 77 22 1016 1013 6 1 21 1000 
1 34 20 14 12 64 26 1014 1009 6 1 34 1000 
1 35 20 15 11 73 23 1012 1008 5 1 29 1000 
1 36 20 15 9 68 19 1012 1007 5 3 29 1000 
1 36 23 17 13 69 27 1008 1003 4 3 24 1000 
1 36 25 17 13 54 25 1009 1005 4 2 42 1000 
1 38 25 21 7 74 16 1008 1003 4 2 23 0010 
1 39 24 16 7 61 14 1007 1003 7 2 29 1000 
1 39 27 14 9 39 16 1007 1003 5 2 19 1000 
1 37 26 17 8 54 19 1009 1003 4 2 34 1000 
1 33 22 11 6 50 18 1010 1006 5 4 24 1000 
1 36 21 12 3 56 13 1008 1004 7 2 32 1000 
1 38 23 13 3 44 11 1009 1005 8 2 27 1000 
1 40 23 10 5 38 12 1009 1005 5 1 23 1000 
1 40 24 12 4 44 11 1007 1004 5 2 26 1000 
1 41 26 12 5 39 12 1008 1005 5 2 27 1000 
1 41 26 10 4 34 11 1010 1006 7 2 23 1000 
1 41 25 12 5 36 11 1010 1005 5 1 34 1000 
1 41 28 10 4 30 12 1009 1005 5 2 23 1000 
1 41 29 11 5 29 12 1008 1003 5 2 26 1000 
1 41 26 12 4 39 11 1004 1000 5 1 27 1000 
1 41 25 10 4 34 11 1004 1000 5 1 27 1000 
1 41 26 10 4 34 11 1004 1000 4 2 14 1000 
1 43 25 10 5 36 11 1006 1001 5 1 19 1000 
1 43 28 10 5 27 11 1004 999 5 2 19 1000 
1 41 28 11 7 29 13 1002 997 3 1 26 1000 
1 44 26 12 4 35 9 1000 996 4 1 24 1000 
1 44 32 8 4 21 10 1002 998 3 1 27 0010 
1 36 26 14 6 39 16 1006 1000 4 1 47 0001 
1 39 26 11 8 36 16 1006 1001 5 2 34 1000 
1 38 28 10 7 30 15 1007 1003 5 3 19 1000 
1 40 28 10 4 32 13 1007 1002 4 1 37 1000 
1 38 27 11 8 34 17 1008 1003 4 3 27 1000 
1 37 26 11 9 39 18 1007 1003 5 2 27 0001 
1 38 25 12 9 41 17 1007 1001 5 2 27 0001 
1 40 26 13 8 39 14 1005 1000 5 3 26 1000 
1 39 27 12 10 35 18 1007 1003 4 3 21 1000 
1 35 23 20 11 65 24 1012 1003 4 1 35 0001 
1 39 25 20 14 65 22 1006 1001 5 2 19 0001 
1 41 31 18 13 43 19 1005 1000 3 2 24 0001 
1 43 26 19 12 54 17 1002 996 4 2 32 0001 
1 38 28 21 10 46 24 1001 996 3 2 27 0001 
1 32 22 21 12 78 35 1007 1000 5 3 32 0001 
1 29 21 21 17 83 51 1008 1002 5 2 27 0001 
1 26 17 21 17 100 57 1006 1002 5 1 37 0001 
1 29 22 22 19 88 62 1007 1001 5 2 27 0001 
1 33 21 22 19 94 49 1007 1002 5 2 23 0001 
1 33 24 20 16 73 38 1006 1002 5 4 23 0001 
1 36 25 21 16 78 36 1005 1002 5 2 23 1000 
1 34 20 21 15 78 36 1011 1003 8 1 47 0001 
1 37 25 21 13 78 29 1007 1002 5 2 26 0001 
1 36 25 18 13 65 25 1004 1000 4 3 16 0001 
1 38 26 18 10 57 24 1004 1001 7 2 29 0001 
1 37 25 18 15 57 27 1005 1001 7 3 23 1000 
1 39 25 20 12 65 29 1003 999 6 1 34 0001 
1 37 25 20 15 65 28 1005 1000 6 3 16 1000 
1 38 25 21 10 78 29 1004 1000 5 2 14 1000 
1 33 27 21 17 61 43 1006 1003 7 3 21 1000 
1 38 27 21 19 66 33 1006 1001 7 4 19 1000 
1 35 28 22 17 70 34 1005 998 7 4 26 1000 
1 39 27 23 17 74 27 1001 996 8 3 19 0001 
1 32 26 22 19 78 49 1003 997 7 3 29 1000 
1 34 26 23 21 78 49 1005 999 7 4 21 0010 
1 33 26 23 21 78 52 1004 1000 7 3 23 1000 
1 35 26 24 20 74 47 1004 999 5 4 23 1000 
1 35 28 25 20 74 47 1003 998 5 3 19 0001 
1 34 29 24 21 74 49 1002 997 7 3 24 1000 
1 32 26 25 22 89 59 1000 996 7 1 23 0001 
1 35 26 24 21 84 46 997 993 5 3 23 0001 
1 30 26 28 22 94 66 998 993 5 2 14 0001 
1 28 25 25 22 94 78 999 994 4 1 14 0010 
1 33 26 25 22 84 59 997 993 5 2 16 0010 
1 34 26 24 22 89 52 998 995 10 3 19 1000 
1 33 27 24 22 79 52 1000 997 10 4 23 1000 
1 34 24 24 18 84 46 1003 997 8 2 19 0010 
1 33 26 24 20 89 52 1003 999 5 3 19 1000 
1 33 28 24 17 70 46 1003 999 7 3 23 1000 
1 36 28 25 21 74 41 1002 997 4 2 24 1000 
1 33 24 25 18 79 43 1002 998 4 1 29 0001 
1 33 27 24 20 74 52 1003 1000 4 2 34 0001 
1 37 28 25 20 79 39 1002 998 4 2 13 1000 
1 32 26 25 21 79 58 1002 998 4 3 23 1000 
1 32 25 24 20 83 55 1003 998 4 2 19 0010 
1 34 22 25 18 89 46 1001 997 4 0 71 0001 
1 35 26 24 21 83 46 1001 997 6 3 14 1000 
1 35 27 24 22 84 47 1001 998 5 3 16 1000 
1 37 27 24 20 84 41 1001 997 5 4 16 1000 
1 38 28 24 20 74 42 1000 996 5 3 23 1000 
1 37 27 25 20 79 39 1000 996 4 2 26 1000 
1 33 28 26 20 79 46 999 996 4 3 27 1000 
1 29 27 25 21 79 66 1001 997 4 3 23 1000 
1 32 26 24 21 89 55 1000 996 4 2 19 0001 
1 33 27 25 21 84 55 1000 996 5 2 14 0001 
1 33 25 25 20 89 55 1002 999 5 2 26 0001 
1 33 26 25 22 94 55 1003 999 4 3 21 1000 
1 34 27 25 21 84 49 1001 996 4 3 24 1000 
1 32 25 26 22 94 62 999 995 4 3 21 0001 
1 31 24 25 21 94 62 1002 998 4 4 23 1000 
1 33 23 27 20 94 55 1003 1000 4 2 23 0001 
1 35 25 25 22 94 49 1003 998 4 3 24 0001 
1 34 27 23 20 79 49 1001 997 4 3 23 1000 
1 34 28 24 20 66 49 1001 997 5 3 24 1000 
1 35 27 24 20 74 44 1002 999 4 3 19 1000 
1 36 28 24 19 70 39 1001 998 4 3 23 1000 
1 33 25 24 19 83 49 1003 1000 5 2 24 0001 
1 33 25 25 19 94 51 1004 999 4 3 21 0001 
1 34 27 23 19 74 43 1002 997 5 3 23 0010 
1 36 28 24 19 70 39 1001 997 5 3 27 1000 
1 36 29 24 19 70 39 1001 997 4 3 23 0010 
1 35 28 25 16 79 44 999 995 4 2 26 1000 
1 34 25 28 20 89 62 1000 997 4 2 19 1000 
1 32 26 26 24 94 62 1001 998 5 2 23 0001 
1 34 26 26 23 94 52 1001 998 5 3 19 1000 
1 35 27 26 23 94 49 1001 997 5 4 23 1000 
1 34 27 26 22 89 49 1001 997 5 4 23 1000 
1 31 27 26 23 89 70 1003 999 5 2 23 0010 
1 33 26 26 22 94 52 1003 1000 5 3 24 0010 
1 33 26 26 22 84 55 1003 1000 4 3 24 1000 
1 34 27 25 21 89 55 1003 1000 4 2 23 0001 
1 32 25 25 21 94 58 1003 1000 4 3 26 0001 
1 31 25 25 21 94 70 1005 1000 7 2 11 0010 
1 34 25 25 21 94 58 1002 996 5 2 23 0001 
1 30 25 26 20 94 62 999 995 5 3 27 0010 
1 28 26 25 24 94 84 1000 996 4 2 16 0001 
1 33 26 25 24 94 59 999 995 7 2 16 1000 
1 33 26 28 25 100 63 999 995 4 1 13 0001 
1 34 27 27 23 94 52 998 995 5 2 26 1000 
1 30 28 26 24 89 70 999 996 10 3 27 0010 
1 30 26 26 25 94 74 1001 998 4 2 24 0001 
1 31 25 26 24 94 70 1000 997 5 1 21 0001 
1 30 26 26 23 100 70 1000 996 4 3 19 0010 
1 32 26 25 24 94 62 1001 998 4 3 14 1000 
1 32 26 25 23 89 62 1003 1000 4 3 26 0010 
1 33 27 27 22 89 59 1004 1000 6 3 23 0010 
1 33 27 25 21 79 55 1004 1001 5 3 24 1000 
1 33 26 23 21 78 52 1006 1003 7 4 182 1000 
1 30 27 23 21 74 58 1006 1003 5 3 16 0010 
1 31 28 26 22 89 62 1006 1003 5 2 19 0010 
1 34 27 25 22 89 49 1006 1003 3 1 23 0001 
1 35 28 26 22 84 49 1007 1003 3 1 13 1000 
1 35 29 26 20 84 44 1007 1002 3 1 11 1000 
1 35 28 26 20 79 44 1006 1002 3 2 14 1000 
1 36 28 25 17 84 34 1009 1001 4 3 19 1000 
1 36 28 26 18 75 38 1004 1000 8 3 34 1000 
1 36 27 22 16 65 39 1004 1001 10 4 37 1000 
1 35 26 25 16 70 38 1006 1002 10 3 27 1000 
1 35 25 22 17 78 36 1009 1005 6 3 24 0001 
1 35 27 23 15 79 30 1008 1005 7 4 29 1000 
1 36 26 23 16 83 30 1008 1004 8 4 27 1000 
1 37 27 23 17 79 30 1006 1003 8 3 26 1000 
1 37 29 24 16 74 29 1007 1002 7 3 27 1000 
1 38 28 24 15 70 28 1006 1001 6 3 27 0001 
1 32 22 21 13 88 38 1008 1003 8 3 26 1000 
1 33 22 21 15 78 38 1009 1006 6 3 16 0001 
1 34 24 22 17 74 38 1009 1004 5 3 14 1000 
1 35 25 21 16 74 34 1008 1004 5 4 16 1000 
1 34 26 21 15 66 34 1008 1003 5 2 19 1000 
1 34 26 21 12 74 39 1007 1004 4 2 26 0001 
1 35 25 20 17 69 36 1007 1002 5 2 13 0001 
1 34 25 22 16 69 38 1007 1003 5 3 13 1000 
1 35 26 22 16 74 36 1007 1003 8 4 19 1000 
1 33 27 22 10 65 34 1007 1002 5 3 21 0001 
1 35 25 21 16 65 36 1005 1000 4 2 14 1000 
1 33 24 20 11 69 33 1006 1002 5 3 19 0001 
1 30 23 22 11 89 41 1007 1003 5 3 27 0001 
1 27 21 25 13 100 53 1005 1000 4 2 27 0010 
1 26 20 23 15 100 51 1006 999 5 2 24 0010 
1 28 22 22 19 100 58 1008 1005 4 2 14 1000 
1 32 21 23 20 94 52 1008 1003 7 3 23 1000 
1 31 22 22 15 83 38 1009 1006 8 3 26 1000 
1 32 22 23 19 94 46 1009 1006 5 3 29 1000 
1 32 23 24 20 89 52 1009 1005 5 2 24 1000 
1 33 24 25 19 94 49 1007 1002 7 3 27 1000 
1 34 25 26 21 94 49 1007 1004 6 3 29 1000 
1 33 25 25 20 89 49 1008 1005 5 3 24 1000 
1 34 25 25 20 79 46 1009 1005 5 3 14 1000 
1 34 27 25 22 89 49 1010 1007 3 2 10 1000 
1 33 26 25 22 89 52 1010 1007 3 2 13 1000 
1 35 26 25 22 89 52 1010 1007 3 1 10 1000 
1 35 27 24 20 84 47 1012 1008 4 1 14 1000 
1 36 27 26 21 79 44 1010 1006 4 2 13 1000 
1 35 25 25 21 94 44 1009 1005 3 2 14 1000 
1 34 25 25 20 94 46 1010 1006 3 2 19 1000 
1 36 24 24 18 94 36 1010 1006 4 1 16 1000 
1 36 25 20 14 74 27 1010 1005 5 2 16 1000 
1 35 24 22 15 78 30 1013 1008 4 2 16 1000 
1 35 24 22 16 78 32 1015 1011 3 2 19 1000 
1 34 23 22 16 89 36 1017 1013 3 1 19 1000 
1 36 23 20 14 83 27 1015 1011 3 1 23 1000 
1 35 23 21 14 83 32 1012 1008 5 1 19 1000 
1 35 23 22 16 94 32 1013 1010 3 1 16 1000 
1 31 23 21 15 83 38 1017 1011 5 2 27 1000 
1 29 21 20 12 88 39 1018 1013 5 2 24 1000 
1 32 21 18 12 83 29 1015 1011 6 1 19 1000 
1 32 18 19 11 94 27 1016 1012 4 1 14 1000 
1 32 18 17 11 88 27 1016 1011 3 1 11 1000 
1 33 18 17 9 88 23 1014 1010 4 1 8 1000 
1 32 20 18 14 83 33 1015 1010 3 1 10 1000 
1 32 20 19 15 88 36 1014 1010 3 1 13 1000 
1 33 20 20 14 88 31 1014 1010 3 1 16 0100 
1 33 20 20 12 94 29 1014 1010 3 1 63 0100 
1 32 21 17 13 78 31 1014 1009 4 1 13 1000 
1 31 19 19 14 94 40 1012 1008 3 1 8 1000 
1 31 18 18 10 94 27 1011 1006 4 0 26 0100 
1 32 19 17 11 73 33 1013 1008 3 0 11 1000 
1 33 19 17 10 88 28 1013 1010 7 0 14 0100 
1 33 20 17 11 73 26 1014 1011 6 1 19 1000 
1 31 18 15 12 78 31 1015 1012 3 1 24 0100 
1 31 16 15 10 77 27 1013 1010 5 1 23 1000 
1 33 18 15 9 68 28 1013 1010 4 1 14 1000 
1 33 19 17 9 73 23 1013 1010 4 1 14 1000 
1 32 17 16 9 78 24 1013 1009 3 0 14 0100 
1 31 16 13 8 72 24 1013 1010 4 1 13 1000 
1 31 16 13 9 77 25 1014 1010 2 1 8 0100 
1 30 18 14 9 73 29 1016 1013 1 1 8 1000 
1 29 17 16 11 82 35 1017 1013 1 0 10 0100 
1 30 16 15 11 94 31 1016 1013 2 0 11 0100 
1 30 16 16 10 83 33 1017 1012 1 0 10 0100 
1 30 17 16 12 88 35 1016 1011 2 0 8 0100 
1 30 16 16 13 94 37 1014 1010 1 0 11 0100 
1 28 17 15 11 82 37 1014 1010 2 1 21 0100 
1 28 16 15 11 82 39 1015 1011 3 1 13 0100 
1 29 16 15 7 82 26 1015 1011 3 1 11 0100 
1 28 17 14 9 82 30 1015 1011 3 1 13 0100 
1 29 15 13 10 82 30 1014 1011 3 1 13 0100 
1 28 15 14 10 82 37 1015 1012 3 1 11 0100 
1 29 15 14 8 82 30 1016 1013 3 1 14 0100 
1 23 15 16 10 88 53 1018 1013 4 1 26 0100 
1 23 13 16 8 100 38 1020 1017 4 0 21 0100 
1 23 10 10 4 88 29 1019 1016 5 1 21 0100 
1 24 10 10 4 82 31 1020 1016 3 1 16 1000 
1 25 11 10 5 72 29 1018 1014 4 1 23 1000 
1 27 12 10 6 77 30 1019 1015 3 1 10 1000 
1 28 13 12 7 82 28 1020 1015 3 1 10 0100 
1 27 13 12 8 88 30 1020 1016 2 0 10 0100 
1 26 11 13 7 94 32 1021 1017 3 0 13 0100 
1 26 10 10 6 88 28 1020 1016 4 0 23 0100 
1 25 10 12 5 77 34 1019 1016 2 1 13 0100 
1 24 15 12 7 82 44 1018 1015 2 1 8 0100 
1 25 12 13 7 94 36 1017 1012 9 0 11 0100 
1 25 11 11 8 82 34 1016 1012 2 1 14 0100 
1 26 12 11 7 82 30 1016 1013 3 1 21 0100 
1 27 12 11 7 88 28 1020 1016 3 1 10 0100 
1 27 11 13 5 94 24 1020 1014 3 0 23 0100 
1 25 13 11 7 82 32 1018 1013 3 1 16 0100 
1 26 14 15 8 83 39 1018 1014 1 1 14 0100 
1 28 15 17 12 88 39 1018 1014 1 0 11 0100 
1 26 14 16 11 94 39 1016 1013 2 0 13 0100 
1 23 13 15 7 100 38 1018 1014 3 0 16 0100 
1 22 12 12 6 82 35 1017 1013 5 1 14 1000 
1 22 7 8 4 87 31 1020 1015 4 1 14 0100 
1 21 8 8 4 82 33 1021 1016 3 1 21 0100 
1 24 8 11 4 87 34 1018 1014 4 0 16 0100 
1 23 11 10 6 88 36 1018 1013 3 1 19 0100 
1 25 11 15 8 94 34 1021 1016 3 0 11 0100 
1 27 12 14 8 100 30 1020 1015 4 0 14 0100 
1 23 16 16 7 88 36 1018 1013 4 1 27 0100 
1 20 15 16 11 100 77 1017 1014 1 0 13 0100 
1 20 13 16 9 100 67 1017 1014 2 0 23 0100 
1 21 8 13 4 100 33 1019 1016 5 0 21 0100 
1 21 7 10 4 93 43 1019 1015 5 1 16 1000 
1 21 9 10 6 87 40 1018 1015 5 1 13 0100 
1 23 8 11 4 94 29 1019 1014 4 0 10 0100 
1 22 8 10 7 100 38 1016 1013 2 0 10 0100 
1 25 9 13 6 88 29 1016 1012 3 0 10 0100 
1 25 11 13 8 94 34 1016 1013 3 0 8 0100 
1 19 10 13 9 100 64 1016 1013 1 0 11 0100 
1 18 7 10 6 100 45 1018 1014 2 0 11 0100 
1 13 7 10 4 94 77 1019 1015 2 0 16 0100 
