1 13.0 12.0 94 1020 1.7 
1 13.0 12.0 94 1020 1.7 
1 13.0 12.0 94 1020 1.7 
1 13.0 12.0 94 1020 1.2 
1 13.0 12.0 94 1020 0.9 
1 12.0 11.0 94 1020 0.5 
1 10.0 10.0 100 1020 0.5 
1 10.0 10.0 100 1021 0.4 
1 10.0 10.0 100 1022 0.3 
1 12.0 11.0 94 1022 0.3 
1 13.0 11.0 88 1022 0.6 
1 15.0 12.0 82 1022 0 
1 16.0 12.0 77 1021 0 
1 17.0 11.0 68 1020 1.4 
1 17.0 10.0 63 1019 1.9 
1 17.0 10.0 63 1019 2.1 
1 16.0 10.0 68 1019 1.7 
1 12.0 10.0 88 1019 1.0 
1 9.0 9.0 100 1021 0.7 
1 8.0 8.0 100 1021 0.4 
1 7.0 7.0 100 1020 0.2 
1 12.0 11.0 94 1022 0.3 
1 13.0 11.0 88 1022 0.6 
1 16.0 10.0 68 1019 1.7 
