1 21 7 11 5 100 43 1018 1015 4 0 13 0100 
1 15 8 12 8 100 77 1022 1018 1 0 11 0100 
1 14 9 14 9 100 82 1020 1017 3 0 19 0010 
1 13 9 11 9 100 77 1020 1015 3 0 24 0100 
1 17 9 11 8 100 55 1016 1013 5 0 23 0100 
1 18 7 13 7 100 56 1017 1014 2 0 13 0100 
1 18 8 12 8 100 56 1021 1016 1 0 10 0100 
1 12 8 12 8 100 93 1020 1016 1 0 11 1000 
1 17 9 12 8 100 59 1019 1015 3 0 14 0100 
1 10 8 10 7 100 93 1020 1017 2 0 11 0100 
1 13 6 8 6 100 67 1021 1016 4 1 11 0100 
1 14 7 8 6 93 63 1020 1015 1 0 13 0100 
1 16 9 13 7 100 59 1021 1015 1 0 13 0010 
1 15 7 11 7 100 72 1025 1021 3 0 19 0100 
1 16 7 11 7 100 63 1024 1020 3 0 16 0100 
1 20 4 10 4 100 46 1024 1020 4 0 19 0100 
1 16 8 11 8 100 72 1025 1020 1 0 11 0100 
1 18 8 10 7 100 49 1023 1019 2 0 13 0100 
1 19 8 10 7 100 49 1021 1017 2 0 10 0100 
1 19 6 11 6 100 49 1022 1018 2 0 10 0100 
1 18 7 10 7 100 55 1021 1017 1 0 10 0100 
1 19 8 11 8 100 56 1020 1016 1 0 10 0100 
1 22 9 12 9 100 46 1019 1015 3 0 13 0100 
1 23 9 14 9 100 46 1017 1014 6 0 16 0100 
1 24 13 13 10 94 41 1020 1015 4 0 16 0100 
1 19 9 15 9 100 78 1021 1017 1 0 11 0100 
1 23 9 13 9 100 46 1019 1016 4 0 11 0100 
1 25 13 14 7 100 32 1019 1015 5 0 13 0100 
1 26 14 13 8 94 34 1019 1015 5 1 19 0100 
1 22 12 14 6 100 43 1019 1016 3 0 23 0100 
1 21 8 9 5 87 35 1019 1015 4 1 14 0100 
1 23 10 10 3 87 27 1019 1015 4 1 11 1000 
1 22 10 11 5 94 33 1018 1015 5 1 16 0100 
1 23 9 11 3 94 27 1019 1015 4 0 16 0100 
1 24 9 9 5 87 29 1019 1015 5 1 21 0100 
1 24 10 11 5 88 31 1019 1015 5 1 19 1000 
1 28 12 11 6 88 26 1019 1015 6 1 14 1000 
1 30 14 13 5 88 22 1019 1014 3 1 11 1000 
1 25 16 17 11 100 41 1015 1008 3 1 27 0001 
1 22 15 16 5 100 35 1014 1008 5 2 26 0001 
1 20 13 15 7 94 63 1018 1014 4 1 14 1000 
1 23 10 12 8 94 41 1020 1016 4 1 11 1000 
1 23 13 15 9 94 57 1019 1016 3 1 14 0001 
1 23 13 14 11 94 47 1018 1014 3 0 13 0100 
1 22 10 15 6 94 35 1016 1013 4 0 19 0100 
1 20 12 12 8 94 46 1016 1012 3 1 13 0100 
1 25 12 12 5 88 29 1017 1013 5 0 14 0100 
1 21 10 11 0 100 26 1019 1015 4 0 23 0100 
1 24 9 8 3 82 29 1017 1013 4 1 24 1000 
1 23 10 9 4 88 29 1019 1015 5 1 14 0100 
1 25 10 11 3 87 25 1018 1015 5 1 19 0100 
1 27 11 11 6 88 26 1016 1013 5 1 23 0100 
1 28 14 16 8 82 30 1016 1010 4 1 19 0100 
1 26 16 15 10 88 36 1013 1009 5 2 26 0001 
1 26 17 16 12 88 42 1012 1009 5 0 19 0100 
1 27 13 15 7 100 28 1015 1011 4 0 19 0100 
1 29 14 14 8 88 27 1015 1012 6 0 23 0100 
1 31 17 15 9 83 27 1014 1010 5 2 21 1000 
1 31 16 16 12 88 31 1013 1010 6 0 19 0100 
1 32 21 16 6 73 24 1014 1010 7 1 19 1000 
1 31 19 18 7 83 22 1013 1010 7 1 24 1000 
1 30 17 15 8 83 25 1011 1006 5 1 14 1000 
1 32 20 17 9 65 27 1010 1006 5 2 23 1000 
1 28 18 16 10 83 34 1013 1010 5 2 23 1000 
1 31 14 15 3 94 18 1013 1009 6 1 19 0010 
1 27 18 15 9 83 34 1017 1012 7 1 23 1000 
1 25 13 13 9 94 36 1016 1013 6 0 21 0100 
1 27 13 13 10 94 34 1018 1015 5 0 19 0100 
1 29 14 13 5 88 22 1018 1015 8 1 23 0100 
1 30 14 13 4 82 19 1019 1015 6 1 14 1000 
1 31 15 14 9 77 25 1019 1014 5 2 21 1000 
1 32 16 14 5 82 19 1016 1011 5 1 21 0100 
1 32 16 15 7 88 22 1011 1008 6 1 19 0100 
1 31 18 15 6 83 22 1012 1008 5 2 14 1000 
1 33 18 15 9 73 24 1015 1010 4 1 13 1000 
1 34 20 14 10 64 23 1018 1014 4 2 14 1000 
1 34 21 16 6 73 17 1020 1015 5 1 16 1000 
1 34 18 18 10 83 24 1016 1011 5 1 23 0100 
1 36 20 18 10 83 20 1014 1009 5 1 19 0100 
1 39 21 17 4 78 12 1011 1006 4 1 21 1000 
1 38 22 16 6 69 14 1007 1002 4 1 23 1000 
1 38 24 15 2 57 11 1005 1002 5 1 19 1000 
1 39 22 15 4 48 11 1007 1003 5 2 16 1000 
1 37 22 18 1 73 11 1008 1004 4 1 13 1000 
1 38 22 14 4 50 13 1009 1004 4 1 14 1000 
1 38 25 15 3 51 11 1010 1005 5 1 19 1000 
1 38 19 15 3 73 11 1010 1006 5 3 26 1000 
1 38 21 13 4 60 12 1010 1005 5 1 26 1000 
1 39 24 12 3 44 11 1007 1001 4 3 23 1000 
1 37 23 16 2 65 12 1007 1003 5 3 13 1000 
1 37 23 12 2 47 11 1007 1004 7 1 23 1000 
1 38 22 9 1 43 10 1008 1004 5 2 16 0001 
1 37 25 9 5 34 14 1011 1007 5 3 23 0001 
1 38 23 10 1 44 10 1012 1008 4 2 16 1000 
1 38 2 9 3 32 11 1012 1008 5 4 23 1000 
1 36 22 10 -2 43 9 1012 1008 5 2 27 1000 
1 38 21 5 -2 33 8 1013 1009 5 2 26 1000 
1 39 24 6 0 28 9 1014 1009 5 2 23 1000 
1 40 23 6 1 33 9 1010 1003 4 2 26 1000 
1 40 25 7 2 32 9 1006 1001 5 2 24 1000 
1 41 26 8 1 32 8 1006 1001 5 2 19 1000 
1 41 28 11 5 26 11 1005 1002 5 3 24 1000 
1 40 26 11 1 39 10 1008 1004 5 2 27 1000 
1 41 26 9 -1 32 7 1008 1004 5 2 26 1000 
1 42 25 6 0 28 8 1011 1006 5 3 19 1000 
1 43 26 7 2 28 9 1009 1004 5 2 24 1000 
1 44 28 8 3 25 8 1007 1002 5 2 27 1000 
1 43 30 10 5 22 12 1005 1000 5 4 23 1000 
1 41 33 15 5 28 16 1003 998 4 3 19 1000 
1 41 30 10 6 25 12 1003 998 5 2 19 1000 
1 40 32 13 1 29 9 1005 999 4 1 26 1000 
1 39 29 14 0 37 9 1008 1004 3 2 24 1000 
1 38 27 11 1 30 10 1010 1005 5 1 27 1000 
1 39 25 7 3 32 11 1009 1004 5 2 26 1000 
1 39 25 10 2 36 10 1007 1004 5 1 19 1000 
1 41 27 11 4 37 10 1010 1006 4 1 19 1000 
1 42 27 10 6 32 11 1010 1006 4 1 16 0001 
1 40 29 14 8 35 15 1010 1004 3 1 21 1000 
1 40 28 21 10 55 16 1009 1004 3 1 37 0001 
1 40 28 18 8 48 14 1010 1003 4 1 27 0001 
1 38 26 18 11 61 22 1010 1005 4 2 27 0001 
1 36 24 18 13 69 25 1009 1004 3 2 16 0001 
1 38 26 17 13 54 22 1007 1002 4 2 23 1000 
1 40 27 17 11 54 18 1005 999 5 2 16 1000 
1 41 22 18 6 64 13 1003 999 3 2 16 1000 
1 35 29 21 18 58 36 1006 1001 3 1 23 1000 
1 35 26 21 16 58 41 1005 1002 3 2 27 1000 
1 37 24 19 12 73 23 1008 1003 4 2 13 0001 
1 38 27 19 10 61 18 1004 1001 4 1 34 1000 
1 40 27 14 5 45 12 1005 1000 3 1 23 1000 
1 41 30 14 2 35 10 1005 1001 3 2 27 0001 
1 41 27 12 2 39 9 1004 1001 3 1 26 1000 
1 44 28 10 -1 32 6 1003 999 4 1 16 0001 
1 42 32 11 2 27 8 1003 999 4 2 19 0001 
1 42 33 12 3 26 9 1004 1000 5 2 24 0001 
1 44 29 13 2 35 8 1003 1000 4 1 14 1000 
1 45 32 13 1 26 10 1004 1000 3 1 19 1000 
1 44 34 17 6 28 10 1005 1000 3 2 16 1000 
1 41 31 19 9 43 14 1005 1001 3 2 23 1000 
1 41 32 15 3 34 10 1004 1000 4 2 21 1000 
1 42 28 11 1 31 8 1004 1000 4 1 19 1000 
1 43 26 14 7 42 11 1004 999 4 1 16 1000 
1 42 32 21 13 41 18 1004 998 4 3 23 1000 
1 43 31 23 15 62 19 1000 995 3 1 13 1000 
1 45 30 22 4 58 9 998 993 3 1 19 1000 
1 45 32 14 3 31 10 997 993 4 1 26 1000 
1 42 33 23 7 47 17 998 993 3 1 21 1000 
1 37 29 23 16 55 34 1002 996 3 2 45 1000 
1 40 28 23 16 70 27 1003 1000 3 1 29 0001 
1 39 27 19 10 58 18 1004 1001 4 2 21 1000 
1 42 27 12 1 39 8 1004 1000 4 2 19 1000 
1 43 31 15 6 29 11 1004 1000 3 2 27 1000 
1 42 34 15 8 27 15 1006 1002 2 1 29 1000 
1 41 29 20 12 58 20 1006 1003 2 1 24 0001 
1 39 27 21 16 62 29 1007 1002 3 1 27 0010 
1 37 26 22 15 54 34 1005 1000 3 1 37 0001 
1 38 27 20 10 62 22 1003 1000 3 1 27 1000 
1 31 26 19 14 65 35 1004 1000 3 2 24 0010 
1 28 21 22 19 100 58 1005 1000 4 1 24 0010 
1 37 22 22 14 94 25 1006 1002 4 1 23 0100 
1 39 27 18 10 54 19 1006 1002 3 2 26 1000 
1 41 29 17 11 45 18 1005 999 4 1 23 1000 
1 43 31 19 8 46 13 1003 998 4 2 26 1000 
1 42 29 18 13 48 19 1002 998 3 1 27 0001 
1 38 26 19 16 61 31 1004 999 4 2 224 1000 
1 39 28 19 12 54 20 1002 998 4 2 24 1000 
1 38 29 19 12 55 21 1003 999 5 2 14 1000 
1 40 29 17 11 48 17 1002 998 4 2 16 1000 
1 42 31 18 10 43 15 1003 999 5 2 21 1000 
1 43 29 17 12 48 16 1003 998 4 2 16 1000 
1 45 34 23 8 44 11 1002 997 5 2 21 1000 
1 44 32 25 17 59 21 1001 996 4 3 23 1000 
1 44 35 24 8 53 12 1000 995 3 1 27 1000 
1 43 34 22 13 44 17 1000 995 3 1 23 1000 
1 41 30 24 17 59 26 999 995 3 1 23 0001 
1 36 26 23 18 83 39 1002 996 3 2 27 1000 
1 41 29 25 16 79 26 1000 996 4 1 21 0100 
1 40 28 22 18 70 27 1000 995 3 2 23 0001 
1 40 29 23 17 62 27 1001 996 3 1 27 1000 
1 41 30 24 20 66 30 1000 996 3 2 19 1000 
1 41 32 24 18 59 26 999 995 3 2 19 1000 
1 37 27 25 21 89 44 1001 998 3 1 37 0001 
1 39 28 27 21 94 35 1003 998 3 2 16 1000 
1 37 31 26 22 70 44 1004 1000 4 2 26 0010 
1 33 25 28 24 100 63 1005 1000 3 1 23 0001 
1 30 26 27 24 100 70 1005 1001 4 1 26 0001 
1 31 27 27 26 100 79 1004 1002 3 1 23 0001 
1 36 26 29 23 100 53 1006 1003 3 1 21 0001 
1 35 27 27 24 100 53 1007 1003 3 1 19 1000 
1 36 29 29 25 94 53 1004 1000 3 2 16 1000 
1 38 29 28 21 84 47 1002 998 5 3 23 0010 
1 37 30 27 24 74 56 1002 997 4 3 14 0001 
1 36 24 26 23 100 50 1002 997 4 2 19 0001 
1 34 26 26 22 89 56 1004 1001 4 2 16 1000 
1 36 30 26 22 79 44 1005 1000 4 1 19 1000 
1 35 27 27 25 100 56 1004 1000 2 0 27 0001 
1 36 28 28 25 89 53 1003 999 5 2 23 1000 
1 35 29 29 27 94 63 1003 1000 3 1 23 1000 
1 37 28 28 26 94 53 1003 996 3 1 16 1000 
1 34 28 28 25 89 67 1000 996 3 2 21 1000 
1 30 25 27 25 100 74 1002 998 4 1 19 0001 
1 32 26 27 25 100 66 1002 999 4 2 14 1000 
1 32 26 27 24 94 66 1003 1000 4 2 19 1000 
1 34 27 27 25 100 59 1002 996 3 1 13 1000 
1 35 29 28 25 94 56 999 995 3 1 13 0001 
1 34 28 28 26 94 63 999 994 4 2 19 1000 
1 35 29 28 24 89 53 1000 996 5 4 24 1000 
1 31 26 28 25 100 70 1003 999 5 3 34 0001 
1 33 27 27 25 94 63 1004 1000 5 4 23 1000 
1 35 28 28 25 94 56 1002 999 4 2 23 0001 
1 32 28 28 26 100 75 1002 999 3 2 14 0010 
1 29 24 27 24 100 89 1005 1001 3 1 16 0001 
1 30 26 27 25 100 79 1004 1000 4 1 14 0010 
1 33 26 27 25 100 63 1003 998 5 2 26 0001 
1 33 27 27 25 94 66 1001 997 5 4 26 0001 
1 32 27 27 26 94 70 1001 997 4 3 34 0001 
1 29 28 27 26 94 84 1005 1000 4 2 29 0010 
1 35 27 27 25 94 56 1006 1003 4 3 19 1000 
1 34 29 27 24 89 59 1006 1002 5 2 26 1000 
1 35 28 28 25 89 56 1004 1000 5 3 21 1000 
1 35 28 27 25 89 56 1003 1000 4 2 19 1000 
1 35 29 27 25 89 56 1004 1000 4 2 21 0001 
1 35 25 28 24 100 63 1005 1001 5 2 23 0001 
1 32 26 28 25 100 66 1006 1002 3 2 11 1000 
1 34 27 28 25 100 59 1005 1001 4 1 19 0001 
1 32 26 27 25 100 70 1004 1001 4 0 16 0001 
1 34 26 28 25 94 67 1006 1002 4 1 23 0001 
1 32 27 28 26 100 70 1007 1002 4 2 21 0010 
1 34 27 28 26 100 66 1004 999 5 2 16 0001 
1 33 27 28 26 100 75 1003 999 4 2 19 0001 
1 27 26 27 26 100 94 1006 1001 3 2 16 0001 
1 32 26 28 26 100 75 1008 1003 4 2 14 0001 
1 29 26 27 26 100 89 1005 1001 3 1 13 0001 
1 30 25 27 25 100 84 1004 1000 3 2 19 0001 
1 33 25 27 25 100 66 1004 1000 5 1 19 0010 
1 31 25 27 24 100 75 1003 1000 3 1 23 0001 
1 31 25 27 24 100 74 1005 1002 3 1 14 0001 
1 32 25 27 25 100 66 1007 1003 3 2 11 1000 
1 33 28 28 25 94 66 1005 1002 3 1 14 0001 
1 34 28 28 25 94 63 1005 1001 3 1 13 0100 
1 34 28 28 24 94 59 1005 1000 3 1 13 1000 
1 35 27 27 24 94 53 1004 999 3 1 14 1000 
1 33 28 27 25 94 70 1004 1000 4 3 23 1000 
1 34 27 29 26 94 63 1006 1002 4 2 21 0001 
1 34 27 28 25 100 67 1006 1003 4 2 23 0001 
1 33 26 27 24 100 66 1005 1001 4 2 16 0001 
1 31 26 27 25 100 70 1004 1000 4 2 11 0010 
1 29 25 26 25 100 84 1005 1002 5 1 19 0001 
1 32 26 27 26 100 70 1005 1000 4 1 10 0001 
1 31 27 28 26 100 75 1004 1000 5 1 19 1000 
1 31 26 27 25 100 75 1005 1002 5 3 19 0001 
1 32 26 27 25 100 70 1006 1002 4 2 16 0010 
1 33 27 27 25 100 63 1005 1000 5 3 21 1000 
1 31 26 27 26 100 75 1005 1001 6 2 14 0001 
1 29 25 27 25 100 84 1006 1003 5 2 11 0001 
1 31 25 27 25 100 75 1006 1002 5 2 19 0001 
1 31 25 26 24 100 66 1006 1002 5 1 16 1000 
1 31 26 26 23 100 70 1005 1003 5 2 21 0010 
1 31 25 26 24 100 66 1006 1003 5 2 16 0010 
1 32 25 25 22 100 58 1006 1002 5 2 14 1000 
1 31 24 24 23 100 62 1006 1003 5 4 14 1000 
1 26 21 24 21 100 83 1008 1002 5 1 26 0010 
1 29 23 27 23 100 79 1007 1003 5 2 19 0001 
1 27 25 26 25 100 89 1007 1004 4 2 14 0001 
1 29 25 26 24 100 79 1007 1004 4 1 14 0001 
1 28 23 26 22 100 70 1009 1005 5 2 19 0010 
1 32 23 25 22 100 58 1009 1006 5 1 13 1000 
1 32 24 25 23 100 62 1010 1007 5 2 19 1000 
1 32 23 26 21 100 52 1011 1008 5 1 23 1000 
1 33 22 24 18 94 41 1012 1009 5 2 23 1000 
1 34 21 21 16 94 34 1011 1009 6 2 16 1000 
1 34 22 21 16 88 34 1012 1010 5 2 19 1000 
1 33 22 22 18 94 41 1013 1008 5 3 23 1000 
1 34 22 23 19 94 41 1012 1008 5 2 14 1000 
1 34 23 24 20 100 46 1011 1008 5 1 11 1000 
1 34 24 26 16 94 34 1012 1007 5 1 13 0100 
1 34 23 22 18 89 44 1011 1006 4 1 11 1000 
1 34 23 23 15 94 32 1009 1006 5 1 14 1000 
1 34 23 24 20 94 44 1010 1006 4 1 11 1000 
1 32 24 26 21 100 52 1009 1005 2 1 10 0100 
1 33 24 23 19 94 43 1008 1004 3 1 10 0100 
1 33 23 23 17 94 38 1006 1001 4 1 16 1000 
1 34 22 21 13 94 34 1005 1002 6 2 27 1000 
1 34 21 21 13 83 32 1009 1005 6 3 19 1000 
1 33 21 21 10 88 38 1013 1009 5 3 19 1000 
1 33 22 21 17 88 38 1013 1008 5 3 24 1000 
1 33 21 21 16 94 36 1010 1007 5 3 23 1000 
1 33 22 21 17 83 38 1010 1007 5 1 11 1000 
1 34 21 22 17 94 36 1010 1006 5 1 11 1000 
1 32 24 24 20 94 55 1010 1007 5 2 16 1000 
1 32 23 23 22 94 55 1012 1008 5 4 14 1000 
1 32 23 24 19 94 46 1012 1008 3 2 11 1000 
1 32 22 23 18 100 43 1012 1007 3 1 14 0100 
1 31 23 23 19 94 49 1009 1003 3 1 13 0100 
1 32 22 21 14 88 49 1005 1001 5 1 26 0001 
1 29 20 20 14 94 48 1008 1004 5 1 21 1000 
1 29 19 19 5 94 22 1010 1007 5 1 21 1000 
1 29 15 18 11 88 35 1012 1010 4 1 14 1000 
1 30 18 18 10 78 31 1015 1012 4 1 13 1000 
1 29 17 16 8 88 27 1016 1013 3 1 16 0100 
1 29 15 13 7 82 25 1016 1012 5 1 19 1000 
1 29 16 23 8 100 27 1016 1013 4 1 10 1000 
1 29 18 16 10 83 30 1018 1014 3 1 10 1000 
1 29 18 18 10 88 30 1018 1013 3 0 19 0100 
1 29 16 19 11 100 33 1015 1011 4 1 21 0100 
1 29 16 16 11 94 35 1016 1012 4 1 11 1000 
1 29 16 15 11 82 33 1018 1013 4 1 19 1000 
1 29 15 15 10 94 30 1018 1013 3 1 19 0100 
1 29 16 18 13 94 37 1017 1012 3 0 13 0100 
1 29 17 17 13 94 37 1016 1012 3 0 10 0100 
1 29 17 17 13 88 37 1016 1013 3 0 10 0100 
1 29 18 17 14 88 40 1018 1014 4 0 13 0100 
1 29 19 18 13 88 39 1020 1016 5 1 11 0100 
1 28 17 17 11 94 35 1018 1013 2 1 16 0100 
1 28 17 18 11 88 35 1017 1011 2 1 10 0100 
1 29 19 17 10 88 32 1012 1008 3 0 13 0100 
1 26 19 18 12 83 47 1013 1009 2 1 19 0010 
1 28 19 19 12 88 51 1017 1013 2 1 13 0100 
1 30 19 19 9 94 29 1019 1014 4 0 13 0100 
1 26 19 19 11 100 39 1016 1012 3 0 11 0010 
1 25 19 19 14 100 50 1015 1012 3 0 14 0001 
1 26 18 19 17 100 57 1017 1013 3 1 13 0100 
1 26 15 19 5 100 26 1016 1011 4 0 14 0100 
1 24 13 12 10 88 41 1013 1009 3 1 21 1000 
1 25 12 19 8 82 34 1012 1008 4 1 23 1000 
1 24 15 15 8 82 36 1014 1010 2 1 10 0010 
1 23 16 16 12 94 53 1015 1012 3 1 19 0010 
1 21 16 17 13 100 60 1016 1012 3 1 11 0010 
1 22 17 19 17 100 83 1017 1013 2 0 10 0100 
1 24 16 18 13 100 50 1015 1011 4 0 14 0100 
1 25 13 13 6 82 29 1014 1011 6 1 14 1000 
1 24 13 18 3 94 25 1016 1013 7 1 11 1000 
1 24 12 10 1 77 22 1018 1014 6 1 23 1000 
1 22 10 8 5 72 33 1016 1012 5 1 14 1000 
1 23 10 9 5 82 31 1016 1012 5 1 11 1000 
1 22 11 9 5 82 33 1018 1013 4 1 13 0100 
1 22 10 11 8 88 41 1019 1014 3 1 13 0100 
1 21 10 11 8 94 46 1017 1013 2 0 10 0100 
1 22 10 12 8 88 43 1016 1012 2 0 8 0100 
1 22 10 13 8 100 41 1018 1013 3 0 8 0100 
1 22 9 12 9 100 43 1017 1013 2 0 10 0100 
1 22 9 11 8 100 43 1015 1010 3 0 13 0100 
1 22 10 11 8 100 41 1014 1009 3 0 23 0100 
1 20 10 9 1 94 28 1013 1009 3 0 14 0100 
1 19 7 6 3 76 37 1012 1008 5 1 19 1000 
1 22 8 9 5 82 35 1009 1007 5 2 23 1000 
1 23 9 9 1 94 23 1014 1009 5 1 11 0100 
1 22 9 8 4 87 33 1016 1013 5 1 16 0100 
1 21 8 9 5 87 38 1017 1013 5 1 16 1000 
1 23 9 11 6 93 33 1017 1013 5 0 13 0100 
1 24 10 11 6 94 31 1017 1013 7 0 11 0100 
1 20 8 11 7 93 46 1016 1013 2 1 14 0100 
1 21 7 10 4 100 35 1020 1017 4 0 16 0100 
1 21 6 7 4 100 33 1020 1016 5 1 23 0100 
1 20 7 8 3 81 40 1017 1012 3 1 14 0100 
1 23 8 8 -1 93 22 1012 1008 4 0 8 0100 
1 22 10 9 5 82 33 1013 1009 3 1 19 1000 
1 23 11 11 7 88 36 1016 1012 3 1 11 0100 
1 16 8 12 8 100 77 1016 1012 1 0 11 0100 
1 17 7 13 7 100 72 1018 1013 1 0 11 0100 
1 20 6 13 3 100 35 1018 1014 3 0 14 0100 
1 15 9 13 9 100 72 1019 1014 1 0 14 0010 
1 19 10 15 10 100 64 1017 1013 2 0 8 0010 
1 19 14 16 13 100 73 1015 1010 3 0 19 0010 
1 16 10 14 10 100 72 1015 1012 4 1 21 0010 
