1 12.0 8.0 77 1016 0.7 
1 12.0 8.0 77 1016 0.6 
1 11.0 9.0 88 1016 0.6 
1 10.0 9.0 94 1016 0.4 
1 10.0 9.0 94 1016 0.5 
1 9.0 8.0 93 1016 0.6 
1 9.0 8.0 93 1016 0.6 
1 9.0 8.0 93 1016 0.5 
1 10.0 9.0 94 1017 0.4 
1 12.0 10.0 88 1017 0.6 
1 14.0 10.0 77 1018 0.7 
1 16.0 11.0 72 1018 0.9 
1 16.0 11.0 72 1017 1.2 
1 18.0 8.0 52 1016 1.4 
1 18.0 8.0 52 1015 1.5 
1 19.0 8.0 49 1014 1.1 
1 17.0 10.0 63 1015 1.1 
1 17.0 11.0 68 1014 1.0 
1 14.0 11.0 82 1015 0.7 
1 13.0 11.0 88 1015 0.5 
1 13.0 10.0 82 1015 0.5 
1 12.0 10.0 88 1016 0.3 
1 12.0 10.0 88 1015 0.3
1 19.0 8.0 49 1014 1.1 
 
