1 9.0 9.0 100 1014 0 
1 8.0 8.0 100 1014 0 
1 8.0 8.0 100 1014 0 
1 8.0 8.0 100 1014 0 
1 8.0 8.0 100 1014 0.0 
1 8.0 8.0 100 1014 0.0 
1 7.0 7.0 100 1015 0.0 
1 7.0 7.0 100 1015 0.1 
1 7.0 7.0 100 1016 0.1 
1 7.0 7.0 100 1017 0.0 
1 7.0 7.0 100 1018 0.2 
1 8.0 8.0 100 1018 0 
1 11.0 11.0 100 1018 1.2 
1 15.0 10.0 72 1017 1.5 
1 16.0 10.0 68 1017 1.5 
1 16.0 10.0 68 1017 1.0 
1 14.0 10.0 77 1017 1.0 
1 12.0 10.0 88 1016 0.7 
1 12.0 10.0 88 1017 0.5 
1 11.0 9.0 88 1017 0.4 
1 11.0 9.0 88 1018 0.4 
1 9.0 8.0 93 1018 0.4 
1 9.0 8.0 93 1017 0.2 
1 12.0 10.0 88 1017 0.5
