1 21 9 15 8 100 49 1019 1015 2 0 11 0100 
1 15 12 15 9 100 77 1020 1016 3 0 16 0010 
1 17 12 14 12 100 77 1019 1016 1 0 13 0010 
1 18 10 13 9 100 59 1022 1018 2 0 19 0100 
1 20 8 10 6 100 46 1019 1013 4 0 21 0100 
1 16 9 9 7 94 59 1017 1014 2 0 16 0100 
1 12 6 11 6 100 67 1017 1014 1 0 13 0100 
1 10 7 9 7 100 87 1020 1016 1 0 11 0100 
1 15 7 9 7 100 63 1021 1018 1 0 10 0100 
1 17 7 12 5 100 45 1019 1016 3 0 13 0100 
1 15 7 10 6 100 55 1020 1017 2 0 13 0100 
1 16 7 12 7 100 63 1021 1017 1 0 10 0100 
1 17 6 11 6 100 63 1019 1014 2 0 19 0100 
1 15 10 11 9 100 72 1019 1013 1 0 21 0010 
1 18 5 10 5 100 52 1021 1017 2 0 11 0100 
1 18 8 16 8 100 55 1021 1018 2 0 11 0100 
1 21 7 18 7 100 52 1021 1017 3 0 13 0100 
1 21 6 13 6 100 43 1019 1017 3 0 16 0100 
1 19 9 17 8 100 49 1020 1016 2 0 11 0100 
1 17 10 13 8 100 59 1022 1018 1 0 16 0100 
1 17 10 13 9 100 68 1023 1019 1 1 161 1000 
1 13 11 13 10 100 82 1021 1018 1 0 19 0010 
1 19 12 19 10 100 63 1021 1018 3 1 14 0100 
1 15 10 12 9 100 72 1022 1018 2 0 14 0100 
1 17 9 14 9 100 59 1022 1018 1 0 14 0100 
1 15 11 15 10 100 77 1022 1018 1 0 13 0010 
1 17 9 14 7 100 59 1021 1018 2 0 16 0100 
1 16 8 12 5 100 48 1020 1016 4 0 19 0100 
1 17 5 11 3 100 39 1021 1017 5 0 19 0100 
1 19 6 9 3 100 35 1022 1019 5 0 23 0100 
1 20 6 10 4 100 37 1020 1015 5 1 21 0100 
1 22 9 14 6 100 35 1019 1015 3 1 14 0100 
1 23 12 14 10 100 44 1020 1016 3 1 24 1000 
1 22 14 16 11 100 57 1023 1016 3 1 23 0010 
1 20 10 15 10 100 52 1025 1020 4 0 19 0100 
1 22 9 11 4 100 31 1022 1017 4 0 19 0100 
1 24 8 13 4 100 29 1021 1017 4 0 11 0100 
1 24 10 12 5 94 29 1020 1014 4 1 11 0100 
1 23 11 11 1 94 31 1019 1016 5 1 61 0100 
1 24 10 11 6 94 31 1021 1018 5 0 19 0100 
1 23 10 14 5 100 33 1023 1018 4 0 63 0100 
1 22 10 13 7 94 38 1019 1015 3 0 13 0100 
1 23 9 13 7 100 36 1018 1014 3 0 23 0100 
1 25 9 11 5 100 28 1015 1011 5 0 23 0100 
1 27 12 12 7 88 32 1013 1008 5 1 19 1000 
1 27 12 15 8 94 30 1015 1011 3 0 13 0100 
1 25 16 16 10 82 44 1017 1012 3 1 24 0100 
1 27 17 19 12 94 45 1014 1010 2 1 19 0100 
1 29 15 18 13 100 40 1014 1010 3 1 13 0100 
1 29 18 21 15 94 42 1014 1010 3 1 23 0001 
1 29 20 21 14 94 42 1016 1012 3 1 21 1000 
1 27 17 16 4 82 35 1017 1013 4 1 23 1000 
1 29 15 16 11 94 33 1016 1012 4 1 24 0100 
1 29 16 20 12 94 35 1017 1013 2 0 11 0100 
1 28 16 21 16 100 51 1014 1009 2 0 16 0100 
1 28 19 20 7 83 38 1012 1008 4 1 16 1000 
1 27 14 8 2 59 20 1012 1009 5 1 19 1000 
1 27 12 8 -1 72 16 1015 1011 4 1 16 1000 
1 28 14 10 2 63 20 1016 1012 4 2 19 1000 
1 21 15 18 9 100 46 1013 1009 4 1 27 0010 
1 22 14 17 13 100 57 1015 1009 4 1 24 0001 
1 21 13 15 11 94 56 1016 1012 4 0 16 0100 
1 23 11 12 7 100 36 1016 1012 5 0 21 0100 
1 25 12 15 6 94 32 1018 1014 4 0 13 0100 
1 27 16 14 8 88 30 1019 1015 5 1 16 0100 
1 26 14 18 10 100 36 1017 1011 5 0 21 0001 
1 24 15 16 11 100 44 1018 1014 5 1 21 0001 
1 23 14 14 3 88 29 1023 1016 5 2 19 0010 
1 24 9 11 5 87 31 1022 1017 4 0 19 0100 
1 25 11 12 8 88 34 1020 1017 4 0 14 0100 
1 27 13 15 8 88 30 1020 1016 4 1 16 0100 
1 28 15 15 7 88 26 1017 1013 3 1 11 0100 
1 27 17 16 12 88 39 1018 1013 4 2 19 0001 
1 20 15 15 10 88 59 1018 1012 4 3 19 0001 
1 25 15 17 12 88 50 1019 1015 4 2 19 1000 
1 26 15 16 12 94 42 1019 1014 5 0 23 0100 
1 25 13 13 11 88 41 1016 1012 5 0 23 0100 
1 29 15 14 7 88 26 1017 1014 6 1 21 1000 
1 30 15 14 8 88 25 1017 1014 5 1 19 0100 
1 31 17 16 12 88 31 1018 1014 5 1 16 0100 
1 32 18 17 12 83 29 1016 1012 5 1 21 0100 
1 34 18 17 11 88 24 1013 1009 8 1 23 0100 
1 34 18 18 9 100 21 1013 1009 5 1 11 1000 
1 34 21 18 11 78 24 1015 1011 4 1 14 1000 
1 36 20 20 13 100 25 1019 1012 4 1 23 0100 
1 35 23 17 10 69 23 1018 1011 5 3 26 0001 
1 35 19 16 9 83 20 1014 1008 5 1 13 1000 
1 29 23 16 9 54 32 1012 1007 4 2 23 1000 
1 27 20 18 15 88 51 1013 1008 4 1 23 0001 
1 31 20 19 15 83 38 1014 1009 4 2 19 1000 
1 33 20 19 12 88 29 1011 1006 4 1 14 1000 
1 34 22 16 12 69 28 1009 1003 4 3 23 0001 
1 29 20 22 16 100 48 1007 1003 6 2 19 0001 
1 25 18 19 16 94 57 1008 1004 6 1 14 0001 
1 29 17 20 13 100 37 1010 1006 4 1 11 0100 
1 32 19 18 12 83 29 1010 1007 4 1 14 1000 
1 29 20 18 13 73 40 1013 1008 4 3 23 1000 
1 33 20 18 10 83 24 1015 1011 5 1 14 1000 
1 32 19 15 10 73 26 1013 1010 6 1 19 1000 
1 34 20 16 11 78 24 1012 1008 5 1 23 1000 
1 37 21 16 9 69 19 1012 1007 4 1 23 0001 
1 26 22 20 12 83 42 1015 1010 4 2 23 0001 
1 30 19 18 15 94 40 1016 1012 5 2 23 1000 
1 32 22 18 15 78 36 1016 1011 4 2 19 1000 
1 34 22 21 15 83 32 1016 1011 4 1 16 1000 
1 31 22 18 14 73 35 1019 1014 4 2 23 1000 
1 36 20 20 13 94 26 1014 1005 5 1 23 0100 
1 38 22 17 11 69 21 1006 1002 4 1 14 1000 
1 41 22 18 10 78 15 1007 1004 4 1 13 1000 
1 39 28 17 10 42 21 1011 1006 3 2 19 1000 
1 39 26 20 4 65 11 1009 1005 5 2 19 1000 
1 38 23 10 3 44 11 1007 1003 4 2 23 1000 
1 39 24 12 3 44 11 1007 1004 5 2 16 1000 
1 40 26 12 3 36 10 1008 1004 4 1 14 1000 
1 36 26 15 10 42 25 1009 1004 2 1 24 1000 
1 33 24 17 13 53 35 1012 1007 3 2 27 1000 
1 37 25 18 14 57 29 1011 1006 4 2 23 1000 
1 37 25 21 12 58 29 1008 1004 4 2 26 0001 
1 36 25 19 14 65 27 1009 1005 4 3 16 1000 
1 40 26 17 12 54 20 1009 1003 4 3 23 1000 
1 39 26 18 10 48 21 1010 1005 5 2 23 1000 
1 39 24 19 5 73 14 1010 1006 5 2 16 0001 
1 41 24 15 2 57 9 1010 1006 4 1 14 1000 
1 39 23 17 2 69 10 1010 1007 4 1 16 1000 
1 41 23 14 5 57 11 1009 1004 3 1 19 1000 
1 45 28 11 1 31 7 1006 1002 5 1 27 1000 
1 43 27 9 4 24 9 1008 1003 5 2 19 1000 
1 43 28 9 4 30 10 1008 1003 4 1 23 1000 
1 42 27 13 6 42 12 1006 1002 3 1 14 1000 
1 43 30 13 6 29 12 1005 1001 5 2 23 1000 
1 39 29 17 11 45 20 1007 1002 3 2 27 0001 
1 38 26 19 15 61 25 1010 1004 4 2 24 1000 
1 34 24 22 17 89 41 1010 1006 5 2 19 0001 
1 37 23 18 15 69 27 1011 1007 5 2 14 1000 
1 37 25 20 12 69 28 1010 1006 4 1 19 0001 
1 37 23 18 15 69 27 1008 1003 4 1 14 1000 
1 40 26 18 13 61 21 1005 1000 4 2 19 1000 
1 44 31 18 10 40 13 1005 1000 4 2 19 1000 
1 42 25 20 9 61 16 1008 1001 4 1 37 0001 
1 43 22 19 10 83 14 1007 1002 4 1 23 1000 
1 45 28 20 4 58 9 1005 1000 5 2 21 1000 
1 44 29 13 3 37 8 1003 998 5 2 19 1000 
1 44 30 13 4 35 9 1001 996 4 3 24 1000 
1 43 30 11 5 25 12 1001 998 4 2 19 1000 
1 45 31 13 3 33 8 1001 997 4 2 23 1000 
1 46 32 9 1 20 6 1004 999 5 2 23 1000 
1 44 27 9 0 32 7 1006 1002 4 1 23 1000 
1 43 29 16 4 45 13 1004 1001 3 1 14 1000 
1 44 29 15 8 37 12 1006 1001 4 2 19 1000 
1 44 29 16 6 42 11 1007 1002 5 2 19 1000 
1 41 31 15 7 34 13 1005 1001 4 1 27 1000 
1 36 27 16 7 51 19 1006 1000 3 3 23 0001 
1 41 27 17 7 54 13 1007 1003 4 2 21 0001 
1 33 25 20 14 65 31 1008 1004 4 3 27 0001 
1 38 24 20 14 78 24 1008 1004 4 1 19 1000 
1 39 27 18 12 54 20 1008 1003 4 1 16 1000 
1 41 28 20 10 62 17 1006 1001 5 1 21 1000 
1 43 30 18 11 45 16 1004 999 5 2 16 1000 
1 44 30 19 8 51 12 1003 999 5 2 19 1000 
1 43 33 17 11 34 16 1003 1000 4 2 32 1000 
1 43 31 20 16 52 21 1004 999 5 3 26 1000 
1 43 31 20 15 49 21 1005 999 5 2 24 1000 
1 41 30 21 11 55 18 1004 997 4 3 23 1000 
1 39 24 23 16 94 26 1003 998 4 1 23 0001 
1 33 22 24 19 100 46 1004 999 4 2 23 0001 
1 37 27 24 20 84 39 1003 999 4 1 16 1000 
1 38 28 25 17 79 29 1003 999 4 1 23 1000 
1 39 27 24 19 84 31 1002 997 5 1 13 1000 
1 41 30 23 17 66 24 1002 997 4 2 14 1000 
1 42 32 25 18 56 25 1000 996 4 3 21 1000 
1 38 29 25 18 70 32 1002 997 4 2 23 1000 
1 35 25 25 21 89 44 1004 997 5 2 37 0010 
1 37 28 25 16 84 32 1000 994 4 2 23 1000 
1 40 27 25 21 84 33 998 995 4 2 26 0010 
1 36 25 26 22 89 47 999 994 3 1 14 0010 
1 30 23 24 19 89 70 997 995 4 1 16 0010 
1 39 26 25 19 94 33 998 995 4 1 21 0100 
1 38 28 23 20 70 39 1001 997 4 3 24 1000 
1 40 28 24 20 66 31 1004 1000 4 3 23 1000 
1 35 27 24 21 84 47 1007 1003 4 2 23 0010 
1 35 28 23 20 70 47 1007 1002 4 3 16 1000 
1 37 27 24 19 84 44 1006 1001 4 3 23 1000 
1 39 28 23 18 66 29 1005 1000 4 3 21 0001 
1 41 28 24 19 74 29 1003 1000 4 3 34 1000 
1 38 27 25 22 79 44 1002 999 4 2 24 1000 
1 38 33 24 20 55 39 999 996 4 1 19 1000 
1 35 26 25 22 94 49 1001 997 4 2 19 0010 
1 33 25 26 23 100 59 1001 998 2 1 19 0001 
1 35 27 26 22 94 56 1002 999 3 1 16 0100 
1 33 26 27 23 94 59 1003 998 3 0 14 0010 
1 28 26 27 22 100 78 1002 998 2 1 19 0010 
1 26 24 26 22 100 89 1002 1000 1 0 16 0001 
1 26 25 26 24 100 89 1003 998 1 1 32 0010 
1 33 25 26 22 94 55 1004 1001 6 1 11 1000 
1 36 28 26 23 89 50 1003 998 5 3 19 1000 
1 37 28 26 22 84 44 999 995 5 4 24 1000 
1 37 29 27 22 79 47 998 994 5 3 23 1000 
1 33 29 27 25 89 66 1000 997 3 1 16 0010 
1 33 28 27 24 94 66 1001 997 3 1 11 1000 
1 33 26 27 23 94 59 1001 997 4 1 14 0001 
1 32 25 26 23 100 66 1002 998 4 1 16 0001 
1 35 27 27 23 89 59 1003 1000 5 2 14 1000 
1 35 28 27 24 94 56 1005 1000 4 2 19 1000 
1 34 28 27 24 89 59 1005 1001 4 2 16 1000 
1 34 28 27 23 89 59 1005 1000 3 2 19 1000 
1 35 28 27 25 89 56 1003 998 4 1 21 0001 
1 32 28 27 23 89 66 1002 999 4 1 23 0001 
1 33 26 26 22 89 55 1003 1000 5 3 23 0010 
1 33 26 24 20 89 52 1003 1000 5 2 21 1000 
1 31 25 25 21 89 66 1002 997 4 2 26 1000 
1 30 26 25 23 94 66 1001 999 4 2 19 1000 
1 31 25 25 23 100 62 1003 1000 3 1 14 1000 
1 31 25 25 23 94 66 1005 1002 4 2 14 0001 
1 33 26 26 22 89 59 1007 1004 4 2 21 1000 
1 35 26 26 23 94 49 1006 1001 5 2 14 0001 
1 35 27 26 22 89 47 1004 999 4 4 11 0001 
1 34 27 26 25 94 59 1002 999 3 1 19 0001 
1 34 27 27 24 94 56 1001 999 3 1 14 0001 
1 34 26 27 25 94 59 1003 1000 4 1 16 1000 
1 32 26 27 24 100 66 1005 1002 2 1 14 0100 
1 29 26 27 25 100 79 1004 999 2 0 13 0001 
1 34 27 27 25 89 63 1004 1000 4 1 16 0001 
1 33 26 28 25 100 71 1006 1001 4 2 19 0001 
1 35 26 27 24 94 53 1007 1003 4 2 16 1000 
1 35 28 27 25 94 56 1006 1002 4 3 13 1000 
1 33 29 27 25 89 66 1005 1002 4 3 100 1000 
1 31 26 28 25 100 79 1006 1003 4 1 14 0001 
1 34 25 26 24 100 59 1007 1003 5 1 11 0010 
1 35 27 27 25 100 56 1005 1001 4 2 16 0001 
1 35 25 26 24 94 59 1005 1002 4 2 24 0001 
1 35 25 27 24 94 56 1006 1003 5 3 23 0001 
1 34 27 25 23 84 56 1005 1002 5 3 23 1000 
1 33 27 26 22 84 59 1005 1002 4 3 19 1000 
1 33 26 26 22 84 59 1004 1001 5 3 19 1000 
1 35 24 26 22 94 53 1004 1001 5 2 21 1000 
1 34 25 25 22 94 56 1006 1002 4 1 19 1000 
1 36 26 25 22 84 49 1004 1001 4 3 23 1000 
1 35 27 26 23 84 53 1005 1001 6 3 23 1000 
1 36 27 26 22 84 44 1006 1002 4 3 14 1000 
1 37 28 26 23 89 47 1007 1003 3 1 11 1000 
1 37 27 25 22 89 42 1005 1001 4 2 16 1000 
1 36 29 26 22 84 44 1005 1001 4 2 23 1000 
1 35 28 24 21 74 44 1006 1002 5 4 19 1000 
1 35 27 24 20 74 41 1004 1001 5 3 23 1000 
1 34 27 24 20 74 44 1005 1002 4 3 24 1000 
1 34 26 23 19 79 44 1009 1005 4 3 23 1000 
1 36 25 22 16 74 30 1011 1008 5 2 23 1000 
1 36 26 22 15 70 28 1011 1007 5 4 23 1000 
1 36 25 21 17 74 34 1010 1006 4 3 23 1000 
1 36 25 21 15 74 28 1009 1006 5 4 23 1000 
1 36 25 22 18 78 36 1009 1006 5 3 21 1000 
1 36 24 22 17 83 34 1009 1006 5 3 19 1000 
1 36 25 22 17 83 32 1011 1007 6 2 63 1000 
1 36 25 22 18 74 39 1010 1006 5 2 23 1000 
1 37 26 25 17 83 30 1010 1006 5 1 14 1000 
1 37 26 25 19 89 35 1011 1005 4 2 11 1000 
1 37 27 25 18 84 37 1008 1003 3 1 21 1000 
1 37 27 26 20 84 37 1007 1003 4 2 11 1000 
1 36 28 25 20 84 39 1007 1003 3 2 21 1000 
1 36 28 25 20 74 41 1008 1004 3 2 93 1000 
1 34 28 25 23 79 52 1009 1005 4 2 21 1000 
1 35 26 27 24 100 53 1007 1003 3 1 14 0001 
1 36 27 26 22 89 44 1006 1002 4 2 16 1000 
1 35 26 25 21 84 47 1006 1002 4 3 16 1000 
1 34 26 25 22 89 49 1005 1002 5 4 21 1000 
1 32 25 23 21 89 55 1010 1005 9 4 24 1000 
1 34 24 22 15 89 32 1008 1005 6 3 23 1000 
1 35 23 19 15 73 32 1007 1004 6 3 21 1000 
1 35 25 21 17 69 36 1008 1005 5 3 19 1000 
1 34 25 22 18 83 41 1010 1007 5 2 16 1000 
1 34 23 22 17 89 38 1012 1009 5 3 21 1000 
1 34 22 21 16 88 34 1014 1009 5 2 19 1000 
1 35 21 21 13 88 26 1015 1011 6 3 21 1000 
1 35 21 20 12 83 25 1015 1012 6 3 14 1000 
1 35 21 20 11 88 24 1015 1010 5 2 14 1000 
1 36 21 21 15 83 28 1012 1008 5 3 16 1000 
1 37 22 20 12 83 22 1013 1009 9 3 19 1000 
1 37 23 18 11 69 22 1014 1009 6 3 14 1000 
1 35 23 20 16 69 32 1013 1008 4 2 19 1000 
1 34 22 21 17 88 38 1012 1009 5 1 23 1000 
1 35 23 22 13 94 26 1011 1007 5 1 19 1000 
1 35 22 19 12 78 25 1008 1004 6 2 23 1000 
1 37 23 17 10 65 19 1008 1004 5 3 23 1000 
1 36 24 18 10 61 20 1012 1007 5 3 24 1000 
1 36 23 19 14 73 34 1014 1010 5 3 16 1000 
1 35 24 23 19 94 44 1014 1010 4 2 14 1000 
1 34 24 22 18 74 44 1016 1012 4 2 21 0001 
1 34 21 20 17 88 38 1017 1013 4 2 13 1000 
1 35 24 20 14 78 28 1017 1013 4 1 16 1000 
1 35 23 20 16 83 34 1016 1011 3 1 14 1000 
1 34 23 20 14 78 30 1016 1013 3 1 11 1000 
1 36 23 20 15 83 30 1016 1011 4 1 13 0100 
1 36 25 20 13 74 25 1013 1009 4 1 14 1000 
1 33 22 19 12 78 29 1014 1011 3 1 13 1000 
1 32 18 15 7 78 21 1015 1011 4 2 14 1000 
1 32 17 14 10 77 26 1015 1012 4 1 16 1000 
1 33 18 14 10 73 24 1014 1010 4 1 10 1000 
1 33 20 15 10 64 26 1016 1011 3 1 19 1000 
1 31 21 16 10 65 27 1018 1014 5 2 23 1000 
1 31 19 15 12 73 31 1017 1010 4 2 13 1000 
1 26 18 15 8 77 38 1018 1013 4 2 19 1000 
1 27 14 14 10 88 37 1018 1016 3 2 11 1000 
1 28 17 16 11 88 35 1019 1016 4 1 11 1000 
1 29 17 16 12 88 35 1019 1015 1 1 11 0100 
1 30 18 16 12 83 33 1020 1014 2 1 11 0100 
1 31 18 17 13 83 35 1019 1014 3 1 8 0100 
1 30 20 16 12 73 35 1018 1013 2 1 10 1000 
1 31 18 16 11 83 29 1016 1011 3 0 11 0100 
1 27 19 17 13 83 45 1016 1011 3 1 19 1000 
1 28 17 17 14 88 48 1015 1012 3 1 11 1000 
1 27 16 18 13 100 51 1017 1013 1 0 11 0100 
1 28 20 16 13 73 42 1019 1015 2 1 14 1000 
1 29 19 16 11 78 33 1019 1013 2 1 11 1000 
1 29 18 17 14 88 40 1017 1012 2 1 82 0100 
1 28 17 16 8 83 28 1017 1013 3 0 19 0100 
1 29 16 15 10 77 30 1018 1014 3 1 19 0100 
1 29 17 15 12 82 35 1018 1013 2 1 19 0100 
1 29 17 16 13 82 37 1015 1011 4 1 14 0100 
1 32 17 15 8 82 22 1015 1011 3 1 11 0100 
1 29 20 12 6 60 26 1015 1012 3 1 16 1000 
1 28 15 10 4 63 23 1015 1012 5 1 19 1000 
1 27 12 9 5 72 24 1018 1015 3 1 13 1000 
1 27 12 10 5 82 24 1020 1016 2 1 13 0100 
1 27 12 13 7 82 28 1019 1015 2 1 11 0100 
1 27 13 12 7 88 28 1018 1014 3 0 8 0100 
1 29 13 12 4 88 21 1018 1013 3 1 13 0100 
1 29 12 12 5 82 23 1019 1014 3 1 8 0100 
1 27 12 12 8 82 30 1019 1014 2 1 13 0100 
1 27 13 10 6 82 26 1017 1014 4 1 23 1000 
1 28 13 10 4 77 23 1016 1011 4 1 14 1000 
1 22 12 16 5 83 50 1013 1010 4 1 16 0100 
1 23 15 17 11 94 50 1017 1012 1 0 16 0100 
1 25 14 17 13 94 47 1021 1016 1 0 11 0100 
1 26 15 19 15 100 61 1020 1015 1 0 10 0100 
1 36 14 16 13 94 25 1017 1013 1 0 10 0100 
1 25 15 16 9 94 38 1018 1014 2 0 11 0100 
1 24 12 13 9 94 44 1019 1015 1 0 19 0100 
1 26 12 13 7 94 30 1017 1014 2 0 16 0100 
1 27 11 12 7 94 30 1018 1015 2 0 10 0100 
1 26 13 15 10 94 36 1018 1015 2 0 10 0100 
1 25 13 16 10 94 39 1020 1015 2 0 13 0100 
1 27 13 15 9 94 34 1019 1013 2 0 11 0100 
1 23 13 16 10 94 34 1019 1006 2 0 23 0100 
1 26 13 15 11 94 32 1016 1010 2 0 14 0100 
1 24 13 15 11 94 46 1014 1009 2 0 100 0100 
1 16 11 13 11 100 80 1017 1013 1 0 14 0100 
1 21 7 11 3 100 31 1019 1014 4 0 14 0100 
1 21 7 6 2 93 21 1021 1015 4 0 19 0100 
1 22 7 7 1 81 16 1019 1014 5 1 19 1000 
1 23 6 6 -1 87 13 1020 1014 4 0 10 0100 
1 21 7 8 3 91 31 1019 1015 3 0 13 0100 
1 21 7 8 5 93 25 1021 1017 2 0 19 0100 
1 21 6 7 2 93 21 1021 1017 4 0 14 0100 
1 21 6 7 3 96 21 1021 1016 3 0 14 0100 
1 19 6 8 4 87 30 1021 1016 2 0 10 0100 
1 21 6 9 4 93 37 1023 1019 2 0 10 0100 
1 19 7 11 7 94 48 1023 1019 2 0 11 0100 
1 19 7 12 1 100 29 1023 1019 4 0 21 0100 
1 18 5 6 2 93 21 1025 1020 4 0 16 0100 
1 21 6 12 2 87 28 1023 1018 3 0 19 0100 
1 22 7 8 1 82 15 1023 1019 3 0 21 0100 
1 24 9 9 1 93 12 1023 1020 2 0 200 0100 
1 24 9 10 6 94 23 1022 1016 3 0 23 0100 
1 25 9 10 6 94 20 1021 1016 2 0 11 0100 
1 24 8 12 3 94 25 1023 1018 3 0 11 0100 
