1 19 6 12 6 100 49 1023 1019 1 0 8 0.00 0100 
1 22 7 11 2 100 27 1024 1020 1 0 14 0.00 0100 
1 21 5 10 5 100 40 1023 1019 2 0 13 0.00 0100 
1 22 7 13 4 100 31 1022 1019 1 0 13 0.00 0100 
1 20 4 10 4 100 43 1021 1015 1 0 10 0.00 0100 
1 22 7 11 5 94 33 1021 1017 3 0 13 0.00 0100 
1 21 4 10 4 100 38 1021 1018 3 0 8 0.00 0100 
1 23 6 9 3 93 27 1021 1018 2 0 14 0.00 0100 
1 21 7 10 6 100 40 1023 1018 2 0 159 0.00 0100 
1 22 7 11 4 100 35 1022 1018 2 0 14 0.00 0100 
1 23 6 10 3 100 29 1019 1013 2 0 29 0.00 0100 
1 24 9 10 3 72 29 1016 1012 3 1 23 0.00 1000 
1 22 11 9 7 82 43 1015 1011 1 0 19 0.00 0100 
1 22 15 10 7 63 41 1013 1009 2 1 23 0.00 1000 
1 18 13 12 7 77 55 1011 1008 2 1 23 0.00 0001 
1 16 14 14 10 88 72 1015 1011 2 1 14 0.00 1000 
1 19 10 13 8 100 64 1015 1011 1 0 13 0.00 0100 
1 19 13 13 9 94 56 1014 1010 2 0 19 0.00 0001 
1 20 9 12 6 100 46 1016 1013 2 0 14 0.00 0100 
1 20 8 8 -1 87 24 1018 1014 5 1 19 0.00 0100 
1 19 9 6 -2 76 26 1018 1014 6 1 23 0.00 1000 
1 19 6 9 3 88 37 1017 1013 3 1 16 0.00 0100 
1 19 7 6 2 87 32 1017 1013 3 0 24 0.00 0100 
1 21 7 6 1 81 28 1015 1012 5 0 23 0.00 0100 
1 24 9 10 3 82 27 1014 1010 5 1 11 0.00 0100 
1 23 14 11 4 82 31 1012 1010 5 1 23 0.00 1000 
1 17 11 10 5 77 48 1015 1010 2 1 24 0.00 0010 
1 19 6 11 2 100 32 1019 1015 4 0 19 0.00 0100 
1 19 7 8 3 87 37 1021 1018 4 0 19 0.00 0100 
1 21 7 7 1 87 28 1021 1018 4 0 21 0.00 0100 
1 22 7 6 1 82 27 1021 1018 4 1 14 0.00 0100 
1 22 7 6 2 82 27 1022 1017 3 1 13 0.00 0100 
1 23 7 7 2 87 25 1020 1016 5 1 21 0.00 0100 
1 21 8 7 1 81 27 1019 1015 4 0 29 0.00 0100 
1 22 6 6 0 71 27 1018 1014 5 1 19 0.00 1000 
1 21 10 8 3 76 31 1017 1012 3 1 19 0.00 1000 
1 24 11 10 4 88 29 1015 1010 4 0 16 0.00 0100 
1 22 13 9 2 63 27 1014 1010 5 1 19 0.00 1000 
1 20 8 13 -1 71 36 1017 1012 3 1 23 0.00 1000 
1 19 6 4 -5 81 19 1022 1017 6 0 23 0.00 0100 
1 20 7 6 -3 66 26 1021 1015 4 1 19 0.00 1000 
1 15 10 10 4 88 48 1016 1011 3 0 26 0.00 0010 
1 19 11 11 8 88 52 1022 1016 3 1 14 0.00 0100 
1 22 9 9 5 93 40 1022 1018 5 0 26 0.00 0100 
1 23 9 11 5 82 31 1020 1017 5 0 23 0.00 0100 
1 24 9 13 5 87 34 1019 1012 4 0 19 0.00 0100 
1 27 12 12 5 82 26 1017 1014 4 0 11 0.00 0100 
1 28 14 13 9 77 32 1018 1015 5 1 14 0.00 1000 
1 30 15 14 6 82 22 1021 1017 5 0 13 0.00 0100 
1 30 15 14 3 73 18 1021 1016 6 1 19 0.00 1000 
1 26 13 11 5 77 26 1018 1015 4 0 16 0.00 0100 
1 30 14 12 5 72 20 1018 1015 6 1 10 0.00 1000 
1 30 18 15 7 64 23 1018 1015 5 2 19 0.00 0001 
1 24 17 11 4 56 29 1020 1015 6 3 34 0.00 1000 
1 26 13 11 7 77 32 1017 1012 5 1 23 0.00 0010 
1 24 11 10 4 82 27 1019 1014 5 1 14 0.00 1000 
1 24 12 12 6 77 34 1019 1015 3 0 24 0.00 1000 
1 25 12 12 7 82 32 1016 1013 6 0 23 0.00 0100 
1 25 12 11 6 82 32 1015 1011 5 0 19 0.00 0100 
1 27 17 12 6 68 32 1014 1009 4 2 35 0.00 1000 
1 21 14 13 8 88 49 1013 1008 3 1 27 0.00 0010 
1 25 12 12 4 88 27 1017 1013 5 0 29 0.00 0100 
1 25 11 9 4 72 26 1015 1011 5 0 34 0.00 0100 
1 27 12 8 -8 72 15 1015 1012 6 2 32 0.00 1000 
1 28 12 8 3 63 20 1015 1012 5 2 19 0.00 1000 
1 29 11 11 1 72 17 1014 1010 5 1 14 0.00 1000 
1 29 15 11 3 63 20 1014 1010 5 2 19 0.00 1000 
1 29 19 15 8 64 35 1015 1011 4 2 24 0.00 1000 
1 30 19 16 6 68 22 1017 1012 4 1 27 0.00 1000 
1 27 13 12 6 82 26 1018 1013 5 2 34 0.00 1000 
1 28 14 12 7 77 28 1017 1013 4 1 23 0.00 1000 
1 29 17 13 3 72 19 1018 1013 4 1 19 0.00 1000 
1 30 15 11 5 68 20 1016 1012 6 1 23 0.00 1000 
1 31 16 12 5 68 19 1014 1010 6 1 26 0.00 1000 
1 33 17 12 3 64 16 1013 1009 6 2 27 0.00 1000 
1 33 17 11 5 63 17 1013 1010 6 2 27 0.00 1000 
1 34 17 14 7 72 19 1016 1012 6 2 21 0.00 1000 
1 37 18 15 11 73 24 1016 1011 6 1 19 0.00 1000 
1 36 19 14 7 68 18 1014 1009 5 1 14 0.00 1000 
1 35 21 15 7 60 21 1010 1005 4 1 26 0.00 1000 
1 35 21 13 8 56 20 1010 1006 7 1 19 0.00 1000 
1 35 19 14 9 68 21 1009 1004 6 1 23 0.00 1000 
1 36 23 15 9 54 21 1005 1000 5 1 23 0.00 1000 
1 33 23 16 9 54 26 1005 1000 5 2 29 0.00 1000 
1 34 21 16 9 73 21 1008 1004 3 1 19 0.00 1000 
1 33 20 14 4 68 16 1010 1007 5 1 19 0.00 1000 
1 33 17 12 4 72 16 1011 1008 5 1 24 0.00 1000 
1 36 18 11 6 59 18 1012 1008 7 1 32 0.00 1000 
1 37 19 11 2 53 11 1011 1007 9 2 21 0.00 1000 
1 39 23 13 3 50 11 1010 1006 5 2 16 0.00 1000 
1 37 25 18 3 54 12 1012 1007 6 2 34 0.00 1000 
1 34 23 18 9 65 24 1010 1006 5 2 23 0.00 1000 
1 34 19 13 1 68 12 1009 1006 5 1 19 0.00 1000 
1 37 19 7 1 43 10 1010 1004 5 1 23 0.00 1000 
1 40 23 12 3 38 10 1010 1005 5 1 16 0.00 1000 
1 41 25 17 5 44 11 1010 1006 3 2 23 0.00 1000 
1 37 27 17 7 54 17 1011 1007 4 1 34 0.00 1000 
1 35 21 14 9 60 21 1012 1008 6 2 29 0.00 1000 
1 35 23 12 9 47 20 1011 1006 5 2 23 0.00 1000 
1 35 21 12 4 53 14 1008 1004 5 2 27 0.00 1000 
1 37 21 11 3 53 12 1008 1005 8 1 26 0.00 1000 
1 39 23 11 2 47 10 1010 1007 6 2 23 0.00 1000 
1 39 25 15 8 40 17 1011 1007 4 2 14 0.00 1000 
1 41 26 16 5 51 12 1009 1004 4 1 23 0.00 1000 
1 40 26 14 6 39 12 1008 1005 7 1 19 0.00 1000 
1 40 27 15 4 48 12 1008 1003 4 1 23 0.00 1000 
1 39 24 14 5 39 12 1008 1005 5 1 23 0.00 1000 
1 40 25 11 5 41 12 1007 1003 5 1 26 0.00 1000 
1 35 25 11 4 32 15 1007 1004 4 1 19 0.00 1000 
1 43 27 9 4 30 9 1009 1004 5 1 19 0.00 1000 
1 43 29 9 4 27 10 1006 1001 5 1 21 0.00 1000 
1 43 28 8 5 23 10 1004 1000 5 1 26 0.00 1000 
1 42 30 16 6 36 14 1006 1001 3 2 23 0.00 1000 
1 39 28 19 15 58 24 1006 1000 3 2 26 0.00 1000 
1 41 27 20 3 55 10 1005 998 3 1 47 0.00 1000 
1 36 22 16 4 64 14 1008 1004 5 1 27 0.00 1000 
1 42 23 9 2 41 10 1007 999 4 1 23 0.00 1000 
1 42 29 13 3 37 10 1002 997 3 1 26 0.00 1000 
1 39 26 14 0 37 10 1005 1002 5 1 27 0.00 1000 
1 41 23 7 1 29 9 1005 1000 5 1 14 0.00 1000 
1 38 27 18 7 43 23 1003 1000 2 1 29 0.00 1000 
1 40 27 19 12 58 23 1006 1001 3 1 19 0.00 0001 
1 42 26 22 7 74 13 1007 1003 3 1 19 0.00 1000 
1 43 28 11 7 33 11 1005 1000 3 1 37 0.00 1000 
1 41 29 17 8 36 16 1005 999 3 1 19 0.00 1000 
1 43 31 16 8 35 14 1002 998 2 1 29 0.00 1000 
1 40 30 21 10 58 23 1005 1000 2 1 34 0.00 1000 
1 45 29 19 8 51 11 1002 999 2 1 27 0.00 1000 
1 46 31 10 5 23 10 1005 1001 2 2 37 0.00 1000 
1 46 33 12 4 20 10 1004 998 3 2 34 0.00 1000 
1 46 29 10 3 29 9 999 994 3 2 27 0.00 1000 
1 45 29 19 4 31 10 1000 995 3 1 27 0.00 1000 
1 43 34 25 12 42 23 1002 998 3 2 23 0.00 1000 
1 45 33 23 19 52 22 1003 998 2 2 23 0.00 1000 
1 42 32 24 21 59 32 1007 1000 2 2 26 0.00 1000 
1 41 33 25 21 59 31 1002 998 2 2 19 0.00 1000 
1 45 31 23 5 62 9 1000 995 3 1 27 0.00 1000 
1 47 29 26 3 33 9 997 990 3 1 26 0.00 1000 
1 43 32 16 2 26 14 992 990 2 1 29 0.00 1000 
1 44 31 10 4 22 10 995 991 2 1 16 0.00 1000 
1 43 28 13 1 37 9 1001 994 3 1 27 0.00 1000 
1 45 23 7 1 29 9 1003 996 4 1 37 0.00 1000 
1 45 31 17 4 26 12 1004 1000 3 2 29 0.00 1000 
1 45 34 19 7 32 13 1004 998 3 1 34 0.00 0001 
1 40 23 22 10 83 18 1007 999 3 1 34 0.00 0001 
1 34 23 22 17 78 43 1006 1000 4 1 27 0.00 0001 
1 40 23 24 14 89 33 1004 995 3 1 64 0.00 0001 
1 32 22 21 17 88 43 1006 1000 4 1 37 0.00 0001 
1 29 22 23 18 88 62 1011 1003 3 0 55 0.00 0001 
1 35 25 23 21 89 44 1007 1004 5 1 13 0.00 1000 
1 37 28 24 18 79 32 1007 1002 4 2 14 0.00 1000 
1 37 26 24 19 74 35 1006 1002 4 2 29 0.00 0001 
1 38 26 22 17 78 31 1006 1001 5 2 11 0.00 1000 
1 37 28 22 16 70 29 1006 1000 5 2 23 0.00 1000 
1 41 28 21 16 62 24 1003 998 5 1 23 0.00 1000 
1 41 26 21 11 74 24 1004 997 4 1 63 0.00 0001 
1 42 29 23 18 66 30 1001 997 4 2 60 0.00 1000 
1 40 31 26 22 66 35 1001 997 3 1 23 0.00 0010 
1 43 32 25 17 63 22 999 995 4 1 27 0.00 1000 
1 43 32 21 11 46 17 1001 996 5 2 27 0.00 1000 
1 43 31 25 13 66 17 1002 997 5 2 19 0.00 1000 
1 43 30 25 17 70 22 1003 996 3 2 23 0.00 1000 
1 37 29 26 20 70 39 1001 998 4 3 34 0.00 1000 
1 41 30 24 21 66 31 999 994 3 3 23 0.00 1000 
1 43 32 26 15 66 19 998 995 3 1 35 0.00 1000 
1 42 31 21 17 46 26 999 994 4 2 29 0.00 1000 
1 39 31 22 18 55 37 1001 998 5 2 23 0.00 1000 
1 40 29 24 19 62 33 1002 999 5 3 23 0.00 1000 
1 39 29 23 19 70 31 1001 996 6 3 24 0.00 1000 
1 39 27 24 19 84 31 1001 996 5 1 14 0.00 0001 
1 41 28 24 15 79 30 1000 995 5 1 26 0.00 1000 
1 41 30 23 19 66 28 998 992 5 2 24 0.00 1000 
1 42 31 24 17 62 23 996 993 4 3 29 0.00 1000 
1 40 31 26 23 70 38 1000 996 4 3 23 0.00 1000 
1 36 26 25 23 89 49 1003 998 5 0 60 0.00 0001 
1 37 28 26 23 84 44 1002 998 6 2 19 0.00 1000 
1 38 30 25 21 70 37 1003 999 6 3 32 0.00 0010 
1 34 29 25 22 74 52 1005 1001 4 3 26 0.00 0001 
1 36 29 26 23 74 50 1004 1000 5 3 23 0.00 1000 
1 38 30 27 22 84 39 1003 998 5 3 14 0.00 0001 
1 39 30 26 22 79 39 1000 995 4 3 19 0.00 1000 
1 41 31 24 20 66 31 999 994 4 3 26 0.00 1000 
1 41 33 24 21 55 33 999 996 4 3 34 0.00 1000 
1 41 31 24 20 58 33 999 995 4 4 26 0.00 1000 
1 40 31 26 20 75 33 999 995 5 3 14 0.00 1000 
1 37 27 24 20 79 41 1002 996 4 2 27 0.00 0001 
1 38 28 26 21 84 42 1001 998 4 3 26 0.00 0001 
1 40 31 26 19 70 31 1000 995 3 2 32 0.00 1000 
1 40 32 23 19 55 31 999 995 4 2 35 0.00 1000 
1 40 32 22 19 49 31 1000 995 4 3 23 0.00 1000 
1 41 31 22 15 55 23 1004 996 3 3 34 0.00 1000 
1 41 31 22 17 49 26 998 995 4 2 37 0.00 1000 
1 42 32 22 17 46 23 1000 996 4 2 26 0.00 1000 
1 42 33 22 10 46 22 1001 997 4 2 34 0.00 1000 
1 41 31 21 16 49 23 1001 997 5 2 34 0.00 1000 
1 41 31 24 17 53 26 1002 997 4 3 26 0.00 1000 
1 42 32 25 17 63 24 1002 998 5 2 23 0.00 1000 
1 41 32 23 19 55 30 1003 999 4 3 24 0.00 1000 
1 39 31 25 23 66 40 1004 999 4 3 24 0.00 1000 
1 40 29 27 23 84 38 1003 999 4 2 19 0.00 1000 
1 41 30 26 21 75 31 1001 995 4 2 27 0.00 0010 
1 38 31 24 20 66 35 999 994 3 2 26 0.00 1000 
1 38 32 21 18 49 31 999 995 3 2 26 0.00 1000 
1 38 32 22 19 55 37 1002 998 3 2 24 0.00 1000 
1 38 32 21 19 49 35 1001 998 3 2 34 0.00 1000 
1 39 32 25 19 63 35 1002 997 3 1 27 0.00 1000 
1 39 31 24 17 59 27 1001 996 3 1 29 0.00 1000 
1 40 30 24 14 59 30 1001 997 3 1 26 0.00 1000 
1 40 32 25 20 56 33 1003 998 3 2 27 0.00 1000 
1 40 31 25 20 59 33 1002 996 4 2 26 0.00 1000 
1 42 31 25 20 63 30 1000 996 3 2 21 0.00 1000 
1 39 29 26 21 79 35 1001 998 3 1 14 0.00 0010 
1 37 29 26 23 79 47 1003 999 3 1 14 0.00 1000 
1 38 29 26 21 84 37 1003 998 4 2 23 0.00 1000 
1 36 29 27 24 79 53 1001 997 4 3 29 0.00 1000 
1 34 28 27 24 84 63 1002 999 4 2 26 0.00 0010 
1 35 28 26 23 84 53 1001 997 3 2 23 0.00 1000 
1 31 27 27 25 89 70 1001 998 3 2 23 0.00 0010 
1 39 28 26 24 89 42 1002 996 4 3 23 0.00 1000 
1 38 29 28 25 79 47 1001 996 4 2 34 0.00 0001 
1 37 28 27 24 89 50 1000 996 3 2 16 0.00 0010 
1 36 29 26 23 84 49 999 997 3 2 19 0.00 0010 
1 34 29 26 22 84 52 1000 996 3 2 21 0.00 1000 
1 30 26 27 24 94 70 999 997 3 2 14 0.00 0010 
1 30 25 26 24 100 74 1000 997 3 1 19 0.00 0010 
1 32 27 27 24 89 62 1002 998 5 2 16 0.00 0010 
1 34 28 27 25 94 59 1001 997 4 2 11 0.00 0010 
1 35 29 27 23 89 49 1000 996 3 2 13 0.00 1000 
1 37 30 27 23 95 44 999 996 4 2 19 0.00 1000 
1 36 29 27 20 84 49 1001 998 4 2 19 0.00 1000 
1 36 28 27 23 89 47 1002 998 4 2 19 0.00 1000 
1 39 30 27 20 79 35 1000 997 4 3 19 0.00 1000 
1 34 25 26 19 89 55 1005 1000 4 2 29 0.00 0010 
1 32 25 25 21 84 62 1007 1004 4 2 14 0.00 0010 
1 34 27 26 24 89 56 1008 1005 4 1 14 0.00 1000 
1 34 28 28 22 89 52 1009 1005 5 2 37 0.00 1000 
1 34 27 26 23 89 52 1008 1004 5 2 26 0.00 0010 
1 34 26 25 21 94 46 1008 1005 8 3 23 0.00 1000 
1 32 27 26 22 89 59 1008 1004 5 3 23 0.00 0010 
1 34 28 26 22 74 52 1008 1004 6 3 26 0.00 1000 
1 29 26 26 23 94 74 1009 1005 5 1 14 0.00 0010 
1 35 26 26 24 94 53 1008 1004 5 2 14 0.00 1000 
1 35 28 26 23 89 53 1007 1003 5 2 26 0.00 1000 
1 36 27 26 22 89 44 1008 1004 5 3 19 0.00 1000 
1 35 28 26 23 84 53 1008 1004 4 2 23 0.00 1000 
1 32 26 26 21 94 55 1008 1003 5 2 23 0.00 0010 
1 33 25 26 22 94 63 1007 1002 4 1 26 0.00 0010 
1 33 25 24 22 89 55 1006 1003 4 3 23 0.00 1000 
1 26 21 23 19 94 74 1005 1003 4 1 23 0.00 0010 
1 27 22 24 14 94 47 1005 1002 3 1 13 0.00 0010 
1 30 23 24 21 94 58 1006 1003 4 1 11 0.00 1000 
1 33 24 24 20 94 52 1006 1002 4 1 24 0.00 0010 
1 32 24 25 21 89 59 1006 1003 4 1 16 0.00 0010 
1 29 23 23 20 94 62 1007 1004 5 1 23 0.00 1000 
1 25 24 25 21 100 83 1007 1004 3 1 16 0.00 0010 
1 26 23 24 20 94 74 1009 1003 3 1 19 0.00 0010 
1 33 24 25 22 94 52 1010 1006 4 1 19 0.00 1000 
1 33 26 25 12 84 42 1009 1005 4 1 10 0.00 1000 
1 32 25 25 20 89 52 1008 1005 4 1 19 0.00 0010 
1 33 26 25 20 94 49 1008 1005 4 1 21 0.00 1000 
1 33 26 26 19 94 49 1010 1007 3 1 16 0.00 1000 
1 34 23 23 15 78 36 1013 1008 6 2 26 0.00 0001 
1 33 25 23 20 89 46 1013 1008 5 1 24 0.00 1000 
1 34 23 24 19 89 41 1011 1006 5 2 19 0.00 1000 
1 33 26 25 22 89 52 1010 1006 4 2 13 0.00 1000 
1 33 26 25 21 89 52 1010 1004 4 2 11 0.00 1000 
1 35 26 25 16 84 32 1007 1003 5 1 11 0.00 1000 
1 33 26 23 20 83 49 1009 1006 3 2 26 0.00 1000 
1 35 22 20 13 83 26 1011 1007 4 2 29 0.00 1000 
1 34 22 21 15 83 32 1010 1007 5 2 26 0.00 1000 
1 35 23 22 18 83 36 1011 1008 3 1 14 0.00 1000 
1 35 24 22 17 83 34 1011 1008 3 0 19 0.00 1000 
1 35 23 19 11 78 23 1011 1008 5 2 23 0.00 1000 
1 36 21 18 12 78 23 1012 1009 5 2 21 0.00 1000 
1 35 22 18 12 69 25 1013 1009 5 1 23 0.00 1000 
1 37 22 17 7 65 16 1011 1007 5 2 19 0.00 1000 
1 38 23 18 10 73 18 1011 1007 4 1 10 0.00 1000 
1 38 23 20 7 73 15 1011 1005 5 1 13 0.00 1000 
1 37 23 20 13 78 24 1013 1002 5 1 13 0.00 1000 
1 35 25 21 18 74 36 1014 1010 3 1 11 0.00 1000 
1 33 22 21 1 78 23 1015 1011 4 1 19 0.00 1000 
1 34 23 21 17 78 36 1015 1012 5 2 11 0.00 1000 
1 33 24 21 19 78 43 1017 1012 5 2 14 0.00 1000 
1 33 24 21 19 78 46 1014 1008 4 2 10 0.00 1000 
1 33 21 20 13 78 41 1010 1006 4 0 40 0.00 0001 
1 31 21 20 15 78 38 1012 1009 5 2 155 0.00 1000 
1 32 22 20 17 88 40 1019 1009 5 1 13 0.00 1000 
1 33 23 20 17 78 38 1014 1010 5 1 10 0.00 1000 
1 34 23 20 18 83 41 1014 1009 5 1 8 0.00 1000 
1 33 23 21 15 78 34 1011 1007 3 1 11 0.00 1000 
1 32 22 22 15 83 43 1010 1006 4 1 10 0.00 1000 
1 33 22 21 14 88 31 1009 1005 2 1 11 0.00 0100 
1 35 22 20 16 78 32 1011 1008 4 1 10 0.00 1000 
1 33 22 20 17 78 38 1012 1009 2 1 19 0.00 1000 
1 31 22 20 15 78 38 1013 1009 3 1 23 0.00 1000 
1 31 18 15 9 73 25 1013 1009 5 1 23 0.00 1000 
1 30 18 15 10 73 29 1015 1011 3 0 23 0.00 1000 
1 32 17 16 9 77 24 1016 1012 5 1 23 0.00 1000 
1 32 18 15 11 64 27 1016 1012 5 1 14 0.00 1000 
1 33 19 15 10 68 26 1013 1010 3 1 19 0.00 1000 
1 33 18 18 10 73 24 1011 1007 3 1 11 0.00 1000 
1 34 19 16 9 69 21 1011 1008 3 1 11 0.00 1000 
1 33 20 17 12 78 28 1013 1010 3 1 16 0.00 1000 
1 32 21 18 13 73 33 1014 1011 3 1 13 0.00 1000 
1 32 20 17 11 78 27 1016 1012 3 0 8 0.00 1000 
1 33 19 17 11 88 27 1017 1013 2 0 11 0.00 1000 
1 31 19 16 11 68 29 1017 1014 3 1 11 0.00 1000 
1 31 17 19 9 83 25 1018 1013 3 1 11 0.00 1000 
1 31 17 15 11 82 31 1017 1013 3 0 8 0.00 0100 
1 29 20 16 14 73 40 1016 1013 3 1 13 0.00 1000 
1 30 18 16 12 83 33 1019 1015 4 1 11 0.00 1000 
1 29 17 17 13 78 37 1019 1015 3 1 14 0.00 1000 
1 28 18 16 14 83 42 1017 1014 2 1 8 0.00 0100 
1 30 17 16 8 83 27 1017 1012 3 1 11 0.00 1000 
1 29 16 14 9 77 29 1016 1011 5 1 19 0.00 1000 
1 25 18 16 13 83 50 1014 1011 3 1 14 0.00 0010 
1 27 16 16 11 94 37 1016 1012 3 0 14 0.00 0100 
1 27 15 13 10 82 34 1015 1011 5 1 26 0.00 1000 
1 27 14 11 8 77 30 1015 1010 5 1 19 0.00 1000 
1 29 14 13 8 77 27 1017 1013 5 1 19 0.00 1000 
1 29 15 14 8 68 30 1017 1013 5 1 19 0.00 1000 
1 30 15 19 9 77 29 1017 1012 4 1 14 0.00 1000 
1 30 15 19 8 78 25 1014 1010 5 1 8 0.00 1000 
1 29 15 11 4 72 20 1014 1011 4 1 13 0.00 1000 
1 28 13 10 4 72 21 1018 1014 3 1 10 0.00 1000 
1 27 13 9 4 72 23 1018 1013 4 1 11 0.00 1000 
1 28 12 8 4 72 21 1017 1011 4 1 19 0.00 1000 
1 25 16 11 8 64 34 1014 1011 3 1 14 0.00 1000 
1 28 14 9 2 67 19 1014 1009 4 1 19 0.00 1000 
1 28 10 7 3 71 20 1016 1012 3 1 10 0.00 1000 
1 27 11 7 0 67 17 1018 1013 4 1 13 0.00 1000 
1 27 11 5 1 67 18 1020 1015 4 1 11 0.00 1000 
1 26 10 7 2 72 21 1020 1014 3 1 23 0.00 1000 
1 25 10 7 4 71 28 1017 1013 4 1 16 0.00 1000 
1 26 9 7 3 76 23 1017 1011 4 1 14 0.00 1000 
1 25 9 8 4 82 26 1017 1014 3 1 14 0.00 0100 
1 25 9 9 2 76 22 1019 1014 3 1 8 0.00 1000 
1 25 12 7 3 62 25 1018 1014 2 1 11 0.00 1000 
1 25 10 7 5 82 28 1017 1014 3 0 10 0.00 1000 
1 25 13 8 5 72 28 1018 1015 2 1 8 0.00 1000 
1 27 12 11 4 82 24 1019 1015 2 1 10 0.00 0100 
1 27 12 8 4 67 24 1020 1016 4 1 10 0.00 0100 
1 24 10 8 1 82 23 1020 1016 5 1 23 0.00 1000 
1 23 7 6 1 87 23 1019 1015 4 1 14 0.00 0100 
1 25 10 6 3 71 24 1021 1016 2 1 11 0.00 1000 
1 26 11 9 4 71 24 1022 1019 2 0 8 0.00 1000 
1 25 10 9 5 87 28 1023 1019 2 0 11 0.00 1000 
1 26 10 7 5 76 26 1022 1017 3 0 19 0.00 0100 
1 27 11 10 4 67 30 1020 1015 3 1 14 0.00 1000 
1 26 11 11 6 82 28 1019 1015 2 1 13 0.00 1000 
1 27 12 12 9 88 32 1017 1012 2 0 14 0.00 0100 
1 28 12 13 7 88 26 1015 1010 3 0 11 0.00 0100 
1 27 15 13 10 73 39 1013 1009 2 0 11 0.00 0100 
1 27 15 13 11 88 37 1013 1010 2 0 10 0.00 0100 
1 26 13 11 6 82 28 1014 1011 4 0 23 0.00 0100 
1 25 10 11 7 87 36 1016 1012 3 0 14 0.00 0100 
1 21 12 12 9 88 53 1017 1012 1 0 13 0.00 0100 
1 16 12 13 10 94 72 1015 1011 1 0 14 0.00 0001 
1 23 12 13 9 94 43 1017 1013 4 0 13 0.00 0100 
1 17 10 15 8 100 63 1019 1015 1 0 14 0.00 0100 
1 19 13 14 9 100 56 1018 1014 3 0 19 0.00 0100 
1 21 7 9 5 100 37 1017 1013 6 0 23 0.00 0100 
1 22 7 8 5 93 35 1018 1015 4 1 13 0.00 1000 
1 20 11 10 6 88 43 1017 1014 3 1 23 0.00 0100 
1 12 10 11 8 100 82 1015 1010 1 0 16 0.00 0010 
