1 15 11 15 7 100 72 1014 1011 3 0 21 0.00 0001 
1 16 8 11 5 100 59 1018 1014 3 0 11 0.00 0100 
1 13 9 12 9 100 77 1019 1016 2 0 19 0.00 0100 
1 12 11 11 9 100 82 1020 1016 2 1 21 0.00 1000 
1 15 9 11 6 100 55 1019 1015 3 1 24 0.00 0100 
1 16 8 9 4 100 51 1019 1015 2 0 14 0.00 0100 
1 17 6 9 4 100 48 1017 1012 3 0 11 0.00 0100 
1 16 4 10 4 100 48 1016 1013 2 0 16 0.00 0100 
1 14 5 8 3 100 55 1019 1015 2 0 19 0.00 0100 
1 15 6 9 4 100 48 1019 1014 2 0 14 0.00 0100 
1 19 4 11 2 94 49 1016 1012 3 0 16 0.00 0100 
1 18 8 14 8 100 59 1017 1012 2 0 11 0.00 0100 
1 18 4 11 4 100 49 1018 1015 3 0 19 0.00 0100 
1 19 5 12 5 100 52 1017 1014 4 1 23 0.00 0100 
1 19 6 13 5 100 46 1019 1015 1 0 13 0.00 0100 
1 17 4 11 4 100 55 1020 1016 3 0 13 0.00 0100 
1 18 4 12 4 100 52 1022 1017 3 0 14 0.00 0100 
1 19 6 13 5 100 46 1020 1016 3 0 14 0.00 0100 
1 21 6 13 5 100 40 1018 1015 3 0 11 0.00 0100 
1 24 7 13 4 100 29 1018 1013 3 0 13 0.00 0100 
1 24 11 12 7 94 36 1014 1009 3 1 19 0.00 0100 
1 23 9 14 9 100 41 1012 1008 3 0 14 0.00 0100 
1 19 7 10 5 100 40 1015 1010 3 0 19 0.00 0100 
1 19 7 9 1 94 30 1017 1013 6 1 27 0.00 1000 
1 21 7 8 0 87 25 1015 1011 6 2 34 0.00 1000 
1 22 6 9 1 87 33 1015 1011 4 2 26 0.00 1000 
1 23 7 8 2 76 29 1015 1012 5 1 23 0.00 1000 
1 24 7 11 4 93 29 1015 1011 5 2 23 0.00 1000 
1 27 9 11 8 94 30 1015 1012 4 1 11 0.00 1000 
1 27 12 16 5 94 24 1014 1010 3 1 11 0.00 0100 
1 25 12 16 -12 100 17 1014 1010 3 0 23 0.00 0100 
1 20 6 6 1 87 28 1015 1012 5 1 27 0.00 1000 
1 20 6 7 1 71 30 1016 1012 5 2 34 0.00 1000 
1 22 5 8 0 81 31 1014 1010 5 1 19 0.00 1000 
1 23 6 8 4 93 31 1015 1011 4 1 11 0.00 1000 
1 23 8 10 5 93 31 1015 1012 3 1 13 0.00 0100 
1 24 6 8 3 100 29 1017 1013 4 1 23 0.00 0100 
1 24 7 9 2 82 24 1016 1013 5 1 23 0.00 1000 
1 25 8 9 3 82 26 1015 1012 5 1 37 0.00 0100 
1 25 8 9 1 67 22 1013 1010 5 1 27 0.00 1000 
1 25 10 8 -3 87 17 1014 1010 5 1 19 0.00 1000 
1 25 9 8 1 76 24 1014 1010 5 1 19 0.00 1000 
1 28 9 9 2 87 21 1016 1012 5 1 11 0.00 0100 
1 28 10 9 3 72 21 1016 1011 5 1 14 0.00 1000 
1 25 16 11 4 63 26 1012 1008 3 1 37 0.00 1000 
1 22 13 13 4 82 35 1017 1011 4 1 29 0.00 1000 
1 26 12 12 7 88 30 1018 1014 4 1 11 0.00 0100 
1 26 14 14 10 82 36 1017 1014 2 0 13 0.00 0100 
1 27 13 14 7 94 30 1016 1013 5 0 23 0.00 0100 
1 28 12 11 3 88 20 1015 1012 6 0 27 0.00 0100 
1 28 14 11 6 68 26 1014 1008 5 1 14 0.00 1000 
1 26 15 11 5 63 32 1013 1008 5 1 19 0.00 1000 
1 26 13 11 7 77 30 1013 1010 5 0 19 0.00 0100 
1 29 17 14 6 63 28 1012 1008 5 1 19 0.00 1000 
1 28 18 15 9 68 30 1010 1006 3 1 16 0.00 0010 
1 26 16 13 7 82 36 1009 1005 5 1 23 0.00 0001 
1 26 14 12 1 88 21 1013 1009 5 0 13 0.00 0100 
1 27 13 7 2 63 20 1015 1012 4 1 13 0.00 1000 
1 28 18 7 2 49 19 1018 1016 5 3 16 0.00 1000 
1 26 14 6 1 52 21 1020 1017 5 2 27 0.00 1000 
1 26 11 7 1 58 21 1020 1016 5 0 26 0.00 1000 
1 27 11 7 -1 58 16 1019 1015 5 1 19 0.00 1000 
1 25 12 6 1 58 21 1019 1014 5 1 24 0.00 1000 
1 27 10 7 0 58 20 1015 1012 5 1 24 0.00 1000 
1 29 12 7 2 54 19 1015 1012 5 1 19 0.00 1000 
1 31 15 6 0 48 14 1015 1011 8 1 14 0.00 1000 
1 29 16 7 2 49 19 1014 1011 3 1 23 0.00 1000 
1 30 13 8 3 58 18 1015 1011 5 1 14 0.00 1000 
1 31 14 10 2 59 16 1015 1011 5 1 14 0.00 1000 
1 31 15 8 3 52 18 1015 1012 5 1 13 0.00 1000 
1 33 12 9 4 58 21 1013 1010 5 2 14 0.00 1000 
1 34 21 12 1 56 17 1012 1008 5 2 23 0.00 1000 
1 28 21 9 3 46 20 1014 1008 3 2 24 0.00 1000 
1 32 19 9 5 52 21 1017 1013 4 2 14 0.00 1000 
1 29 15 9 0 48 15 1015 1010 5 1 37 0.00 1000 
1 31 15 9 1 48 18 1012 1008 5 1 23 0.00 1000 
1 32 14 8 5 63 18 1013 1009 4 1 21 0.00 1000 
1 34 19 9 4 46 16 1013 1009 4 1 14 0.00 1000 
1 35 23 11 5 39 18 1009 1004 4 1 21 0.00 1000 
1 30 20 10 3 49 18 1009 1005 4 1 19 0.00 1000 
1 30 17 18 6 69 23 1009 1005 5 0 16 0.00 1000 
1 32 17 19 8 94 22 1011 1008 5 0 14 0.00 1000 
1 29 15 15 9 77 35 1018 1007 5 1 23 0.00 1000 
1 33 17 15 8 78 26 1009 1005 5 1 23 0.00 0100 
1 33 18 16 2 73 16 1008 1004 7 1 26 0.00 1000 
1 35 19 16 9 73 21 1007 1003 8 1 155 0.00 1000 
1 34 23 19 10 54 29 1005 1001 5 1 37 0.00 0001 
1 33 20 15 6 61 18 1006 1002 4 2 23 0.00 1000 
1 27 17 19 6 100 40 1010 1004 7 2 26 0.00 0001 
1 30 16 19 12 100 33 1018 1010 5 1 19 0.00 1000 
1 29 18 18 13 94 37 1014 1010 5 1 21 0.00 0100 
1 32 18 18 13 94 33 1012 1008 5 1 148 0.00 0100 
1 35 19 19 10 94 23 1012 1008 5 1 11 0.00 1000 
1 35 22 17 10 65 26 1014 1009 3 1 23 0.00 1000 
1 36 24 19 1 69 12 1011 1005 3 1 37 0.00 0001 
1 34 20 21 11 78 32 1012 1007 5 1 26 0.00 1000 
1 37 19 18 10 83 19 1014 1008 5 1 26 0.00 1000 
1 39 21 17 9 73 16 1011 1003 5 1 23 0.00 1000 
1 40 25 16 8 51 14 1006 1001 5 1 19 0.00 1000 
1 40 26 20 9 51 16 1008 1004 2 1 14 0.00 1000 
1 39 26 17 11 54 20 1011 1005 3 1 21 0.00 1000 
1 36 25 17 9 61 25 1010 1005 3 1 26 0.00 0001 
1 34 22 19 11 78 24 1011 1006 3 1 26 0.00 1000 
1 34 23 18 12 73 31 1014 1000 5 3 21 0.00 0010 
1 32 22 21 15 94 36 1015 1010 5 3 23 0.00 0001 
1 34 22 19 12 73 28 1013 1006 5 1 55 0.00 0001 
1 31 20 20 11 94 40 1011 1007 4 1 37 0.00 0001 
1 30 19 20 14 100 37 1011 1008 5 2 34 0.00 1000 
1 31 20 20 11 88 38 1012 1007 3 1 23 0.00 0010 
1 31 18 20 10 88 29 1011 1007 8 1 27 0.00 1000 
1 34 20 16 10 68 23 1009 1004 8 2 23 0.00 1000 
1 37 22 16 8 69 17 1008 1004 6 1 27 0.00 1000 
1 40 24 15 9 50 15 1008 1004 6 2 27 0.00 1000 
1 41 25 16 9 50 14 1009 1005 6 1 23 0.00 1000 
1 41 25 17 11 57 17 1007 1002 5 1 23 0.00 1000 
1 42 26 17 11 47 16 1005 1002 5 2 24 0.00 1000 
1 42 30 15 10 36 16 1005 1001 5 3 45 0.00 1000 
1 42 28 14 8 35 16 1002 999 4 2 37 0.00 1000 
1 42 29 14 7 31 15 1004 999 4 3 163 0.00 1000 
1 43 29 18 12 42 17 1006 1002 5 2 19 0.00 1000 
1 42 26 18 10 51 22 1007 1003 4 1 37 0.00 0001 
1 41 26 19 14 58 22 1006 1000 3 1 11 0.00 1000 
1 38 27 19 9 45 24 1002 998 4 1 27 0.00 0001 
1 39 26 16 10 44 22 1004 1000 6 3 21 0.00 1000 
1 42 27 20 13 48 20 1005 1000 5 3 19 0.00 1000 
1 43 30 18 14 43 21 1003 998 5 3 34 0.00 1000 
1 40 30 21 15 43 31 1004 998 3 2 32 0.00 1000 
1 42 27 19 11 46 18 1003 999 3 2 27 0.00 1000 
1 43 29 16 11 37 18 1002 997 3 1 23 0.00 1000 
1 45 34 15 12 28 14 1000 995 3 1 37 0.00 1000 
1 46 33 17 10 32 14 1002 997 3 1 27 0.00 1000 
1 44 30 19 12 46 15 1004 999 4 3 27 0.00 1000 
1 44 31 18 12 46 15 1003 998 4 2 26 0.00 1000 
1 43 31 17 13 38 17 1003 999 4 2 24 0.00 1000 
1 43 28 18 8 45 17 1005 999 4 1 47 0.00 0001 
1 34 24 15 10 54 24 1007 1003 5 3 26 0.00 1000 
1 29 21 20 11 83 37 1009 1003 7 1 23 0.00 0001 
1 32 24 19 13 65 36 1007 1002 4 2 14 0.00 1000 
1 35 25 28 11 89 33 1006 1001 4 1 23 0.00 1000 
1 34 23 27 16 94 36 1006 1001 8 3 21 0.00 1000 
1 34 26 24 13 84 34 1005 1001 7 1 27 0.00 1000 
1 37 24 25 18 100 32 1005 1001 8 2 19 0.00 1000 
1 39 26 23 18 83 29 1004 998 5 2 29 0.00 1000 
1 43 30 24 13 66 17 999 994 4 2 24 0.00 1000 
1 43 32 19 13 46 18 998 993 4 1 40 0.00 1000 
1 42 33 20 11 44 19 1000 995 3 1 37 0.00 0001 
1 35 27 20 11 54 27 1004 999 5 2 27 0.00 0001 
1 34 23 21 13 69 33 1004 999 7 3 19 0.00 0001 
1 37 22 21 9 62 30 1006 998 7 1 47 0.00 0001 
1 35 23 20 7 65 32 1003 999 5 1 27 0.00 0001 
1 37 25 22 13 65 30 1001 997 5 3 29 0.00 0001 
1 39 25 23 11 62 33 1001 997 4 2 26 0.00 0001 
1 39 31 21 15 52 27 1004 999 4 3 14 0.00 1000 
1 39 29 22 14 66 27 1004 999 4 3 26 0.00 1000 
1 33 24 18 1 65 22 1005 999 4 1 29 0.00 0001 
1 33 23 19 7 61 21 1004 999 4 1 19 0.00 0001 
1 36 27 20 13 65 29 1001 997 4 1 23 0.00 1000 
1 31 23 21 11 78 37 1003 998 6 2 27 0.00 0001 
1 37 25 22 17 83 32 1006 996 5 1 14 0.00 1000 
1 35 28 22 15 66 30 1000 997 4 2 19 0.00 0001 
1 39 27 24 18 70 31 1001 995 4 2 21 0.00 1000 
1 37 29 23 21 66 39 1000 996 5 2 23 0.00 1000 
1 40 30 25 20 74 31 1001 996 5 3 19 0.00 1000 
1 39 31 24 21 66 37 1002 996 4 3 23 0.00 1000 
1 33 25 25 20 83 55 1003 997 4 2 19 0.00 0001 
1 36 28 24 21 79 41 1000 995 7 2 26 0.00 1000 
1 31 24 24 20 89 58 999 995 4 2 23 0.00 0001 
1 32 27 25 23 89 59 999 995 3 1 19 0.00 0010 
1 35 27 25 22 84 49 1000 997 5 1 21 0.00 1000 
1 37 27 25 21 79 39 1001 996 5 3 23 0.00 1000 
1 36 28 26 20 70 49 999 994 6 3 29 0.00 1000 
1 36 29 25 23 74 47 999 995 4 3 19 0.00 0001 
1 34 30 24 20 66 52 999 996 4 3 23 0.00 1000 
1 35 25 25 21 89 49 999 997 4 3 23 0.00 0001 
1 32 26 24 22 89 62 1000 998 5 3 14 0.00 0001 
1 33 26 28 23 94 55 1000 997 4 2 19 0.00 0001 
1 33 27 25 23 89 55 1000 997 4 2 23 0.00 1000 
1 35 27 26 22 94 49 1000 997 4 2 14 0.00 0010 
1 37 27 25 23 89 47 1000 996 5 2 11 0.00 1000 
1 36 29 26 23 79 47 1001 997 4 3 19 0.00 0001 
1 35 27 25 23 89 55 1003 999 5 3 23 0.00 0010 
1 36 27 25 23 84 49 1003 1000 3 1 19 0.00 0010 
1 35 28 27 24 84 56 1002 997 4 2 13 0.00 1000 
1 35 29 27 22 84 49 999 996 5 3 23 0.00 1000 
1 34 28 25 23 79 55 999 996 5 3 19 0.00 1000 
1 39 30 25 21 74 37 1000 995 5 3 11 0.00 1000 
1 39 30 25 22 74 37 1000 995 5 3 16 0.00 1000 
1 37 26 26 23 89 47 1001 997 5 2 37 0.00 0001 
1 36 27 26 2 94 16 1001 995 4 1 14 0.00 1000 
1 38 29 26 23 84 42 999 996 5 2 14 0.00 1000 
1 38 30 26 22 79 42 1000 996 5 3 23 0.00 1000 
1 35 30 25 22 66 47 1000 997 7 3 29 0.00 1000 
1 35 28 26 22 84 49 1001 997 6 3 27 0.00 0010 
1 34 28 26 22 89 49 1002 998 5 3 23 0.00 1000 
1 31 26 26 23 94 74 1002 999 5 2 23 0.00 0001 
1 33 26 26 23 94 59 1001 997 6 3 23 0.00 0001 
1 33 28 25 22 79 52 1001 997 5 3 21 0.00 0010 
1 35 27 25 23 84 49 1002 998 5 3 13 0.00 1000 
1 34 28 27 24 84 56 1001 997 4 2 14 0.00 1000 
1 34 29 27 23 89 55 1000 997 4 1 19 0.00 0001 
1 34 29 28 25 89 59 1001 997 3 1 14 0.00 0010 
1 31 28 27 23 94 62 1001 998 3 2 14 0.00 0010 
1 32 27 27 24 94 70 1002 999 3 1 13 0.00 1000 
1 35 27 27 17 89 40 1003 998 7 2 16 0.00 1000 
1 34 29 27 24 89 59 1002 998 5 2 23 0.00 0001 
1 35 28 27 24 94 53 1002 999 5 1 19 0.00 0010 
1 34 27 27 24 94 63 1003 1000 3 1 19 0.00 0001 
1 33 27 26 24 94 63 1002 998 7 2 26 0.00 1000 
1 33 26 26 23 94 62 1001 997 6 2 23 0.00 0001 
1 34 28 25 23 79 56 1001 998 6 3 24 0.00 1000 
1 34 28 24 21 79 49 1003 1000 5 3 23 0.00 1000 
1 35 28 25 21 74 46 1005 1001 7 3 23 0.00 1000 
1 36 28 25 20 84 41 1003 999 7 3 27 0.00 1000 
1 36 29 23 20 62 39 1001 997 5 3 26 0.00 1000 
1 36 28 25 21 74 41 1004 999 4 3 19 0.00 1000 
1 33 26 25 22 89 58 1007 1004 7 2 23 0.00 0010 
1 35 27 27 23 89 53 1007 1004 7 3 13 0.00 1000 
1 35 26 27 23 94 53 1006 1002 5 3 19 0.00 0010 
1 34 27 26 16 89 43 1005 1001 5 2 14 0.00 1000 
1 34 25 28 25 100 63 1005 1001 3 2 14 0.00 0001 
1 33 27 26 20 89 58 1007 1002 4 2 19 0.00 0001 
1 35 28 26 -23 89 4 1007 1002 5 1 14 0.00 0001 
1 36 28 26 23 84 47 1006 1001 6 3 14 0.00 1000 
1 37 29 27 23 84 47 1004 999 6 3 11 0.00 1000 
1 34 25 27 20 89 55 1003 999 5 1 23 0.00 0001 
1 29 26 25 21 89 62 1006 1002 3 1 14 0.00 0001 
1 35 27 26 23 89 49 1006 1001 5 2 11 0.00 1000 
1 33 29 28 24 89 62 1003 998 5 1 13 0.00 0010 
1 34 27 26 23 89 55 1001 997 5 3 24 0.00 1000 
1 35 27 25 20 84 49 1000 997 5 3 27 0.00 1000 
1 35 27 26 21 75 49 1003 1000 4 3 21 0.00 1000 
1 35 26 25 21 79 44 1005 1002 5 3 19 0.00 1000 
1 36 28 26 18 79 34 1005 1001 5 3 21 0.00 1000 
1 36 28 25 20 74 41 1002 998 5 3 23 0.00 1000 
1 37 28 26 20 74 39 1002 999 5 3 19 0.00 1000 
1 36 28 25 19 70 41 1004 1001 6 3 19 0.00 1000 
1 37 30 24 19 66 39 1005 1001 5 3 26 0.00 1000 
1 37 28 24 19 70 37 1004 1000 7 3 26 0.00 1000 
1 37 27 21 17 66 35 1002 997 5 3 29 0.00 1000 
1 38 27 21 18 65 32 1000 996 5 3 27 0.00 1000 
1 37 27 23 19 70 35 1000 996 5 3 24 0.00 1000 
1 36 27 23 19 70 39 1001 998 5 3 19 0.00 1000 
1 38 27 24 20 70 35 1003 999 5 3 23 0.00 1000 
1 37 29 25 20 70 37 1004 1001 5 3 23 0.00 1000 
1 36 27 25 21 79 44 1004 1001 5 1 19 0.00 0001 
1 36 26 24 17 78 39 1006 1002 5 3 23 0.00 0010 
1 36 25 24 19 84 41 1006 1001 5 2 19 0.00 1000 
1 37 27 24 19 70 37 1005 1000 5 3 23 0.00 1000 
1 37 26 23 19 74 35 1007 1003 5 3 21 0.00 1000 
1 36 27 23 16 74 37 1009 1005 5 2 19 0.00 0010 
1 37 26 24 19 79 35 1009 1005 5 2 23 0.00 1000 
1 38 27 21 17 70 29 1007 1002 5 3 27 0.00 1000 
1 37 28 23 17 66 32 1006 1001 5 3 24 0.00 1000 
1 37 27 23 18 66 34 1006 1002 5 3 23 0.00 1000 
1 37 28 24 18 74 32 1007 1003 5 3 23 0.00 1000 
1 37 28 23 17 74 30 1007 1003 5 3 19 0.00 1000 
1 37 25 23 15 83 34 1009 1005 4 2 23 0.00 0001 
1 34 24 21 15 83 32 1011 1007 5 3 24 0.00 1000 
1 36 25 21 16 78 30 1010 1006 5 2 27 0.00 1000 
1 36 25 22 15 78 30 1008 1004 5 2 27 0.00 1000 
1 37 25 21 13 74 24 1007 1003 5 2 24 0.00 1000 
1 39 26 21 11 66 18 1007 1003 6 2 32 0.00 1000 
1 39 25 19 11 61 20 1008 1005 7 2 19 0.00 1000 
1 38 25 20 13 62 24 1010 1007 8 3 19 0.00 1000 
1 37 24 20 15 65 27 1010 1006 4 3 16 0.00 1000 
1 38 27 21 13 70 24 1010 1006 5 2 14 0.00 1000 
1 38 25 19 10 69 18 1009 1005 5 2 14 0.00 1000 
1 38 26 19 11 61 22 1009 1005 5 2 13 0.00 1000 
1 37 24 19 13 69 24 1009 1004 4 2 14 0.00 1000 
1 37 24 19 12 65 22 1008 1004 3 1 23 0.00 1000 
1 38 24 19 12 69 22 1008 1004 4 2 13 0.00 1000 
1 36 25 20 13 65 28 1009 1004 5 2 14 0.00 1000 
1 32 25 23 19 83 46 1009 1005 4 3 34 0.00 1000 
1 35 24 23 20 89 41 1009 1004 4 2 23 0.00 0001 
1 32 25 23 21 83 52 1010 1005 5 3 19 0.00 1000 
1 32 25 24 20 94 49 1009 1005 5 2 24 0.00 1000 
1 34 25 25 20 94 46 1009 1005 5 1 19 0.00 0001 
1 34 25 25 19 94 41 1016 1004 4 1 13 0.00 1000 
1 36 24 22 16 78 32 1009 1006 3 1 13 0.00 1000 
1 36 24 22 14 78 27 1011 1007 3 1 14 0.00 1000 
1 35 24 19 14 73 28 1012 1008 3 1 11 0.00 1000 
1 37 22 19 11 78 21 1011 1006 3 1 11 0.00 1000 
1 38 23 19 7 73 15 1010 1005 4 1 14 0.00 1000 
1 36 26 17 10 51 28 1010 1006 5 2 14 0.00 1000 
1 33 24 21 16 74 38 1012 1008 5 3 14 0.00 1000 
1 35 22 20 16 88 34 1012 1008 5 1 11 0.00 1000 
1 35 23 19 2 69 12 1011 1007 4 1 23 0.00 1000 
1 34 20 13 5 50 16 1012 1009 5 1 19 0.00 1000 
1 34 19 13 6 64 19 1013 1009 3 1 14 0.00 1000 
1 34 18 12 6 56 18 1012 1009 3 1 16 0.00 1000 
1 34 19 13 5 57 16 1012 1007 4 1 19 0.00 1000 
1 36 20 12 3 52 13 1014 1010 5 1 19 0.00 1000 
1 35 20 16 6 57 20 1015 1011 3 1 10 0.00 1000 
1 29 21 18 16 78 51 1012 1011 2 1 10 0.00 1000 
1 35 22 18 9 73 20 1015 1011 4 1 11 0.00 1000 
1 35 21 18 9 73 20 1015 1011 4 1 13 0.00 1000 
1 34 21 17 11 69 24 1013 1009 3 1 14 0.00 1000 
1 36 22 17 8 69 18 1010 1006 5 1 10 0.00 1000 
1 34 20 18 12 78 26 1010 1007 3 1 14 0.00 1000 
1 34 22 19 10 78 24 1013 1010 3 1 13 0.00 1000 
1 34 22 17 11 73 24 1015 1010 4 1 13 0.00 1000 
1 35 22 17 11 69 24 1014 1009 5 1 11 0.00 1000 
1 35 22 20 10 65 23 1013 1009 4 1 10 0.00 1000 
1 36 21 17 10 73 20 1013 1009 3 1 8 0.00 1000 
1 35 20 17 11 73 23 1013 1010 4 1 14 0.00 1000 
1 36 21 17 8 73 19 1014 1010 5 1 19 0.00 1000 
1 35 21 14 9 60 20 1013 1008 3 1 14 0.00 1000 
1 34 22 16 5 57 16 1013 1009 8 1 23 0.00 1000 
1 31 18 16 6 78 21 1015 1012 4 1 11 0.00 1000 
1 28 18 15 9 77 32 1016 1013 3 1 24 0.00 1000 
1 28 17 14 9 82 30 1017 1013 4 1 11 0.00 1000 
1 28 15 13 5 82 23 1017 1013 4 1 10 0.00 1000 
1 29 14 19 5 88 22 1017 1013 4 1 19 0.00 1000 
1 29 14 9 2 63 18 1016 1012 5 1 13 0.00 1000 
1 29 15 9 4 67 20 1015 1004 3 1 16 0.00 1000 
1 30 14 10 5 68 20 1016 1012 3 1 23 0.00 1000 
1 30 13 9 4 67 19 1017 1013 5 1 14 0.00 1000 
1 30 14 9 3 56 20 1017 1013 4 0 8 0.00 1000 
1 29 15 12 7 67 25 1017 1013 2 0 8 0.00 1000 
1 28 14 14 9 77 35 1017 1013 2 1 11 0.00 0100 
1 29 15 13 11 82 35 1018 1013 1 0 6 0.00 0100 
1 29 15 11 7 77 27 1018 1014 3 0 19 0.00 1000 
1 29 13 10 5 67 22 1019 1015 4 1 13 0.00 1000 
1 28 13 11 6 67 25 1020 1015 3 1 14 0.00 1000 
1 29 14 9 5 63 22 1019 1015 3 1 11 0.00 1000 
1 28 13 9 4 67 26 1018 1014 3 1 13 0.00 1000 
1 28 13 10 6 67 25 1018 1013 4 1 19 0.00 1000 
1 28 13 7 3 59 20 1018 1014 4 1 13 0.00 1000 
1 28 13 9 4 63 23 1019 1015 4 1 14 0.00 1000 
1 26 12 8 3 72 23 1017 1014 4 1 16 0.00 1000 
1 26 12 8 5 67 26 1019 1014 4 1 8 0.00 1000 
1 26 12 8 4 72 28 1017 1012 3 1 14 0.00 1000 
1 25 11 8 4 72 26 1018 1014 4 1 14 0.00 1000 
1 26 10 7 4 76 24 1019 1015 4 1 26 0.00 1000 
1 27 11 8 4 67 24 1017 1014 4 1 24 0.00 1000 
1 26 11 9 5 67 28 1016 1013 5 1 23 0.00 1000 
1 27 11 8 4 72 24 1016 1013 4 1 14 0.00 1000 
1 28 12 9 4 67 23 1016 1012 5 1 11 0.00 1000 
1 28 13 9 6 63 26 1015 1011 5 1 19 0.00 1000 
1 26 11 8 5 76 26 1017 1013 5 1 14 0.00 1000 
1 27 12 10 5 63 26 1016 1012 5 1 16 0.00 1000 
1 27 12 14 6 82 30 1015 1012 4 1 19 0.00 1000 
1 25 11 9 3 82 24 1016 1013 5 1 19 0.00 0100 
1 23 10 11 5 87 38 1018 1014 2 1 21 0.00 0100 
1 23 14 12 8 82 38 1018 1014 2 1 23 0.00 0100 
1 25 13 13 7 100 34 1020 1016 2 0 13 0.00 0100 
1 23 12 12 5 88 31 1020 1017 3 0 19 0.00 0100 
1 23 10 11 6 82 33 1021 1017 3 1 13 0.00 0100 
1 22 13 13 8 88 43 1020 1017 2 1 16 0.00 0100 
1 22 10 27 9 100 50 1021 1017 2 0 10 0.00 0100 
1 23 10 11 6 94 35 1021 1018 3 0 14 0.00 0100 
1 24 10 9 6 87 34 1022 1017 4 0 16 0.00 0100 
1 23 13 11 5 77 31 1023 1018 3 0 14 0.00 0100 
1 22 8 10 5 100 35 1023 1019 4 0 21 0.00 0100 
1 21 7 8 4 100 35 1023 1019 4 0 14 0.00 0100 
1 21 7 8 3 87 31 1024 1020 3 1 10 0.00 0100 
1 22 7 8 4 93 33 1022 1018 3 0 11 0.00 0100 
1 21 7 9 5 93 38 1021 1017 3 0 10 0.00 0100 
1 23 7 9 5 87 35 1020 1016 2 0 10 0.00 0100 
1 23 10 9 5 82 33 1021 1018 2 0 14 0.00 0100 
1 23 9 11 7 88 38 1023 1020 2 0 11 0.00 0100 
1 17 8 12 7 100 63 1024 1021 1 0 10 0.00 0100 
1 15 8 11 6 100 55 1023 1019 1 0 14 0.00 0100 
1 16 7 9 5 100 52 1023 1019 1 0 14 0.00 0100 
1 17 8 9 4 87 48 1022 1018 2 0 13 0.00 0100 
