1 19 7 10 5 100 40 1022 1017 3 0 10 0100 
1 21 5 10 5 100 35 1019 1016 3 1 10 0100 
1 19 9 9 6 100 43 1018 1015 2 1 11 0100 
1 20 8 9 8 100 46 1017 1014 3 0 14 0100 
1 18 8 10 4 87 40 1015 1011 3 1 24 1000 
1 15 12 13 8 94 72 1012 1009 3 1 23 0001 
1 13 11 12 10 94 94 1017 1009 1 0 14 0001 
1 15 7 10 7 100 67 1020 1015 2 1 13 0100 
1 11 8 9 7 100 76 1017 1013 2 0 14 0100 
1 13 9 9 7 87 77 1019 1018 3 0 8 0100 
1 15 8 9 7 93 63 1020 1017 3 0 8 0100 
1 13 8 8 6 93 63 1019 1016 1 0 13 0100 
1 13 8 9 7 100 76 1021 1019 1 1 11 0100 
1 11 7 8 7 100 82 1022 1019 1 0 13 0100 
1 13 10 9 7 87 67 1022 1020 2 1 14 1000 
1 16 10 9 7 88 59 1022 1019 3 1 8 1000 
1 13 10 8 5 87 63 1020 1020 2 1 10 0100 
1 14 8 9 5 94 67 1020 1017 2 0 11 0100 
1 13 9 10 8 100 82 1017 1016 2 0 19 0100 
1 16 8 11 6 100 68 1020 1016 1 0 19 0100 
1 20 11 11 6 100 40 1018 1016 3 0 14 0100 
1 23 12 12 9 94 41 1016 1012 3 0 8 0100 
1 23 14 14 8 82 38 1015 1012 4 1 14 0100 
1 17 12 12 10 94 72 1017 1013 2 1 14 0100 
1 17 13 9 8 72 59 1020 1020 3 2 19 1000 
1 11 10 8 7 82 82 1017 1016 1 1 19 0100 
1 23 8 9 5 87 31 1015 1010 8 2 10 0100 
1 17 10 11 8 94 59 1016 1010 3 1 16 0010 
1 15 9 9 8 94 63 1019 1015 4 1 16 1000 
1 17 7 10 7 100 59 1015 1012 3 0 14 0100 
1 18 7 10 7 100 56 1015 1013 4 0 8 0100 
1 20 8 11 4 100 42 1018 1015 3 0 10 0100 
1 21 7 8 4 100 35 1021 1017 6 1 13 0100 
1 21 6 9 1 93 27 1023 1019 3 0 21 0100 
1 17 8 7 2 87 37 1022 1018 7 1 14 1000 
1 15 6 6 2 93 42 1023 1019 4 1 8 0100 
1 15 8 10 6 88 59 1022 1019 1 1 10 0100 
1 17 8 13 8 100 72 1021 1017 2 0 8 0010 
1 14 11 12 9 100 72 1021 1016 2 0 10 0010 
1 22 9 14 9 100 53 1019 1015 4 0 14 0100 
1 23 11 15 11 100 47 1018 1015 4 1 11 0100 
1 24 12 15 12 100 50 1020 1017 3 0 8 0100 
1 24 14 15 14 100 57 1021 1019 1 0 8 0100 
1 25 13 14 8 100 34 1021 1017 5 1 23 0100 
1 22 12 14 10 94 50 1019 1015 3 0 19 0100 
1 23 11 12 9 94 41 1019 1015 4 0 11 0100 
1 24 12 13 8 94 36 1021 1018 3 0 10 0100 
1 26 13 13 12 94 42 1019 1016 6 0 14 0100 
1 26 14 15 12 100 42 1018 1014 6 1 14 0100 
1 26 14 15 10 94 39 1019 1015 9 0 11 0100 
1 23 12 12 7 88 36 1019 1015 5 1 19 0100 
1 24 11 12 7 88 34 1018 1015 6 1 24 1000 
1 23 12 12 7 94 36 1018 1015 5 0 16 0100 
1 24 13 13 9 88 38 1018 1014 2 0 8 0100 
1 25 14 13 10 88 41 1015 1012 3 1 19 0100 
1 23 12 12 8 100 38 1017 1014 4 1 13 0100 
1 23 11 10 5 88 31 1018 1014 6 0 24 0100 
1 22 11 8 1 76 25 1019 1015 5 1 27 0100 
1 25 12 8 6 72 29 1016 1015 6 1 10 0100 
1 25 10 8 3 77 25 1018 1014 8 1 16 1000 
1 25 12 10 6 67 32 1014 1012 6 3 35 1000 
1 28 15 13 9 77 30 1016 1012 7 1 14 1000 
1 27 15 13 10 77 36 1013 1009 3 1 27 0001 
1 30 15 15 10 82 33 1010 1007 3 0 10 1000 
1 31 19 15 3 78 21 1010 1006 8 1 14 1000 
1 31 15 14 10 82 27 1008 1007 5 1 10 0100 
1 32 18 16 9 61 29 1008 1003 5 1 19 1000 
1 28 17 15 6 77 25 1009 1005 6 1 13 1000 
1 27 16 11 6 68 26 1011 1001 6 2 14 1000 
1 27 17 8 4 55 23 1011 1007 6 2 21 1000 
1 26 13 8 4 72 24 1011 1009 8 1 21 1000 
1 25 13 8 3 63 24 1014 1010 7 1 23 1000 
1 26 12 7 2 63 24 1013 1010 7 1 26 1000 
1 31 12 8 6 67 22 1013 1009 7 1 16 1000 
1 31 13 9 2 67 16 1010 1005 7 1 14 1000 
1 31 18 11 5 50 20 1015 1003 6 1 16 1000 
1 29 16 13 -1 77 14 1009 1006 8 1 23 1000 
1 29 15 10 1 67 16 1011 1008 6 2 14 1000 
1 30 16 8 2 55 17 1011 1007 8 1 11 1000 
1 23 13 11 7 77 36 1011 1010 5 1 21 1000 
1 27 11 7 5 76 24 1012 1010 8 1 16 1000 
1 26 13 10 7 67 30 1013 1009 4 1 10 1000 
1 32 21 11 3 53 16 1011 1006 6 2 10 1000 
1 31 21 10 8 49 25 1008 1006 5 2 13 1000 
1 30 17 12 6 68 22 1011 1008 6 1 16 1000 
1 30 15 8 4 59 19 1010 1007 5 3 27 1000 
1 32 17 9 6 59 21 1010 1006 7 3 27 1000 
1 35 16 12 7 63 18 1012 1008 6 1 14 1000 
1 31 21 12 11 53 29 1010 1007 3 1 3 1000 
1 37 19 12 5 60 16 1009 1005 7 1 13 1000 
1 29 21 8 6 43 23 1007 1005 2 2 3 1000 
1 34 26 10 5 27 21 1009 1005 4 2 8 1000 
1 34 22 11 7 50 19 1012 1009 5 1 19 1000 
1 32 17 4 0 42 14 1013 1010 5 2 24 1000 
1 33 19 8 3 37 17 1011 1009 5 1 19 1000 
1 28 21 8 6 38 28 1009 1006 2 1 3 1000 
1 37 22 8 6 41 16 1005 1003 7 2 26 1000 
1 36 24 11 8 38 18 1008 1004 4 1 8 1000 
1 37 26 12 6 42 15 1009 1006 5 1 13 1000 
1 40 23 10 6 41 12 1008 1003 2 1 10 1000 
1 40 27 12 5 31 17 1004 1003 7 2 11 1000 
1 38 27 11 8 37 16 1007 1004 6 2 8 1000 
1 36 24 7 3 29 13 1007 1004 6 2 13 1000 
1 34 20 2 -1 30 12 1010 1007 7 1 19 1000 
1 34 19 1 -1 28 12 1009 1007 7 3 27 1000 
1 33 21 2 1 27 14 1010 1009 7 3 23 1000 
1 37 22 4 3 29 12 1008 1005 7 3 27 1000 
1 39 39 4 4 11 11 1005 1005 7 7 14 1000 
1 33 29 7 5 25 17 1006 1005 4 3 6 1000 
1 38 23 7 4 34 13 1008 1005 8 2 16 1000 
1 38 25 9 5 29 15 1010 1008 6 2 21 1000 
1 38 26 8 4 30 12 1010 1005 7 2 13 1000 
1 41 26 7 5 30 11 1005 1000 8 2 24 1000 
1 41 26 7 6 28 12 1003 1000 8 2 19 1000 
1 41 28 7 3 23 11 1004 1000 8 1 23 1000 
1 40 27 6 4 23 12 1004 1002 5 2 10 1000 
1 41 27 5 2 24 11 1004 1001 5 2 14 1000 
1 42 27 6 3 23 10 1006 1003 7 3 23 1000 
1 43 27 6 2 23 10 1004 1000 8 2 29 1000 
1 45 28 7 4 23 10 1004 999 10 2 26 1000 
1 43 33 11 6 21 11 1001 999 5 3 14 1000 
1 45 32 11 6 27 10 1003 1000 7 3 14 1000 
1 45 31 9 7 25 10 1004 999 8 1 19 1000 
1 42 33 12 8 26 17 1006 1002 6 4 19 1000 
1 44 31 7 5 22 10 1003 1001 5 3 34 1000 
1 43 30 9 5 24 11 1005 999 8 3 26 1000 
1 43 30 11 7 29 14 1002 998 7 3 19 1000 
1 41 29 13 8 35 14 1014 1000 6 2 37 0001 
1 40 28 15 11 37 20 1006 1001 5 3 14 1000 
1 38 28 16 12 45 23 1006 1002 5 1 37 0001 
1 37 27 17 12 48 25 1008 1002 6 3 27 0001 
1 38 25 18 15 61 29 1008 1002 4 0 124 0001 
1 37 24 19 16 73 29 1008 1000 5 1 19 0001 
1 38 26 17 10 57 19 1004 999 5 2 21 1000 
1 37 25 17 13 51 29 1006 1001 6 2 21 1000 
1 40 28 19 16 54 24 1006 1001 4 2 14 1000 
1 43 31 19 11 46 17 1005 999 3 2 23 1000 
1 43 31 19 9 49 13 1005 1000 5 2 27 1000 
1 43 30 20 12 48 17 1004 999 5 2 29 1000 
1 41 28 20 17 51 28 1005 999 5 2 29 1000 
1 37 29 22 16 55 34 1006 1000 5 2 16 1000 
1 39 29 22 17 58 29 1003 997 4 2 26 1000 
1 37 30 20 17 55 30 1001 997 5 3 26 1000 
1 35 26 21 18 69 38 1001 998 4 1 29 1000 
1 40 28 21 14 66 21 1000 995 8 1 27 1000 
1 43 27 17 8 54 14 1001 998 5 2 27 1000 
1 44 27 12 5 37 10 1004 1000 8 2 23 1000 
1 44 27 9 5 30 10 1002 997 8 1 27 1000 
1 43 30 15 5 27 4 1000 994 7 3 37 1000 
1 42 32 15 11 36 17 1000 996 5 3 26 1000 
1 41 28 18 11 51 17 1003 998 5 2 27 1000 
1 38 29 18 10 51 18 1007 1002 5 2 19 1000 
1 39 24 17 12 61 22 1007 999 5 0 106 0001 
1 36 24 16 12 61 27 1006 1001 3 1 11 0010 
1 36 29 15 12 42 25 1007 1004 4 3 14 1000 
1 39 25 17 11 54 18 1007 1002 8 1 19 1000 
1 40 32 16 13 38 20 1005 1000 5 1 23 1000 
1 42 30 18 14 43 19 1004 998 5 2 14 1000 
1 42 32 19 14 39 19 1003 997 5 2 23 1000 
1 43 33 20 16 41 21 1001 996 4 1 19 1000 
1 41 33 19 15 39 24 1001 997 3 1 47 1000 
1 39 31 21 17 52 33 1002 997 5 3 27 1000 
1 36 27 22 19 62 39 1004 997 5 2 23 0001 
1 39 29 22 14 62 22 1002 999 8 1 11 1000 
1 40 30 23 15 66 25 1004 999 7 2 23 1000 
1 42 32 22 14 49 19 1001 997 8 2 23 1000 
1 41 34 21 16 41 24 1001 996 5 2 26 1000 
1 36 30 22 19 58 41 1002 999 3 2 23 1000 
1 38 29 22 21 66 37 1003 998 5 3 14 1000 
1 39 32 22 20 52 33 1002 997 9 3 27 1000 
1 39 31 24 20 56 37 1001 997 5 3 23 1000 
1 38 27 24 19 70 37 999 995 4 1 61 0001 
1 41 28 23 19 70 28 998 993 4 1 19 1000 
1 40 29 20 16 55 24 998 994 5 3 37 1000 
1 40 30 21 17 55 26 999 994 4 3 27 1000 
1 39 33 21 16 44 29 999 995 3 2 27 1000 
1 41 32 20 18 46 28 999 994 4 2 27 1000 
1 39 32 22 18 49 33 1000 996 4 3 27 1000 
1 32 25 23 18 74 51 1003 1000 4 1 47 0001 
1 37 28 24 20 70 42 1004 999 5 2 23 1000 
1 39 29 24 17 74 31 1001 997 4 3 29 1000 
1 38 32 24 17 62 31 999 996 5 3 27 1000 
1 38 32 20 17 43 33 997 993 5 3 27 1000 
1 37 32 22 18 52 35 999 995 5 3 26 1000 
1 39 30 22 18 55 29 1002 999 5 3 19 1000 
1 38 28 24 15 74 33 1003 999 4 1 55 0001 
1 38 28 22 18 66 31 1002 999 4 1 19 0010 
1 39 29 23 2 70 18 1004 1000 5 1 10 1000 
1 37 30 24 21 70 39 1004 999 3 2 14 1000 
1 40 30 23 20 66 31 1002 996 5 2 14 1000 
1 40 30 23 18 62 29 998 995 4 2 26 1000 
1 39 30 23 17 52 29 997 993 5 2 27 1000 
1 37 28 23 19 66 35 1000 996 5 2 19 1000 
1 38 30 22 16 62 27 1000 995 5 3 27 1000 
1 39 29 22 17 66 27 998 995 5 2 29 1000 
1 38 30 22 19 58 35 999 995 4 2 23 1000 
1 38 31 22 18 52 35 999 995 8 3 27 1000 
1 36 30 22 19 58 37 1000 997 7 3 26 1000 
1 31 27 24 20 79 52 1002 997 4 1 23 0001 
1 32 28 24 21 74 58 999 995 3 1 14 0001 
1 32 28 24 17 79 45 999 996 4 1 21 0010 
1 33 28 24 17 74 45 999 997 5 1 16 0010 
1 34 28 24 20 74 52 999 996 5 1 14 1000 
1 34 26 23 20 74 52 999 996 5 1 14 0001 
1 35 28 23 20 70 44 998 995 3 1 14 1000 
1 35 29 22 19 62 46 998 995 5 2 11 0010 
1 38 29 23 17 58 32 998 995 6 2 19 1000 
1 35 30 26 17 70 34 998 996 5 2 23 1000 
1 30 29 21 16 62 45 1000 997 5 2 23 0010 
1 34 28 21 15 66 41 999 996 6 2 23 0010 
1 33 29 19 17 55 38 999 996 5 1 32 1000 
1 33 29 18 16 48 36 1002 998 5 3 29 0010 
1 35 29 20 15 55 30 1003 998 6 2 19 1000 
1 36 29 20 15 52 30 1002 998 5 3 14 1000 
1 35 28 21 15 55 36 1002 998 5 3 29 1000 
1 36 29 20 17 58 34 1001 998 5 2 13 1000 
1 37 29 20 17 55 37 1001 997 5 3 13 0001 
1 36 28 21 16 55 34 999 996 4 2 13 1000 
1 37 29 20 16 55 32 999 995 5 3 19 1000 
1 37 31 20 15 49 36 999 996 5 3 19 1000 
1 32 29 20 16 49 38 1001 998 4 2 19 1000 
1 35 29 19 16 51 36 1004 1000 4 2 19 0010 
1 34 30 19 16 51 38 1003 998 5 2 19 1000 
1 35 29 20 14 51 32 1000 997 5 3 23 0001 
1 36 30 19 14 46 28 999 996 4 3 23 1000 
1 37 30 18 12 48 25 1002 998 5 3 32 1000 
1 38 30 17 13 40 25 1005 1001 5 3 27 1000 
1 38 30 19 13 41 24 1005 1002 5 3 19 1000 
1 34 28 18 14 48 34 1007 1002 5 2 24 0010 
1 36 29 18 13 48 31 1006 1003 5 2 14 1000 
1 37 29 17 13 48 25 1008 1004 5 3 19 1000 
1 36 29 18 15 48 32 1007 1002 4 3 13 1000 
1 38 31 19 11 49 22 1003 999 5 3 23 1000 
1 39 31 18 11 43 21 1004 1001 6 3 27 1000 
1 39 31 17 11 38 20 1006 1002 6 3 34 1000 
1 39 30 17 11 40 21 1005 1001 6 3 34 1000 
1 39 30 21 11 46 22 1003 998 10 3 29 1000 
1 38 30 24 19 59 33 1004 1001 8 3 26 1000 
1 37 25 23 20 83 37 1007 1002 7 2 19 0010 
1 37 29 24 19 70 35 1006 1000 5 3 23 1000 
1 38 30 24 19 70 35 1014 1002 8 3 19 1000 
1 38 30 21 18 58 31 1007 1002 5 3 21 1000 
1 38 30 24 19 59 33 1006 1001 5 2 19 1000 
1 36 29 23 19 66 39 1005 1001 3 2 23 1000 
1 37 27 23 20 70 42 1006 1002 5 3 14 1000 
1 37 29 23 21 70 44 1005 1002 5 3 14 1000 
1 36 28 23 21 74 44 1007 1002 5 3 10 1000 
1 33 26 28 21 84 52 1006 1002 5 0 19 0001 
1 27 26 24 22 84 74 1005 1003 3 1 10 0010 
1 29 27 24 22 84 70 1006 1003 3 2 8 0010 
1 33 27 25 21 79 55 1005 1003 4 1 23 0010 
1 33 28 24 22 79 55 1006 1002 3 1 19 0010 
1 32 27 24 20 79 59 1007 1003 3 1 14 0010 
1 33 27 24 21 74 52 1007 1002 4 3 10 1000 
1 34 27 24 22 79 52 1005 1002 4 2 10 1000 
1 35 27 24 22 79 47 1006 1002 5 3 13 1000 
1 35 29 24 20 74 41 1005 1002 8 3 16 1000 
1 35 27 23 21 74 44 1005 1001 7 3 19 1000 
1 37 29 23 18 66 37 1004 999 7 3 16 1000 
1 38 29 24 17 74 35 1004 1000 5 2 16 1000 
1 37 29 23 17 62 32 1005 1002 8 2 16 1000 
1 34 27 25 22 79 56 1009 1005 4 1 13 0001 
1 37 28 25 20 84 37 1009 1005 5 1 14 1000 
1 37 28 23 18 70 32 1009 1003 6 2 14 1000 
1 38 29 23 19 66 33 1008 1004 7 2 124 1000 
1 35 28 25 19 70 51 1010 1006 4 3 19 1000 
1 34 27 24 22 79 49 1012 1007 5 2 11 1000 
1 36 27 23 20 74 39 1009 1004 5 3 6 1000 
1 38 29 23 17 70 29 1008 1004 8 3 11 1000 
1 34 28 24 22 79 52 1018 1007 4 3 19 1000 
1 34 27 23 21 79 46 1013 1007 6 2 14 1000 
1 35 28 23 21 74 44 1012 1007 7 3 13 1000 
1 35 24 23 20 83 44 1013 1008 7 3 27 0001 
1 34 26 24 11 83 39 1012 1007 4 2 11 1000 
1 34 26 24 20 74 52 1021 1008 6 3 19 0010 
1 31 24 23 20 83 58 1012 1008 5 1 14 1000 
1 32 26 23 21 83 52 1013 1008 5 2 14 1000 
1 33 26 24 22 83 52 1012 1000 5 2 16 1000 
1 33 26 24 11 79 27 1012 1008 5 2 19 1000 
1 33 25 23 21 83 49 1011 1006 3 1 8 1000 
1 36 26 22 16 78 30 1010 1005 5 1 14 1000 
1 33 24 19 15 65 34 1010 1007 4 1 8 1000 
1 37 24 17 10 61 19 1012 1007 5 1 14 1000 
1 37 24 16 9 57 18 1012 1008 5 2 13 1000 
1 35 27 17 13 48 28 1010 1008 4 1 6 1000 
1 34 23 18 12 69 26 1013 1010 4 1 6 1000 
1 34 21 16 12 68 26 1015 1011 4 1 8 1000 
1 33 21 16 11 69 26 1015 1010 4 1 6 1000 
1 34 21 15 11 60 24 1014 1009 5 1 8 1000 
1 34 21 16 10 60 23 1010 1005 4 1 10 1000 
1 25 22 15 13 64 47 1008 1006 3 1 11 1000 
1 34 26 16 12 54 26 1009 1005 5 1 10 1000 
1 33 21 17 13 73 31 1011 1007 3 1 10 1000 
1 33 21 18 13 68 29 1013 1009 3 1 10 1000 
1 32 23 18 15 69 38 1016 1012 3 1 8 1000 
1 33 21 17 13 73 29 1017 1013 4 1 10 1000 
1 33 21 16 11 65 26 1015 1010 4 1 14 1000 
1 31 21 17 12 60 40 1015 1010 2 1 8 1000 
1 33 21 16 10 65 24 1014 1010 4 1 14 1000 
1 33 20 14 11 60 26 1012 1008 5 1 14 1000 
1 33 20 16 9 61 28 1010 1007 5 1 19 1000 
1 33 20 16 11 73 26 1011 1007 5 1 16 1000 
1 33 20 15 11 64 27 1008 1005 5 1 11 1000 
1 33 21 15 11 64 26 1010 1006 5 1 11 1000 
1 32 21 16 12 68 29 1013 1009 5 1 14 1000 
1 33 21 16 11 68 28 1015 1011 4 1 10 1000 
1 32 20 15 10 64 26 1014 1009 5 1 8 1000 
1 34 21 13 11 53 24 1013 1009 5 1 13 1000 
1 33 21 15 11 57 28 1014 1010 4 1 11 1000 
1 33 23 14 10 50 26 1014 1011 5 1 11 1000 
1 30 21 15 7 61 23 1015 1012 5 0 13 1000 
1 28 17 9 4 55 21 1016 1013 5 0 19 1000 
1 28 15 9 6 59 26 1015 1001 6 1 23 1000 
1 30 15 9 4 59 19 1015 1012 6 1 11 1000 
1 31 17 10 5 49 22 1017 1013 6 1 13 1000 
1 31 16 9 7 55 22 1017 1014 5 1 10 1000 
1 31 15 9 6 59 22 1017 1014 6 1 26 1000 
1 30 17 11 6 52 25 1018 1013 5 2 26 1000 
1 30 17 11 7 64 23 1017 1014 6 1 19 1000 
1 29 16 11 5 59 22 1019 1016 4 1 14 1000 
1 29 15 9 3 55 19 1020 1016 6 1 19 1000 
1 28 15 6 3 51 20 1020 1016 5 1 19 1000 
1 28 15 8 4 51 23 1018 1013 5 1 14 1000 
1 28 15 9 6 59 26 1018 1014 4 1 6 1000 
1 28 15 9 6 59 25 1019 1014 5 1 11 1000 
1 29 12 8 4 67 20 1020 1016 4 1 10 1000 
1 29 14 8 4 63 20 1019 1015 5 0 21 1000 
1 26 15 8 4 59 24 1017 1013 5 2 23 1000 
1 27 15 10 6 63 26 1016 1012 4 1 11 1000 
1 27 14 9 6 63 26 1016 1013 4 1 16 1000 
1 25 12 7 3 67 24 1017 1014 5 1 23 1000 
1 27 13 10 3 77 24 1017 1014 5 2 21 1000 
1 27 14 10 4 59 30 1018 1014 4 1 13 1000 
1 27 15 10 7 67 28 1017 1014 3 1 8 1000 
1 26 14 13 8 77 32 1019 1016 2 0 8 1000 
1 25 13 13 5 88 28 1020 1017 3 0 16 0100 
1 25 11 11 6 82 36 1020 1017 3 1 10 1000 
1 25 12 11 6 88 29 1020 1016 4 1 8 0100 
1 24 11 11 7 88 36 1019 1015 3 1 10 0100 
1 24 11 11 6 82 33 1018 1014 3 1 10 0100 
1 21 12 12 10 88 52 1018 1013 2 1 19 0100 
1 20 11 12 8 88 52 1021 1016 3 1 8 1000 
1 22 10 11 8 100 41 1021 1017 4 0 14 0100 
1 22 10 11 7 100 38 1019 1017 3 0 16 0100 
1 23 9 9 7 87 36 1020 1017 3 1 11 0100 
1 24 9 9 6 87 31 1020 1017 3 1 11 0100 
1 24 9 8 6 87 31 1019 1014 3 1 13 0100 
1 24 9 7 3 82 25 1017 1014 3 1 11 1000 
1 24 9 10 3 82 27 1017 1013 4 1 26 1000 
1 24 10 8 3 67 31 1018 1014 4 1 14 1000 
1 24 9 9 6 82 31 1019 1015 3 1 8 0100 
1 24 10 10 4 82 29 1018 1015 3 0 10 0100 
1 23 9 10 4 87 31 1018 1015 3 0 11 0100 
1 22 9 10 6 87 35 1020 1016 3 1 19 0100 
1 21 8 9 6 100 38 1019 1016 2 0 13 0100 
1 20 8 9 5 87 37 1021 1018 2 1 8 0100 
1 21 10 10 7 87 46 1022 1018 2 1 8 0100 
1 21 12 11 8 77 43 1022 1018 1 0 8 0100 
1 21 7 9 6 93 38 1021 1017 1 0 8 0100 
1 22 8 10 5 93 35 1018 1015 2 0 10 0100 
1 27 9 11 6 94 56 1020 1016 1 0 11 0100 
1 18 7 12 1 100 44 1022 1018 1 0 8 0100 
1 21 7 13 7 100 49 1020 1016 1 0 6 0100 
1 19 6 10 5 100 40 1016 1013 2 0 10 0100 
1 27 5 12 5 100 38 1018 1014 1 0 8 0100 
