1 15 4 12 4 100 67 1017 1012 1 0 11 0100 
1 9 6 9 6 100 100 1018 1014 1 0 16 0100 
1 10 4 10 4 100 87 1020 1016 2 0 13 0100 
1 13 3 9 3 100 63 1019 1015 2 0 13 0100 
1 11 2 9 2 100 76 1017 1014 2 0 13 0100 
1 10 4 9 4 100 82 1020 1016 2 0 13 0100 
1 11 1 9 1 100 67 1021 1016 2 0 14 0100 
1 14 3 7 2 100 44 1019 1016 4 0 19 0100 
1 20 2 10 0 100 26 1019 1015 6 0 23 0100 
1 20 5 7 3 100 33 1017 1014 4 1 26 0100 
1 21 5 10 5 100 35 1018 1014 5 1 23 0100 
1 24 7 13 7 100 34 1018 1013 3 1 14 0100 
1 21 11 16 11 100 64 1015 1012 1 0 19 0100 
1 19 9 18 9 100 83 1017 1013 1 0 13 0100 
1 21 6 15 6 100 43 1017 1014 3 0 14 0100 
1 23 11 17 10 100 46 1019 1015 2 0 16 0100 
1 19 15 19 12 100 82 1018 1014 3 1 19 0010 
1 16 11 16 11 100 100 1019 1011 5 2 23 0001 
1 18 8 15 5 100 45 1022 1019 5 0 23 0100 
1 17 6 11 6 100 48 1021 1018 5 0 21 0100 
1 19 5 10 3 100 37 1023 1019 5 1 16 0100 
1 18 5 10 4 100 40 1023 1019 5 1 13 0100 
1 19 5 11 2 100 32 1022 1018 4 0 14 0100 
1 19 6 11 5 100 40 1022 1018 3 0 16 0100 
1 20 6 10 3 100 33 1021 1018 5 0 21 0100 
1 20 5 11 4 100 35 1021 1018 4 1 21 0100 
1 21 7 11 4 100 35 1020 1017 4 1 21 0100 
1 21 7 10 3 100 31 1019 1016 5 1 13 0100 
1 22 8 11 5 100 35 1017 1015 3 0 16 0100 
1 23 8 14 6 100 33 1019 1016 2 0 11 0100 
1 21 10 14 9 100 46 1020 1016 2 0 13 0100 
1 22 8 16 8 100 50 1021 1016 2 0 11 0100 
1 23 14 18 8 100 38 1019 1015 3 0 11 0100 
1 25 10 16 6 100 29 1017 1013 3 0 11 0100 
1 19 16 17 12 94 68 1018 1011 4 1 34 0001 
1 18 14 18 14 100 94 1018 1012 3 1 27 0001 
1 21 14 17 5 100 37 1020 1017 6 1 23 0010 
1 19 9 13 7 100 46 1021 1016 5 1 23 0100 
1 20 7 13 7 100 52 1018 1016 5 1 23 0100 
1 21 8 12 7 100 40 1019 1015 5 1 16 0100 
1 22 9 14 4 100 31 1019 1015 4 0 11 0100 
1 22 9 15 8 100 41 1019 1014 4 0 13 0100 
1 22 9 15 7 100 38 1020 1013 4 0 19 0100 
1 24 10 16 8 100 36 1018 1014 5 1 14 0100 
1 25 11 15 5 100 28 1016 1012 5 1 13 0100 
1 22 15 18 8 100 41 1014 1009 4 1 34 0001 
1 17 13 17 13 100 94 1011 1004 4 2 26 0001 
1 18 13 16 13 100 83 1015 1008 4 1 11 0010 
1 19 10 18 10 100 82 1017 1013 4 0 14 0100 
1 21 12 17 11 100 64 1017 1014 4 0 16 0100 
1 22 10 19 10 100 64 1019 1015 3 0 19 0100 
1 26 12 18 10 100 36 1017 1014 4 0 14 0100 
1 25 16 19 11 100 41 1019 1014 4 1 24 0001 
1 21 14 18 13 100 64 1020 1012 6 1 37 0001 
1 22 12 18 12 100 64 1020 1017 6 1 19 1000 
1 23 12 16 11 100 53 1020 1017 5 1 16 0100 
1 25 12 19 9 100 36 1019 1013 5 2 16 1000 
1 26 17 16 7 88 30 1016 1011 5 2 16 1000 
1 25 13 18 5 100 28 1019 1015 5 1 24 0100 
1 23 10 13 5 100 31 1019 1015 5 2 27 1000 
1 25 11 14 9 100 36 1018 1015 6 3 27 1000 
1 27 12 18 11 100 39 1018 1014 5 1 23 1000 
1 29 13 18 5 100 23 1018 1014 5 1 13 1000 
1 29 14 20 7 100 25 1019 1015 5 1 16 1000 
1 29 14 20 7 100 25 1018 1015 6 0 19 0100 
1 30 15 17 8 100 27 1017 1014 5 1 21 1000 
1 31 15 18 5 100 20 1018 1014 5 1 13 1000 
1 32 16 18 5 94 18 1014 1008 5 1 14 1000 
1 31 20 15 8 68 29 1010 1006 5 2 19 1000 
1 31 17 23 10 94 27 1013 1010 3 1 16 1000 
1 31 17 22 10 100 27 1013 1010 4 0 14 0100 
1 32 17 19 9 100 24 1014 1009 3 1 14 0100 
1 28 19 18 10 83 36 1015 1010 5 2 21 1000 
1 28 14 15 5 94 23 1019 1015 5 1 21 1000 
1 28 14 16 10 100 32 1019 1014 4 1 13 0100 
1 29 17 18 10 100 30 1019 1013 5 1 23 0100 
1 29 15 19 12 100 35 1014 1009 6 0 29 0100 
1 31 16 20 14 100 35 1011 1008 5 1 26 0100 
1 34 18 24 6 100 17 1013 1009 5 0 16 0001 
1 32 18 22 8 100 22 1013 1008 5 1 24 0100 
1 31 16 18 7 100 27 1009 1006 5 0 23 0100 
1 33 21 16 7 68 20 1010 1007 5 2 23 1000 
1 34 22 17 9 65 21 1013 1008 5 3 23 1000 
1 28 17 18 7 100 26 1014 1010 5 0 23 0100 
1 28 16 17 11 94 37 1011 1007 5 1 23 0100 
1 29 16 16 8 94 27 1011 1008 5 1 21 0100 
1 32 17 20 9 94 24 1012 1007 4 1 23 0001 
1 28 19 17 13 88 47 1011 1009 4 1 23 0001 
1 29 16 18 12 100 35 1011 1008 5 0 23 0100 
1 31 18 21 11 100 31 1011 1008 5 1 19 0100 
1 34 19 20 5 100 16 1011 1008 5 1 16 0100 
1 35 19 18 7 88 19 1014 1007 5 2 27 0001 
1 31 18 19 10 88 27 1013 1008 5 1 23 1000 
1 32 18 17 3 94 16 1011 1007 5 1 26 0100 
1 33 17 19 5 100 17 1009 1006 5 1 19 0100 
1 34 17 16 2 94 13 1009 1005 4 1 26 1000 
1 36 18 13 5 68 15 1009 1005 6 1 24 1000 
1 37 20 14 5 68 15 1010 1006 4 1 19 1000 
1 38 23 14 5 53 14 1010 1006 4 1 14 1000 
1 36 25 13 7 44 18 1010 1006 4 3 19 0001 
1 36 21 14 5 64 15 1010 1006 4 2 19 1000 
1 35 23 13 7 50 18 1011 1007 4 1 23 1000 
1 36 24 14 6 50 16 1011 1007 3 1 16 0001 
1 35 24 17 9 61 20 1011 1006 4 2 23 0001 
1 36 21 15 9 68 20 1007 1004 4 1 19 1000 
1 40 23 14 4 57 12 1005 998 3 1 27 1000 
1 37 21 12 2 56 11 1005 1001 5 2 23 1000 
1 37 22 8 -2 31 8 1006 1002 5 2 14 1000 
1 38 22 11 -3 43 8 1007 1002 5 1 14 1000 
1 37 24 11 2 39 12 1006 1002 3 2 23 1000 
1 32 24 14 10 47 29 1010 1005 5 3 27 1000 
1 31 21 17 11 73 29 1014 1009 5 3 23 1000 
1 34 23 16 10 65 23 1013 1009 4 2 14 1000 
1 37 25 15 10 54 19 1013 1008 5 2 11 1000 
1 37 26 18 9 61 18 1012 1007 4 2 21 1000 
1 34 27 16 12 51 28 1012 1008 5 2 29 1000 
1 38 27 16 6 45 15 1011 1007 5 2 24 1000 
1 37 23 14 3 57 13 1009 1005 4 2 24 1000 
1 39 27 11 3 30 13 1009 1005 4 1 14 1000 
1 40 25 17 8 47 17 1009 1005 5 1 16 1000 
1 38 24 8 -4 27 7 1007 1002 5 1 23 1000 
1 36 22 4 -4 31 8 1004 1001 5 1 27 1000 
1 38 22 5 -3 31 7 1003 1000 5 1 23 1000 
1 41 24 8 -2 36 7 1003 999 7 2 16 1000 
1 41 27 13 3 31 10 1004 1000 4 2 19 1000 
1 40 28 17 5 43 12 1005 1001 5 1 19 1000 
1 41 26 18 2 51 9 1005 1002 5 1 23 1000 
1 41 25 9 2 34 9 1006 1002 5 1 222 1000 
1 41 26 11 4 39 10 1005 1001 5 1 19 1000 
1 40 27 10 7 34 14 1004 1001 4 2 14 1000 
1 36 27 15 7 45 22 1003 999 5 2 27 0001 
1 35 26 20 11 62 25 1007 1002 5 4 16 1000 
1 37 24 21 11 83 21 1008 1003 5 2 19 1000 
1 42 27 15 9 48 14 1006 1000 4 1 47 1000 
1 41 26 14 9 47 14 1004 1000 4 1 19 1000 
1 41 29 12 1 35 11 1011 998 4 2 21 1000 
1 42 26 12 0 36 7 1004 1000 5 1 23 1000 
1 44 28 12 1 32 7 1003 1000 3 2 14 1000 
1 45 30 8 2 25 7 1003 1000 5 2 24 1000 
1 44 31 7 2 17 8 1004 1000 5 2 23 1000 
1 46 29 8 1 25 6 1004 999 5 3 23 1000 
1 45 30 7 0 19 6 1004 999 5 2 21 1000 
1 46 31 12 4 21 9 1002 998 5 2 21 1000 
1 45 32 15 5 25 9 1002 997 4 2 29 1000 
1 43 34 14 9 24 14 1003 998 4 2 21 1000 
1 43 31 17 5 30 10 1003 998 5 2 23 1000 
1 42 32 19 11 38 17 1003 1000 3 2 23 1000 
1 42 31 19 4 43 10 1004 1000 5 2 23 1000 
1 42 30 11 1 31 8 1004 1000 4 2 23 1000 
1 40 29 11 1 31 9 1003 999 5 2 23 1000 
1 41 27 19 9 49 14 1002 998 5 2 26 1000 
1 37 27 22 17 70 30 1006 1001 4 4 26 1000 
1 37 27 23 19 74 35 1005 1000 5 4 23 1000 
1 39 29 23 19 70 31 1003 1000 4 2 23 1000 
1 42 29 25 18 79 26 1004 999 5 2 14 1000 
1 45 33 22 12 46 14 1003 998 3 2 19 1000 
1 41 28 27 15 75 28 1000 995 4 1 27 0001 
1 39 29 23 19 66 37 1002 998 3 1 21 1000 
1 40 30 27 20 74 33 1001 996 5 2 23 1000 
1 41 32 27 18 71 27 999 994 5 3 23 1000 
1 42 33 26 19 66 28 1000 994 4 2 19 1000 
1 35 29 25 21 79 44 1003 997 4 3 27 1000 
1 38 28 25 22 70 39 1002 997 4 4 19 1000 
1 33 27 26 22 84 52 1002 999 4 3 26 1000 
1 37 27 25 21 84 42 1001 997 5 1 32 0001 
1 37 23 25 21 100 42 1000 998 4 2 27 0010 
1 31 24 26 23 100 66 1000 997 3 1 19 0001 
1 30 25 27 23 100 74 998 994 4 1 16 0001 
1 31 25 29 25 100 79 1000 997 2 1 14 0100 
1 35 25 29 20 100 44 1002 999 3 1 19 1000 
1 39 28 25 18 79 29 1002 997 3 1 13 1000 
1 41 31 25 15 70 22 999 995 3 1 26 1000 
1 40 31 25 16 63 24 1000 996 3 1 27 1000 
1 40 32 27 19 71 31 1000 995 4 2 23 1000 
1 39 29 27 20 84 35 1000 996 4 2 23 1000 
1 33 28 26 24 89 59 1002 999 4 2 24 1000 
1 33 28 27 24 94 59 1002 998 3 2 16 1000 
1 37 29 26 22 84 50 1000 996 4 2 23 0010 
1 36 26 27 23 89 53 1000 995 5 3 21 1000 
1 39 29 27 21 89 35 999 995 3 2 26 1000 
1 37 28 24 19 74 35 1001 997 4 3 21 1000 
1 39 28 27 20 84 33 1000 995 4 2 23 0001 
1 36 29 27 24 84 53 999 996 3 2 23 1000 
1 33 27 27 24 89 62 1001 997 4 2 23 0010 
1 36 29 28 23 89 49 1000 997 4 2 23 1000 
1 36 29 27 23 89 49 1001 998 3 2 23 1000 
1 34 28 27 24 94 59 1003 1000 4 2 23 1000 
1 34 28 27 25 89 63 1003 999 3 1 23 0001 
1 35 27 27 25 100 56 1002 997 4 1 16 0010 
1 34 25 29 25 100 59 1000 995 3 2 23 0001 
1 34 25 27 24 100 63 999 995 4 2 27 0001 
1 36 27 28 25 100 53 1002 998 3 2 19 0010 
1 32 27 28 26 100 75 1004 999 3 2 19 0001 
1 35 28 27 25 94 56 1003 998 3 1 16 1000 
1 36 28 27 25 94 53 1001 997 3 2 16 0010 
1 35 28 27 25 89 59 1001 998 3 2 21 1000 
1 34 29 28 24 94 63 1002 999 4 1 19 1000 
1 34 28 28 27 94 67 1002 998 3 2 13 1000 
1 34 27 28 26 100 67 1000 995 3 1 11 1000 
1 35 28 28 25 94 56 1000 994 4 3 21 0010 
1 29 24 27 24 100 84 1002 998 3 1 19 0001 
1 39 26 27 25 94 50 1001 995 3 1 14 0100 
1 31 27 28 26 100 84 1000 996 3 1 16 0010 
1 34 26 27 25 94 63 1002 998 4 1 14 1000 
1 35 28 28 26 94 63 1000 997 4 2 19 1000 
1 33 26 27 25 100 66 999 995 3 2 21 1000 
1 34 25 27 25 100 59 998 995 4 1 19 1000 
1 33 27 28 25 100 63 1000 997 4 1 19 0010 
1 36 27 28 25 100 56 1001 998 4 1 11 0100 
1 35 27 30 21 100 55 1001 998 4 1 14 0010 
1 32 28 28 25 100 79 1001 997 3 1 19 0001 
1 31 26 27 24 100 79 1000 997 3 1 24 0001 
1 33 26 28 25 100 63 1001 997 3 1 14 1000 
1 33 28 27 25 94 63 1003 999 4 2 24 1000 
1 35 28 28 25 94 59 1004 1001 4 2 24 0010 
1 35 28 28 24 89 53 1004 999 5 2 14 1000 
1 34 27 28 26 100 67 1004 1000 4 1 16 0010 
1 28 25 27 25 100 94 1005 1002 2 1 13 0001 
1 29 26 27 26 100 84 1005 1001 3 1 11 0010 
1 31 27 27 26 100 79 1004 1000 4 1 14 1000 
1 28 26 27 25 100 84 1003 1001 3 1 14 0010 
1 32 26 30 25 100 66 1003 999 3 1 19 0010 
1 31 27 29 26 100 79 1005 1001 3 1 16 0010 
1 32 27 28 26 94 75 1005 1000 3 1 14 1000 
1 31 27 28 26 100 75 1003 999 3 1 23 0010 
1 33 26 27 25 100 66 1003 1000 3 1 23 0001 
1 30 26 28 25 100 84 1005 1002 4 1 19 1000 
1 30 25 27 17 100 54 1004 1000 2 1 14 0001 
1 31 25 28 25 100 79 1003 998 3 1 19 0010 
1 31 26 28 25 100 79 1003 999 3 1 14 0001 
1 32 26 28 26 100 70 1004 999 3 1 13 0001 
1 32 26 28 25 100 70 1002 999 3 1 11 0001 
1 33 26 28 25 100 66 1002 998 4 1 16 0001 
1 31 26 26 24 100 70 1005 1001 4 2 14 0010 
1 34 27 27 25 100 63 1004 1001 3 1 11 1000 
1 35 28 27 25 94 56 1004 1001 3 2 16 1000 
1 34 27 28 26 100 63 1004 999 3 1 10 0001 
1 35 27 28 25 100 56 1002 998 3 1 16 1000 
1 34 28 28 25 84 63 1003 999 3 2 23 1000 
1 32 27 25 22 84 58 1007 1002 3 1 16 1000 
1 34 25 26 23 94 52 1007 1004 4 2 19 1000 
1 31 27 27 23 100 66 1007 1003 4 3 14 1000 
1 33 26 27 24 100 59 1006 1003 5 3 19 0010 
1 34 30 25 23 74 55 1006 1004 5 4 19 1000 
1 35 26 24 23 83 53 1007 1003 5 4 23 1000 
1 35 26 24 22 83 49 1007 1002 4 3 24 1000 
1 34 25 24 21 83 49 1007 1002 4 3 26 1000 
1 34 25 24 20 78 46 1005 1001 5 3 23 1000 
1 34 26 22 20 74 49 1007 1003 5 3 21 1000 
1 35 26 23 20 70 41 1009 1005 4 3 19 1000 
1 34 27 24 20 84 46 1010 1006 3 2 21 1000 
1 34 27 24 21 84 46 1011 1007 2 2 98 0010 
1 35 25 24 20 94 41 1009 1004 5 1 19 1000 
1 36 28 24 19 79 37 1009 1005 4 3 16 1000 
1 35 26 25 21 94 46 1010 1007 4 2 19 1000 
1 35 27 25 23 84 49 1011 1007 4 1 10 1000 
1 36 27 27 21 100 44 1009 1003 3 1 16 0100 
1 36 27 26 19 89 39 1006 1000 3 1 21 1000 
1 34 25 24 18 89 51 1006 1001 3 2 19 1000 
1 35 25 23 15 83 32 1007 1002 4 2 14 1000 
1 35 24 23 18 94 36 1007 1002 4 2 19 1000 
1 35 25 24 20 94 41 1006 1001 3 2 13 1000 
1 33 26 25 22 89 62 1005 1003 4 1 27 1000 
1 33 24 25 23 100 55 1006 1004 4 1 24 0001 
1 33 24 25 23 94 55 1005 1001 4 1 21 1000 
1 34 27 26 23 89 52 1005 1001 4 2 13 1000 
1 35 27 26 23 89 52 1006 1002 3 2 19 1000 
1 34 27 25 22 89 52 1008 1004 4 2 19 0001 
1 33 25 25 23 100 59 1010 1007 5 1 21 1000 
1 34 26 25 24 89 56 1009 1005 4 2 16 0010 
1 35 25 25 23 94 49 1009 1004 4 2 14 1000 
1 30 26 26 22 89 70 1007 1003 3 1 16 1000 
1 30 24 25 23 94 66 1008 1004 4 2 16 0001 
1 32 25 25 21 94 58 1010 1007 4 3 16 1000 
1 33 25 23 20 89 52 1013 1009 4 3 23 1000 
1 33 24 21 20 83 46 1012 1007 5 3 24 1000 
1 26 23 23 20 94 78 1010 1006 4 2 23 0010 
1 32 23 23 20 94 49 1008 1003 3 2 14 1000 
1 33 24 24 22 94 52 1009 1006 2 1 13 1000 
1 33 26 24 22 89 52 1012 1008 3 1 11 1000 
1 34 25 24 22 89 49 1013 1003 4 1 13 1000 
1 34 26 24 21 89 46 1014 1010 4 2 16 1000 
1 34 25 23 19 89 43 1014 1010 3 2 11 1000 
1 29 21 23 20 100 66 1017 1009 5 1 21 0001 
1 30 23 24 21 94 62 1012 1008 4 2 10 0010 
1 31 24 24 20 100 52 1011 1007 3 1 11 1000 
1 32 24 24 22 94 55 1010 1006 4 1 19 1000 
1 33 23 23 17 94 43 1011 1008 4 2 14 1000 
1 33 21 22 15 100 34 1012 1008 5 1 11 1000 
1 33 22 22 18 94 41 1012 1009 4 1 13 1000 
1 32 23 22 20 89 49 1014 1011 3 1 13 1000 
1 32 21 21 13 88 31 1015 1011 5 1 16 1000 
1 31 19 19 13 94 33 1014 1010 4 1 11 1000 
1 31 19 19 11 94 29 1012 1009 4 1 14 1000 
1 33 18 18 13 94 29 1013 1010 4 1 10 1000 
1 31 20 20 15 88 38 1017 1012 3 1 11 1000 
1 30 19 20 17 94 48 1016 1012 3 1 10 0100 
1 30 19 19 15 94 40 1015 1010 2 1 11 0100 
1 30 19 19 17 94 45 1014 1010 3 1 10 0100 
1 30 18 20 10 94 29 1014 1009 3 0 14 0100 
1 30 18 16 13 83 35 1012 1009 3 1 19 1000 
1 31 17 15 11 88 29 1014 1010 2 1 11 0100 
1 32 16 16 11 88 27 1016 1011 4 1 16 0100 
1 30 20 18 12 88 37 1016 1012 4 1 14 1000 
1 29 19 19 12 73 40 1016 1012 4 1 21 1000 
1 27 17 17 11 88 39 1016 1013 2 1 16 0100 
1 28 14 12 4 82 23 1018 1014 4 1 21 0100 
1 28 13 12 6 82 26 1020 1016 4 0 14 0100 
1 25 13 12 8 88 34 1019 1016 1 0 8 0100 
1 27 14 14 10 82 36 1018 1014 3 1 13 0100 
1 26 18 16 12 83 42 1018 1014 2 1 16 0010 
1 25 16 16 12 88 47 1018 1014 2 1 11 0100 
1 25 14 15 12 94 44 1019 1015 3 1 11 1000 
1 25 13 14 8 100 34 1019 1015 3 0 19 0100 
1 25 12 11 6 88 31 1016 1011 4 1 23 1000 
1 25 12 9 6 82 29 1015 1012 4 1 14 1000 
1 25 11 11 4 88 26 1017 1013 3 1 16 0100 
1 25 11 10 4 88 26 1018 1013 4 1 14 1000 
1 25 9 9 4 87 26 1018 1015 4 1 11 1000 
1 26 12 9 4 82 24 1020 1016 3 1 8 1000 
1 25 9 8 2 87 22 1020 1016 3 1 16 0100 
1 27 10 8 3 76 21 1020 1015 4 1 19 1000 
1 26 10 9 4 82 24 1018 1014 4 2 19 1000 
1 27 11 10 6 77 26 1016 1011 4 1 11 1000 
1 27 10 11 6 88 26 1014 1010 4 1 14 1000 
1 26 13 13 9 88 34 1018 1014 2 1 10 0100 
1 27 11 13 10 94 34 1017 1012 2 0 13 0100 
1 27 12 11 6 88 26 1018 1013 3 1 14 0100 
1 28 13 11 6 82 25 1016 1011 4 1 23 1000 
1 28 14 11 8 77 28 1014 1010 4 2 23 1000 
1 27 13 12 8 82 30 1016 1013 4 1 13 1000 
1 27 12 12 6 88 26 1019 1016 3 1 13 0100 
1 27 11 11 5 94 24 1020 1015 4 1 23 0100 
1 26 11 11 5 82 26 1018 1014 4 1 19 1000 
1 27 10 10 4 82 23 1018 1014 4 1 11 1000 
1 27 14 9 3 72 23 1019 1014 5 1 14 1000 
1 26 11 8 4 72 26 1018 1015 3 1 14 1000 
1 25 12 11 5 88 29 1019 1015 4 1 19 0100 
1 25 10 10 7 87 32 1018 1013 4 2 19 1000 
1 24 10 10 7 82 36 1016 1012 3 1 14 0100 
1 25 9 11 7 94 34 1016 1013 3 1 11 0100 
1 26 12 13 8 94 32 1016 1012 2 0 10 0100 
1 24 10 13 9 100 41 1015 1011 2 0 13 0100 
1 24 10 12 8 94 36 1016 1012 2 0 122 0100 
1 24 9 11 7 100 34 1016 1012 3 0 19 0100 
1 23 10 10 7 94 38 1015 1012 4 1 26 1000 
1 24 10 10 7 87 34 1014 1011 3 1 23 1000 
1 23 10 12 8 94 41 1014 1011 3 1 11 0100 
1 24 11 12 9 94 38 1016 1013 3 1 13 0100 
1 24 11 17 8 100 38 1018 1014 2 0 8 0100 
1 23 10 16 9 100 41 1016 1012 2 0 10 0100 
1 22 10 17 10 100 60 1014 1010 1 0 13 0100 
1 22 11 15 11 100 60 1014 1011 1 0 14 0100 
1 18 13 15 13 100 82 1018 1014 1 0 13 0100 
1 16 13 15 13 100 88 1018 1015 1 0 11 0100 
1 17 13 15 12 100 82 1020 1016 1 0 100 0100 
1 17 10 14 10 100 77 1022 1019 2 0 16 0100 
1 19 8 12 8 100 52 1023 1019 3 0 19 0100 
1 20 6 9 1 100 30 1022 1018 3 0 23 0100 
1 19 5 8 0 87 28 1021 1017 4 0 19 0100 
1 16 9 9 2 94 48 1021 1016 3 1 16 0010 
1 18 7 8 0 93 30 1020 1017 3 1 14 0100 
1 18 4 6 0 93 32 1020 1016 3 0 16 0100 
1 19 4 12 -3 100 23 1020 1015 3 0 16 0001 
1 16 11 12 10 100 68 1021 1016 4 1 19 0100 
