1 12 9 12 9 100 94 1020 1016 1 0 14 0100 
1 16 7 11 7 100 68 1021 1017 2 0 19 0100 
1 18 3 8 3 100 42 1020 1017 5 0 27 0100 
1 19 3 8 3 100 40 1019 1016 4 0 24 0100 
1 19 4 8 4 100 37 1021 1017 4 0 23 0100 
1 18 6 8 -3 100 27 1022 1018 4 1 19 0100 
1 17 4 2 -7 71 19 1022 1018 4 1 26 0100 
1 16 3 8 -2 93 38 1021 1017 3 0 16 0100 
1 20 4 11 4 100 35 1021 1017 2 0 11 0100 
1 19 7 10 6 100 46 1021 1017 2 0 19 0100 
1 19 3 8 2 100 32 1020 1016 3 0 23 0100 
1 19 4 7 3 100 40 1021 1017 3 0 14 0100 
1 19 3 5 2 100 35 1020 1016 4 1 27 0100 
1 19 4 7 3 93 35 1018 1014 4 1 23 0100 
1 21 5 7 1 100 27 1018 1014 4 1 19 0100 
1 21 5 7 2 100 30 1019 1014 3 0 26 0100 
1 22 6 8 3 93 31 1021 1017 3 1 26 0100 
1 22 8 10 3 93 29 1021 1017 4 0 19 0100 
1 25 8 11 6 100 32 1019 1015 4 1 14 0100 
1 21 8 10 7 100 43 1018 1014 4 0 19 0100 
1 20 6 7 2 93 33 1019 1016 4 0 23 0100 
1 22 5 7 -1 100 22 1020 1016 5 1 26 0100 
1 22 5 7 2 87 31 1023 1018 5 1 14 0100 
1 23 5 11 5 100 33 1023 1019 2 0 19 0100 
1 26 7 10 5 100 26 1020 1015 3 0 27 0100 
1 30 9 16 7 94 25 1017 1014 3 1 11 0100 
1 29 13 18 10 100 30 1019 1015 3 0 19 0100 
1 29 15 18 14 100 42 1020 1016 2 0 24 0100 
1 31 15 18 15 100 38 1018 1014 3 0 19 0001 
1 30 17 16 12 88 35 1019 1015 4 1 23 1000 
1 28 14 15 11 94 37 1021 1016 5 0 23 0100 
1 27 11 15 9 100 32 1019 1015 3 0 26 0100 
1 29 11 13 2 100 20 1019 1015 4 1 11 0100 
1 29 12 14 6 100 25 1019 1014 3 0 14 0100 
1 27 12 16 8 94 30 1016 1011 4 0 23 0100 
1 27 12 15 11 100 42 1014 1011 3 0 23 0100 
1 29 15 18 12 94 35 1014 1009 3 1 23 0100 
1 25 16 19 12 100 57 1016 1010 3 1 26 0100 
1 25 12 20 11 100 53 1019 1015 3 0 14 0100 
1 19 14 17 14 100 83 1019 1015 2 0 21 0100 
1 18 15 18 15 100 88 1016 1010 2 1 37 0010 
1 20 14 18 12 100 82 1014 1009 3 1 35 0001 
1 21 15 16 13 100 73 1016 1011 3 2 19 1000 
1 19 11 15 10 100 60 1012 1008 5 0 26 0001 
1 19 7 14 7 100 52 1016 1011 3 0 14 0100 
1 22 9 14 9 100 46 1015 1012 5 0 27 0100 
1 21 12 14 10 100 49 1015 1012 3 0 21 0100 
1 21 8 14 8 100 46 1017 1013 3 0 19 0100 
1 24 10 16 10 100 44 1018 1014 3 1 19 0100 
1 25 13 16 11 100 47 1019 1016 4 0 19 0100 
1 24 9 15 8 100 38 1019 1016 5 0 35 0100 
1 26 11 14 9 94 34 1018 1014 5 0 23 0100 
1 27 12 16 10 100 34 1016 1013 4 1 23 0100 
1 25 12 14 4 94 26 1014 1012 5 1 27 1000 
1 26 12 14 6 88 30 1015 1011 3 2 19 1000 
1 25 16 17 13 94 47 1013 1010 4 1 34 1000 
1 26 14 16 11 100 39 1013 1009 3 1 21 0100 
1 27 4 17 4 100 45 1018 1008 4 1 34 0010 
1 22 14 18 12 100 56 1012 1007 4 2 29 0001 
1 21 14 17 13 100 64 1013 1008 4 1 23 1000 
1 22 11 15 8 100 41 1017 1012 4 0 27 0100 
1 23 9 14 5 100 31 1016 1013 5 1 23 0100 
1 26 11 15 8 94 32 1017 1014 5 1 34 1000 
1 27 12 14 4 100 23 1018 1014 5 2 34 1000 
1 24 11 11 4 88 27 1015 1011 6 3 37 1000 
1 25 9 11 5 93 28 1013 1010 5 4 34 1000 
1 28 10 12 6 94 26 1012 1009 7 2 23 1000 
1 28 15 14 8 72 32 1013 1010 3 2 27 1000 
1 28 17 13 9 77 32 1014 1011 3 2 32 1000 
1 27 15 15 8 94 34 1015 1009 5 2 27 0001 
1 21 15 17 14 100 73 1017 1011 3 1 37 0001 
1 22 14 20 14 100 68 1014 1010 7 1 32 0001 
1 22 13 18 7 100 40 1016 1013 5 1 27 0100 
1 23 9 12 7 100 36 1018 1013 5 2 37 1000 
1 26 9 14 7 100 34 1015 1011 9 3 29 1000 
1 28 12 17 11 100 39 1014 1011 8 2 27 1000 
1 32 16 19 14 100 35 1012 1008 6 1 27 1000 
1 34 18 21 14 100 32 1012 1009 4 1 37 1000 
1 33 21 22 13 88 34 1014 1010 4 2 24 1000 
1 30 19 22 16 100 48 1012 1009 3 1 19 0010 
1 31 15 21 4 100 38 1015 1010 3 0 37 0100 
1 28 15 19 7 100 28 1015 1012 7 3 29 1000 
1 30 13 14 8 94 25 1015 1012 9 2 35 1000 
1 31 15 15 5 100 22 1013 1009 8 1 40 1000 
1 32 13 14 6 94 21 1012 1008 5 2 47 1000 
1 34 15 16 8 82 20 1013 1010 5 2 40 1000 
1 36 17 18 11 83 22 1015 1010 7 2 27 1000 
1 36 18 19 12 83 23 1013 1009 6 2 16 1000 
1 39 20 20 12 88 20 1013 1008 5 2 24 1000 
1 41 23 20 11 73 18 1013 1008 4 1 14 1000 
1 38 23 20 11 78 20 1012 1008 5 1 29 1000 
1 34 20 19 3 88 14 1011 1008 5 2 34 1000 
1 33 14 10 4 72 17 1011 1007 7 3 35 1000 
1 37 15 11 6 72 16 1010 1008 5 2 42 1000 
1 39 19 13 6 64 16 1012 1008 5 2 35 1000 
1 38 20 16 6 73 15 1012 1007 4 1 26 1000 
1 37 24 17 12 65 22 1011 1006 5 2 64 0001 
1 38 22 18 9 69 19 1010 1005 5 2 29 1000 
1 37 19 16 8 73 19 1009 1006 4 2 26 1000 
1 40 22 14 8 47 15 1009 1005 5 2 34 1000 
1 41 23 14 7 47 13 1008 1003 5 2 29 1000 
1 42 25 13 8 44 14 1008 1003 5 1 26 1000 
1 43 24 13 7 47 13 1009 1005 4 2 16 1000 
1 43 25 23 10 59 15 1011 1006 2 1 19 1000 
1 43 27 24 8 79 12 1010 1006 3 2 19 1000 
1 43 29 25 12 66 16 1010 1005 3 1 27 1000 
1 44 26 25 19 79 25 1007 1003 3 2 19 1000 
1 36 28 24 18 70 36 1013 1004 4 2 37 1000 
1 41 25 24 16 78 26 1012 1006 4 2 23 1000 
1 42 27 24 12 54 17 1010 1004 3 1 34 1000 
1 41 25 18 11 61 21 1008 1003 3 2 27 1000 
1 44 25 16 9 51 13 1007 1002 3 2 29 1000 
1 43 29 18 9 48 16 1006 1002 3 1 32 1000 
1 44 27 16 9 45 13 1007 1002 3 1 27 1000 
1 44 25 12 5 39 9 1006 1001 4 1 40 1000 
1 42 27 17 5 45 10 1008 1003 4 2 27 1000 
1 44 23 13 5 50 9 1009 1005 4 1 26 1000 
1 46 26 16 5 42 9 1009 1004 5 1 26 1000 
1 46 29 20 6 46 10 1008 1003 4 2 14 1000 
1 43 31 24 19 66 27 1010 1005 4 2 23 1000 
1 42 29 23 20 62 30 1011 1005 4 3 29 1000 
1 33 26 26 19 94 46 1010 1005 4 2 35 0001 
1 41 23 25 18 100 26 1007 1002 4 2 19 1000 
1 38 28 24 17 74 30 1008 1003 4 2 37 1000 
1 41 25 26 20 94 30 1009 1004 5 3 24 1000 
1 44 29 25 16 74 24 1006 1002 4 3 37 0001 
1 40 25 25 19 89 31 1008 1001 5 3 32 1000 
1 42 28 26 23 89 36 1005 1000 4 3 27 1000 
1 40 30 25 19 74 29 1005 1001 3 3 34 1000 
1 42 22 24 18 94 25 1007 1001 4 1 24 0001 
1 42 21 25 14 94 23 1003 998 4 2 27 0001 
1 38 25 20 16 69 27 1005 1001 5 3 34 1000 
1 40 26 23 18 69 31 1006 1001 5 3 24 1000 
1 41 28 23 12 74 26 1004 999 4 2 16 1000 
1 46 31 25 17 58 19 1001 995 5 2 32 0001 
1 45 23 26 15 88 22 1007 999 3 1 40 0001 
1 38 25 25 17 79 39 1007 1000 5 2 27 0001 
1 42 29 26 18 66 35 1005 1000 5 3 21 0001 
1 43 28 26 18 79 30 1005 1000 4 3 26 0001 
1 42 27 24 17 79 29 1005 1000 4 1 32 1000 
1 40 29 21 13 58 22 1003 998 5 2 32 1000 
1 43 30 21 12 58 16 1011 999 5 4 26 1000 
1 43 29 20 9 55 13 1004 1001 5 2 23 1000 
1 45 27 14 4 45 9 1004 1000 5 2 24 1000 
1 44 31 14 6 31 10 1002 1000 4 0 60 0001 
1 40 24 19 11 69 21 1007 1001 5 3 34 0001 
1 40 21 20 10 83 18 1009 1005 5 3 24 0010 
1 42 25 17 8 61 13 1008 1004 4 2 37 0001 
1 41 27 15 10 48 17 1008 1003 4 3 27 1000 
1 41 30 18 11 46 17 1008 1004 4 2 29 0001 
1 43 28 19 11 51 15 1008 1003 4 2 23 1000 
1 45 29 17 10 45 13 1005 1000 6 1 34 1000 
1 48 31 17 9 40 10 1003 999 5 1 39 1000 
1 48 35 16 9 29 11 1003 999 5 1 29 0001 
1 41 33 21 15 44 22 1008 1002 4 1 32 1000 
1 44 29 19 15 55 18 1005 1000 4 3 34 1000 
1 45 34 20 17 44 20 1004 999 4 3 27 1000 
1 47 34 20 16 41 18 1001 998 4 3 29 1000 
1 47 34 22 17 41 19 1001 997 5 3 32 1000 
1 49 34 22 15 38 14 999 994 5 3 29 1000 
1 48 36 27 15 48 20 997 991 4 1 32 1000 
1 44 33 27 24 66 36 997 993 4 2 29 1000 
1 39 31 26 23 70 44 1000 995 4 3 34 1000 
1 43 29 28 23 84 38 1000 995 4 3 32 1000 
1 40 29 28 25 84 45 999 995 4 3 37 1000 
1 39 29 30 25 94 47 1000 995 5 2 185 0001 
1 35 23 28 22 100 52 1001 997 6 1 24 0010 
1 33 22 28 21 100 49 1002 996 5 1 29 0001 
1 32 21 27 19 100 58 1004 998 4 1 23 0001 
1 36 27 27 19 94 49 1002 997 5 1 37 1000 
1 35 27 27 22 89 47 1003 999 4 1 26 1000 
1 32 27 26 21 89 58 1003 1000 7 1 32 1000 
1 38 28 28 24 89 50 1004 999 5 2 29 1000 
1 37 31 28 25 79 50 1005 1002 5 4 34 1000 
1 38 30 27 25 75 47 1005 1000 5 4 34 1000 
1 40 29 28 24 75 42 1003 998 7 3 27 0001 
1 37 27 29 23 94 44 1003 998 5 3 34 0001 
1 37 29 28 24 89 53 1001 996 6 3 34 1000 
1 32 28 29 25 100 74 1000 997 5 2 29 0010 
1 35 27 29 23 100 59 1001 998 5 2 27 1000 
1 38 30 29 23 94 47 1001 995 7 3 27 1000 
1 37 30 27 24 75 50 998 994 5 4 29 1000 
1 37 29 27 21 84 44 997 994 5 3 34 0001 
1 34 26 27 23 100 59 998 995 4 2 27 0001 
1 33 27 30 25 100 66 998 994 3 1 23 0001 
1 37 28 29 24 100 53 996 993 5 1 142 0010 
1 38 29 29 26 94 60 998 995 4 2 16 1000 
1 38 28 29 22 89 53 999 996 4 2 27 0010 
1 36 29 27 22 89 44 1000 996 5 3 34 0001 
1 33 28 26 22 84 52 999 996 5 4 29 0010 
1 34 27 28 22 89 55 999 996 5 3 27 1000 
1 39 29 29 25 94 47 1000 996 4 3 19 1000 
1 41 28 30 23 94 40 1000 994 4 1 19 0001 
1 37 28 30 6 100 25 998 995 3 2 29 0001 
1 35 24 29 21 100 59 1000 995 4 2 29 0001 
1 37 26 29 21 100 52 1000 996 3 2 27 0001 
1 37 27 29 24 100 56 1001 996 4 2 16 1000 
1 37 29 28 25 89 50 1000 996 5 3 19 0001 
1 38 30 29 25 79 50 1001 998 4 3 26 1000 
1 39 31 28 23 79 42 1001 998 5 3 29 1000 
1 38 31 25 23 63 44 1001 998 5 3 32 1000 
1 38 29 27 22 79 42 1001 997 5 2 29 0010 
1 37 31 26 23 70 47 1001 998 4 4 23 1000 
1 35 30 27 22 79 49 1004 1000 5 4 23 1000 
1 35 29 28 22 89 56 1005 1001 5 3 26 0010 
1 38 29 27 22 89 39 1004 998 5 3 27 1000 
1 40 30 26 22 79 37 1001 997 4 3 32 1000 
1 40 29 26 21 79 40 1000 997 5 3 29 1000 
1 36 26 27 23 94 56 1002 998 5 2 23 1000 
1 36 26 29 25 100 63 1004 999 3 2 14 0001 
1 39 29 28 23 94 44 1005 1001 5 2 14 1000 
1 39 30 27 23 79 44 1004 999 3 2 26 1000 
1 37 26 27 22 94 50 1002 998 4 2 24 0001 
1 29 24 27 21 94 74 1002 999 4 2 26 0001 
1 30 25 27 23 100 74 1004 1000 5 1 11 0010 
1 34 26 28 24 100 59 1001 996 4 2 19 0001 
1 35 27 27 23 94 55 999 996 4 2 19 0001 
1 37 28 28 24 89 47 1000 997 5 3 19 1000 
1 37 30 28 22 89 42 1001 997 5 3 21 1000 
1 36 30 25 19 70 41 999 996 5 4 26 1000 
1 35 28 25 21 79 49 1000 997 5 4 26 1000 
1 38 26 27 23 94 44 1001 998 5 4 14 1000 
1 37 29 28 21 74 44 1000 996 5 4 27 1000 
1 35 29 27 20 70 52 999 995 5 4 24 1000 
1 35 28 24 20 74 46 999 995 5 4 24 1000 
1 35 28 25 20 66 49 1001 997 4 3 24 1000 
1 35 26 23 19 74 41 1001 998 5 4 34 1000 
1 38 28 23 18 62 39 1000 998 5 4 27 1000 
1 38 28 23 18 62 35 1001 998 4 4 27 1000 
1 38 27 23 17 62 37 1003 999 5 3 32 1000 
1 32 26 26 20 100 66 1005 1002 5 2 19 0010 
1 35 27 26 20 89 41 1007 1004 5 3 23 1000 
1 35 28 25 20 84 44 1006 1002 5 4 24 1000 
1 34 27 25 20 74 46 1005 1001 5 4 34 0010 
1 37 26 26 22 94 47 1005 1002 5 4 14 0010 
1 37 30 27 21 84 44 1007 1004 6 3 26 1000 
1 35 29 28 18 89 49 1008 1003 5 2 19 0010 
1 39 28 27 21 89 35 1005 1000 5 3 26 1000 
1 38 27 27 16 79 47 1005 1001 5 2 19 0010 
1 34 27 25 20 89 49 1006 1002 5 3 23 1000 
1 35 27 26 21 89 47 1005 1001 5 2 16 1000 
1 36 28 26 21 89 44 1004 1000 5 4 19 1000 
1 32 28 27 20 89 52 1004 1000 5 3 26 1000 
1 35 27 25 21 84 47 1003 999 4 2 19 1000 
1 36 27 26 20 89 47 1004 1000 4 3 23 1000 
1 37 26 27 22 84 44 1003 999 4 2 19 1000 
1 36 29 28 21 89 44 1002 997 3 1 14 1000 
1 38 28 26 16 79 29 999 995 6 2 32 1000 
1 33 27 28 19 94 51 1001 997 4 3 19 0010 
1 35 26 28 18 94 44 1002 998 5 3 16 1000 
1 38 26 26 20 100 37 1004 1000 7 3 14 1000 
1 36 27 26 16 74 44 1006 1002 6 3 23 1000 
1 37 27 28 15 89 34 1006 1002 5 4 27 0001 
1 37 26 26 16 94 40 1007 1003 7 4 27 0001 
1 37 25 27 20 94 42 1006 1002 6 3 24 1000 
1 36 25 25 20 89 49 1007 1003 6 3 27 1000 
1 33 24 26 21 100 66 1008 1004 4 3 23 0010 
1 33 25 28 24 100 63 1006 1002 5 2 14 1000 
1 37 25 27 23 94 47 1006 1002 5 3 19 1000 
1 38 27 28 23 94 44 1008 1004 5 2 14 1000 
1 39 28 28 23 94 40 1007 1002 5 3 19 1000 
1 39 30 30 25 89 45 1006 1001 5 3 16 1000 
1 38 28 29 25 94 50 1007 1002 4 2 14 1000 
1 39 29 29 23 94 42 1007 1002 5 2 16 1000 
1 40 29 29 17 94 26 1006 1002 4 3 19 1000 
1 37 25 23 17 83 32 1007 1002 5 4 26 1000 
1 38 27 22 15 74 25 1005 1002 6 4 182 1000 
1 33 26 22 19 78 46 1006 1003 6 4 23 1000 
1 29 23 24 21 100 62 1008 1004 5 3 21 0010 
1 31 25 25 22 94 58 1008 1004 5 2 21 1000 
1 35 24 25 20 94 44 1007 1004 5 4 24 0001 
1 35 23 25 17 100 36 1010 1006 5 3 21 1000 
1 36 22 23 13 94 25 1012 1008 5 1 27 1000 
1 37 21 19 8 83 17 1009 1005 5 3 34 1000 
1 38 21 17 8 73 16 1007 1004 5 2 26 1000 
1 39 23 16 3 65 11 1008 1005 4 2 19 1000 
1 40 21 17 3 73 11 1009 1006 4 2 16 1000 
1 39 22 17 6 61 16 1009 1005 4 1 19 1000 
1 37 21 16 6 68 15 1008 1004 5 2 37 1000 
1 37 19 11 1 56 10 1007 1004 5 3 37 1000 
1 37 19 11 -2 52 9 1007 1004 4 3 34 1000 
1 37 16 12 1 60 12 1009 1006 5 2 32 1000 
1 36 18 10 2 52 12 1010 1006 4 1 23 1000 
1 36 18 12 3 60 13 1012 1009 4 1 21 1000 
1 36 18 11 4 56 14 1015 1011 5 2 27 1000 
1 36 18 12 1 59 11 1015 1010 5 2 37 1000 
1 35 19 10 2 56 12 1014 1011 3 1 13 1000 
1 35 18 12 5 59 15 1014 1010 3 1 19 1000 
1 33 20 19 14 88 38 1013 1010 3 2 27 1000 
1 32 19 20 16 88 40 1015 1011 5 2 13 1000 
1 34 18 19 11 94 24 1016 1012 4 1 23 1000 
1 34 18 14 8 68 20 1017 1013 3 1 19 1000 
1 35 18 14 6 64 16 1014 1009 3 1 24 1000 
1 36 20 14 4 60 15 1012 1009 4 1 24 1000 
1 36 19 13 6 60 16 1014 1010 5 2 21 1000 
1 34 18 15 9 60 24 1014 1011 3 1 14 1000 
1 34 17 14 5 72 16 1017 1012 3 1 16 1000 
1 34 17 15 10 77 23 1016 1013 3 1 14 1000 
1 34 20 17 12 68 28 1015 1011 3 1 16 1000 
1 35 21 18 10 68 22 1015 1010 4 1 29 1000 
1 35 18 15 8 77 19 1012 1008 4 1 23 1000 
1 33 17 20 4 83 16 1012 1008 4 1 21 1000 
1 34 19 17 4 68 15 1014 1011 4 1 13 1000 
1 33 16 12 7 72 20 1015 1012 4 1 19 1000 
1 32 15 12 6 67 20 1016 1012 3 1 13 1000 
1 32 16 11 4 60 18 1014 1010 3 1 23 1000 
1 32 15 10 4 63 17 1014 1010 3 1 14 1000 
1 31 15 12 5 68 29 1016 1012 2 0 14 1000 
1 32 15 12 6 82 20 1014 1010 3 0 26 0100 
1 34 15 14 6 72 17 1013 1009 3 1 11 1000 
1 33 17 16 11 73 26 1014 1010 2 1 23 1000 
1 27 15 18 14 100 45 1015 1009 3 1 26 0100 
1 30 16 19 15 94 48 1014 1010 2 0 16 0100 
1 31 17 19 13 88 33 1014 1011 3 0 14 0100 
1 32 16 17 11 88 29 1016 1012 3 0 14 0100 
1 31 18 17 12 83 42 1015 1012 2 1 10 0100 
1 30 17 16 9 73 27 1015 1010 2 1 13 1000 
1 31 16 16 9 82 25 1014 1011 3 1 13 1000 
1 30 16 17 12 94 33 1016 1013 2 1 13 0100 
1 30 13 15 9 94 27 1017 1013 3 0 23 0100 
1 28 13 15 8 94 28 1017 1012 3 0 23 0100 
1 28 12 12 6 88 25 1017 1013 3 1 14 0100 
1 28 10 9 1 88 17 1020 1016 3 1 13 0100 
1 28 9 10 5 82 23 1021 1016 4 1 23 0100 
1 27 10 11 5 87 24 1018 1015 3 1 26 0100 
1 29 11 10 6 88 23 1019 1015 3 0 11 0100 
1 28 10 10 5 88 23 1019 1015 4 0 11 0100 
1 28 11 10 6 82 25 1017 1014 3 0 10 0100 
1 28 11 11 9 88 30 1018 1015 3 0 14 0100 
1 29 12 11 7 82 27 1019 1015 3 1 10 0100 
1 27 9 12 8 100 30 1018 1014 2 0 10 0100 
1 27 10 11 7 88 28 1016 1012 3 0 14 0100 
1 28 16 10 6 63 26 1016 1013 3 1 19 1000 
1 26 14 15 9 100 34 1019 1015 2 1 19 0100 
1 26 12 15 8 100 39 1019 1014 4 0 13 0100 
1 26 14 13 8 82 32 1019 1015 4 1 34 1000 
1 24 14 12 4 88 27 1021 1017 5 2 19 1000 
1 23 10 9 3 87 27 1022 1017 5 0 26 0100 
1 22 7 8 3 100 29 1023 1019 6 1 14 0100 
1 23 8 8 4 87 29 1024 1019 4 0 13 0100 
1 23 9 9 4 82 29 1020 1015 4 1 14 0100 
1 22 7 9 5 93 33 1019 1014 3 0 19 0100 
1 20 5 9 4 100 40 1018 1014 3 0 11 0100 
1 23 10 10 6 88 36 1017 1012 2 0 13 0100 
1 20 12 12 7 100 43 1015 1011 3 1 34 1000 
1 22 8 13 8 100 43 1015 1012 3 1 19 0100 
1 14 8 11 7 100 77 1017 1013 1 0 16 0100 
1 19 5 9 5 100 52 1019 1016 3 0 19 0100 
1 22 4 8 -2 100 20 1018 1015 5 0 27 0100 
1 21 3 5 1 87 27 1021 1017 5 1 27 1000 
1 21 2 8 -1 100 23 1022 1017 5 1 23 0100 
1 29 3 7 -2 93 13 1020 1016 4 1 13 0100 
1 24 6 13 1 100 23 1020 1015 3 0 11 0100 
1 23 9 10 2 87 25 1020 1015 4 0 24 0100 
1 27 5 10 4 93 24 1020 1016 5 0 32 0100 
1 28 9 9 3 87 20 1018 1013 4 1 34 1000 
1 25 12 15 9 100 39 1017 1013 4 1 26 1000 
1 29 14 18 6 82 23 1015 1011 7 1 19 0100 
1 23 9 13 8 94 44 1015 1012 3 0 16 0100 
1 22 6 10 -1 100 22 1017 1014 5 0 24 0100 
1 21 3 5 1 93 27 1019 1015 5 1 26 0100 
1 21 6 2 -2 70 23 1015 1012 4 1 34 1000 
1 20 5 4 -2 93 23 1017 1012 5 1 19 0100 
1 20 4 4 -2 93 23 1018 1015 5 0 26 0100 
1 20 1 4 -4 100 21 1018 1015 4 0 29 0100 
