1 12.0 10.0 88 1015 0.3 
1 11.0 10.0 94 1014 0.3 
1 11.0 10.0 94 1014 0.1 
1 10.0 10.0 100 1014 0.1 
1 10.0 10.0 100 1014 0.1 
1 10.0 10.0 100 1014 0.2 
1 9.0 9.0 100 1014 0.1 
1 9.0 8.0 93 1014 0 
1 9.0 8.0 93 1015 0.0 
1 11.0 8.0 82 1016 0.1 
1 12.0 10.0 88 1017 0.1 
1 13.0 10.0 82 1016 0.3 
1 14.0 12.0 88 1016 0.6 
1 16.0 13.0 82 1014 0.6 
1 16.0 14.0 88 1013 0.6 
1 16.0 14.0 88 1013 0.6 
1 16.0 15.0 94 1013 0.3 
1 15.0 15.0 100 1012 0.2 
1 13.0 13.0 100 1013 0.2 
1 12.0 12.0 100 1013 0.1 
1 11.0 11.0 100 1013 0.0 
1 8.0 8.0 100 1014 0 
1 8.0 8.0 100 1014 0 
1 9.0 9.0 100 1014 0 
