1 25 11 8 5 76 29 1020 1015 3 0 19 0100 
1 25 14 10 6 63 34 1016 1012 2 1 19 0001 
1 19 10 14 7 100 56 1019 1013 1 0 19 0100 
1 16 5 9 2 100 39 1021 1017 4 0 23 0100 
1 16 4 7 3 93 42 1020 1016 3 0 23 0100 
1 18 3 4 1 93 34 1019 1016 4 0 26 0100 
1 17 3 4 -2 93 27 1020 1017 4 0 29 0100 
1 16 1 4 -3 100 31 1020 1016 3 0 19 0100 
1 18 3 7 1 93 34 1019 1015 2 1 16 0100 
1 19 5 7 3 100 35 1019 1015 2 0 21 0100 
1 21 5 9 3 100 31 1018 1013 3 0 26 0100 
1 24 5 10 5 100 29 1017 1013 3 0 14 0100 
1 23 7 9 3 100 27 1016 1013 4 0 23 0100 
1 23 9 10 6 93 33 1016 1012 3 1 23 0100 
1 26 11 10 4 88 24 1016 1013 3 0 13 0100 
1 26 12 13 7 94 32 1015 1011 2 0 23 0100 
1 27 14 16 6 82 34 1013 1009 3 1 14 0100 
1 26 17 17 9 100 36 1015 1012 3 1 13 0100 
1 22 12 15 6 100 35 1017 1014 4 0 19 0100 
1 23 10 9 4 94 31 1018 1014 4 1 19 0100 
1 21 8 9 3 93 31 1020 1016 5 0 26 0100 
1 20 6 5 1 87 30 1017 1013 5 1 29 0100 
1 19 6 7 1 87 30 1017 1014 5 1 26 0100 
1 20 6 7 2 87 30 1020 1016 4 0 27 0100 
1 20 6 7 2 87 30 1022 1009 4 0 24 0100 
1 27 6 8 2 93 26 1024 1020 4 1 26 0100 
1 22 7 9 5 93 35 1022 1017 3 0 21 0100 
1 22 8 11 4 93 33 1019 1016 3 0 11 0100 
1 25 9 11 2 100 24 1019 1014 4 0 10 0100 
1 26 11 12 7 94 32 1018 1015 4 0 14 0100 
1 28 10 13 3 100 23 1020 1016 3 0 13 0100 
1 27 12 13 5 100 24 1021 1018 3 0 19 0100 
1 26 11 12 7 100 32 1020 1017 3 0 24 0100 
1 26 12 12 8 94 34 1020 1017 4 0 26 0100 
1 26 10 11 6 94 28 1020 1016 4 1 27 0100 
1 27 11 12 5 88 24 1017 1014 4 1 26 0100 
1 28 11 14 2 100 19 1018 1014 4 1 11 0100 
1 29 13 14 4 77 21 1016 1013 4 1 19 0100 
1 29 15 13 7 82 27 1018 1015 4 1 19 0100 
1 29 14 14 8 82 28 1020 1016 3 1 13 1000 
1 27 11 15 9 100 34 1020 1015 3 0 27 0100 
1 28 14 14 7 88 28 1018 1013 4 1 23 0100 
1 31 14 15 8 88 25 1016 1012 3 1 13 0100 
1 30 16 19 8 88 28 1014 1011 3 1 19 0100 
1 31 16 19 14 100 35 1012 1008 3 0 14 0100 
1 28 21 17 7 73 36 1010 1006 3 1 16 1000 
1 29 16 22 14 89 40 1011 1007 3 1 21 1000 
1 29 16 21 10 100 30 1013 1010 3 0 29 0100 
1 29 16 18 10 100 32 1015 1012 3 1 26 0100 
1 29 16 19 13 100 40 1014 1011 4 1 23 0100 
1 33 17 21 13 100 31 1014 1011 3 0 13 0100 
1 32 15 21 13 100 33 1014 1010 3 0 16 0100 
1 33 16 15 9 88 24 1013 1010 3 0 19 0100 
1 33 16 19 12 94 28 1014 1010 3 0 14 0100 
1 31 16 18 10 94 27 1013 1009 4 0 27 0100 
1 34 16 19 9 100 23 1012 1008 3 0 21 0100 
1 28 21 18 12 78 39 1012 1008 3 1 26 1000 
1 29 15 16 12 100 37 1013 1010 4 0 27 0100 
1 26 11 15 9 100 36 1013 1010 4 0 26 0100 
1 28 12 13 7 94 28 1014 1010 6 1 23 1000 
1 30 13 13 7 94 23 1015 1011 3 1 19 0100 
1 30 14 14 7 94 23 1015 1011 4 1 21 0100 
1 32 14 15 5 94 18 1014 1010 4 1 19 1000 
1 32 18 13 5 73 20 1014 1010 3 1 14 1000 
1 32 17 15 6 83 22 1014 1010 4 1 23 1000 
1 31 19 15 8 68 29 1015 1011 3 1 19 1000 
1 33 16 17 9 82 23 1015 1011 3 1 23 0001 
1 28 21 18 12 69 39 1018 1013 3 3 23 1000 
1 24 17 19 14 100 64 1014 1011 3 2 19 0001 
1 22 16 18 15 100 64 1013 1009 3 2 14 0001 
1 25 17 18 10 94 56 1013 1009 2 1 14 1000 
1 27 15 19 14 100 47 1012 1009 3 0 14 0100 
1 26 16 20 14 100 47 1016 1010 2 1 21 0001 
1 26 16 19 14 100 51 1015 1011 3 1 19 0100 
1 27 17 18 11 100 39 1016 1011 3 0 13 0100 
1 26 14 15 10 94 36 1016 1012 7 0 23 0100 
1 27 14 13 8 88 30 1015 1011 6 1 26 0100 
1 30 15 17 9 94 29 1015 1011 3 0 23 0100 
1 32 18 18 9 94 27 1013 1007 3 1 26 1000 
1 29 17 16 11 83 33 1011 1008 5 0 27 0100 
1 30 18 15 7 83 25 1010 1007 10 1 34 1000 
1 33 17 17 9 82 23 1010 1006 4 1 24 1000 
1 35 20 17 10 78 22 1009 1004 3 1 21 1000 
1 32 19 18 11 94 29 1011 1007 7 1 21 1000 
1 30 22 18 8 78 25 1011 1007 3 1 24 1000 
1 29 16 15 4 88 28 1012 1008 4 0 24 0100 
1 29 16 13 8 73 28 1015 1010 4 1 23 1000 
1 31 15 14 8 82 25 1015 1011 8 1 26 1000 
1 32 16 16 11 82 29 1014 1010 4 1 27 1000 
1 34 19 16 7 78 20 1012 1008 3 1 23 1000 
1 37 21 15 6 68 16 1010 1004 4 1 19 1000 
1 38 21 13 7 60 16 1008 1004 3 1 19 1000 
1 36 21 14 7 60 18 1009 1005 5 2 26 1000 
1 36 19 11 7 60 17 1009 1006 5 2 27 1000 
1 37 20 14 8 56 17 1008 1004 5 2 34 1000 
1 38 22 14 8 57 16 1009 1005 4 2 26 1000 
1 39 23 13 7 53 14 1008 1004 5 1 26 1000 
1 40 23 14 7 57 13 1008 1002 5 1 19 1000 
1 41 27 13 9 42 15 1005 999 4 2 19 1000 
1 36 27 18 7 54 18 1007 1002 4 1 23 1000 
1 36 24 13 4 47 14 1008 1004 6 2 23 1000 
1 35 21 8 0 40 12 1008 1004 5 2 24 1000 
1 35 22 6 1 31 12 1010 1006 5 2 23 1000 
1 37 23 5 2 29 12 1011 1008 5 2 19 1000 
1 39 22 8 3 36 12 1010 1004 3 2 23 1000 
1 38 26 10 5 34 13 1006 1002 5 3 21 1000 
1 33 21 13 5 53 18 1008 1004 3 2 23 1000 
1 33 21 15 10 64 26 1009 1006 5 2 222 1000 
1 33 22 17 11 57 27 1012 1007 5 1 27 1000 
1 35 21 16 13 68 28 1013 1009 5 3 24 1000 
1 35 26 16 11 51 24 1011 1007 4 1 13 1000 
1 38 25 15 9 54 18 1009 1005 3 1 23 1000 
1 39 25 21 9 78 18 1008 1003 3 1 23 0001 
1 38 25 19 11 69 20 1007 1003 4 2 21 0001 
1 40 25 18 8 61 14 1007 1002 5 2 21 1000 
1 41 28 14 9 37 15 1007 1002 3 2 24 1000 
1 43 28 13 8 37 13 1006 1001 4 1 27 1000 
1 40 31 19 9 43 20 1007 1002 4 3 23 1000 
1 44 29 21 12 51 16 1007 1001 5 2 23 1000 
1 41 31 18 12 38 19 1007 1003 3 1 24 1000 
1 42 28 17 9 45 16 1008 1003 3 1 24 1000 
1 40 31 14 9 31 18 1009 1004 3 1 24 1000 
1 40 25 15 10 54 16 1009 1005 4 1 24 1000 
1 41 26 26 8 100 14 1009 1004 4 1 32 1000 
1 44 31 17 8 36 12 1007 1003 3 2 27 1000 
1 45 29 18 9 48 12 1005 1000 3 1 29 1000 
1 45 31 19 10 39 13 1004 999 3 2 27 1000 
1 40 31 22 18 58 27 1005 1001 3 1 26 1000 
1 39 26 22 15 57 33 1007 1001 4 0 47 1000 
1 41 30 22 16 58 24 1003 997 4 1 23 1000 
1 40 28 20 15 58 26 1005 1000 4 2 24 1000 
1 41 28 22 17 62 26 1006 1000 5 1 26 1000 
1 41 28 20 16 58 23 1004 1000 4 1 24 1000 
1 41 25 22 18 74 29 1007 1001 4 2 27 1000 
1 39 22 21 12 78 23 1010 1002 5 0 47 0001 
1 38 28 23 18 70 31 1008 1003 5 2 37 0001 
1 36 25 22 18 74 34 1012 1006 5 2 47 0001 
1 39 27 21 17 65 27 1007 1002 4 2 27 1000 
1 37 19 20 12 88 23 1007 999 5 1 37 0001 
1 37 23 22 17 88 37 1005 999 4 2 23 0001 
1 38 25 22 16 78 31 1004 999 4 2 29 1000 
1 35 26 22 19 74 44 1005 1000 4 3 23 1000 
1 36 21 22 17 94 34 1006 1000 5 2 27 0001 
1 40 29 22 18 66 27 1003 997 5 2 23 1000 
1 39 28 25 19 84 37 1001 997 5 1 155 0001 
1 41 30 24 19 70 28 1004 998 4 3 27 1000 
1 39 30 24 20 66 33 1004 998 4 3 29 1000 
1 40 29 24 20 74 35 1001 994 4 3 34 1000 
1 38 28 25 20 70 39 997 992 4 3 37 1000 
1 40 29 24 17 74 31 996 993 4 2 29 1000 
1 41 23 24 17 78 24 1000 996 3 3 24 0001 
1 41 28 30 17 62 27 1001 997 4 3 26 0010 
1 33 26 23 17 70 41 1002 998 4 2 23 0001 
1 31 22 22 19 94 55 1002 999 4 3 27 0010 
1 35 25 23 21 89 44 1002 999 4 3 23 1000 
1 38 27 24 16 84 30 1003 998 4 3 19 1000 
1 40 27 19 12 61 19 1002 998 5 2 103 1000 
1 40 29 17 12 48 19 1003 1000 4 1 32 1000 
1 42 26 17 11 54 16 1003 999 3 2 27 1000 
1 43 29 16 9 43 13 1002 997 3 2 21 1000 
1 44 29 15 7 40 11 1001 997 4 2 24 1000 
1 44 30 16 8 35 12 1001 998 3 2 29 1000 
1 41 31 17 -11 36 4 1001 998 4 1 24 1000 
1 37 30 18 11 46 22 1005 1000 3 2 23 1000 
1 39 29 18 13 48 21 1005 1001 4 1 23 1000 
1 40 26 24 14 70 21 1005 1001 3 0 47 0001 
1 38 26 22 14 70 35 1004 1001 3 1 47 1000 
1 34 24 19 16 69 34 1008 1003 3 3 29 0001 
1 38 26 22 13 74 22 1006 1002 3 2 27 1000 
1 38 26 20 14 65 27 1006 1001 4 3 27 0001 
1 37 26 22 15 74 27 1005 1001 5 2 37 0001 
1 39 25 22 15 69 27 1005 1000 4 3 34 0001 
1 39 29 22 18 62 31 1004 999 4 3 26 1000 
1 40 30 22 18 62 29 1004 999 5 3 24 1000 
1 38 29 24 19 66 35 1003 1001 5 3 37 1000 
1 33 29 24 19 74 46 1004 1000 5 3 23 0010 
1 37 29 24 21 74 42 1003 998 5 4 29 1000 
1 34 23 24 19 94 52 1003 998 5 2 27 0001 
1 35 29 24 21 74 44 1001 998 4 3 27 1000 
1 36 28 24 18 74 47 1001 996 4 3 23 1000 
1 36 27 25 17 70 43 1001 997 4 3 23 1000 
1 38 28 25 18 79 32 1000 995 4 2 21 1000 
1 40 31 24 20 66 31 998 994 4 3 23 1000 
1 40 31 24 21 66 33 999 995 5 3 26 1000 
1 40 33 23 20 55 33 999 995 8 4 29 1000 
1 38 32 23 20 59 37 1000 996 5 5 37 1000 
1 38 31 23 20 62 37 1000 996 8 5 27 1000 
1 42 30 25 21 66 30 998 993 6 3 26 1000 
1 40 32 23 2 55 11 997 993 4 2 29 0010 
1 35 23 24 20 100 41 999 993 5 2 35 0010 
1 31 25 24 21 94 58 1000 996 4 2 26 0010 
1 33 25 25 22 94 52 999 996 4 1 24 0010 
1 29 25 25 22 89 74 999 996 4 1 14 0010 
1 33 27 26 22 94 52 999 995 4 1 13 1000 
1 34 28 24 21 79 49 999 995 4 2 29 1000 
1 35 29 25 20 79 44 1000 996 4 3 29 1000 
1 36 28 23 19 74 37 1000 997 5 3 19 1000 
1 34 29 25 21 79 49 1000 996 5 2 24 1000 
1 32 26 25 20 84 59 1001 997 5 2 26 0001 
1 32 26 25 21 84 62 1002 999 5 2 37 0001 
1 31 27 24 21 79 58 1003 999 5 3 23 1000 
1 34 28 24 20 79 44 1003 999 5 3 27 1000 
1 33 28 23 19 74 49 1003 1000 8 3 26 1000 
1 32 27 23 20 74 52 1003 1001 7 3 23 1000 
1 33 28 24 20 74 49 1004 1001 6 3 16 1000 
1 33 27 24 2 79 14 1003 998 5 3 14 0010 
1 27 24 23 21 89 70 1004 1001 7 2 14 0001 
1 27 25 23 20 89 69 1003 997 3 2 14 0010 
1 32 25 22 18 83 46 998 994 5 2 84 0010 
1 33 29 24 20 70 49 1000 996 5 3 26 0010 
1 34 26 23 20 83 46 1003 999 8 4 16 1000 
1 35 25 24 18 70 39 1003 999 8 1 34 0001 
1 32 26 22 18 74 49 1001 998 6 4 27 1000 
1 33 25 22 18 83 46 1003 1000 5 3 16 1000 
1 33 27 24 19 79 55 1003 1000 4 2 19 1000 
1 34 26 23 19 79 41 1004 1001 7 4 19 1000 
1 33 26 22 18 74 46 1005 1002 5 4 23 1000 
1 33 26 23 18 79 43 1004 1000 7 3 23 0010 
1 33 26 27 17 89 40 1003 999 5 4 27 1000 
1 32 25 23 2 79 20 1002 998 6 3 24 0010 
1 34 27 23 18 79 43 1001 998 6 3 19 1000 
1 36 26 23 19 83 39 1001 997 7 4 19 1000 
1 36 26 21 18 70 37 1001 997 7 5 19 1000 
1 36 27 22 18 74 36 1002 998 8 3 19 1000 
1 38 29 23 20 70 37 1002 998 4 3 14 0001 
1 35 24 24 18 79 44 1001 996 4 2 14 0001 
1 36 26 23 19 83 39 1001 997 7 3 19 1000 
1 37 28 22 18 70 39 1001 997 7 4 34 1000 
1 38 28 23 20 74 37 1003 999 5 4 13 1000 
1 37 29 23 17 66 32 1004 1000 7 3 26 1000 
1 34 27 26 18 79 43 1004 1001 5 4 26 1000 
1 32 26 27 23 89 62 1005 1001 7 5 19 1000 
1 34 27 27 17 94 36 1004 1000 7 4 14 1000 
1 36 27 28 23 94 53 1003 1000 5 3 13 0001 
1 34 26 29 25 100 66 1005 1001 5 1 14 0010 
1 36 26 27 23 94 50 1005 1001 7 5 19 1000 
1 35 26 29 23 94 53 1007 1003 7 3 19 0001 
1 35 26 24 21 83 49 1004 1000 5 5 23 1000 
1 36 26 27 21 83 47 1002 998 5 4 19 1000 
1 35 25 24 21 89 47 1003 1000 6 3 11 1000 
1 37 26 26 21 84 47 1005 1002 5 3 14 1000 
1 32 23 26 20 94 59 1007 1004 5 1 23 0001 
1 34 25 26 22 94 52 1005 1001 6 4 23 1000 
1 29 23 25 21 100 70 1001 999 5 2 32 0001 
1 30 22 27 22 100 66 1007 998 3 1 24 0001 
1 32 22 27 22 100 62 1009 1005 3 0 23 0100 
1 31 24 26 22 100 62 1008 1004 4 2 14 1000 
1 34 26 28 24 94 56 1008 1004 5 1 14 1000 
1 34 26 27 23 100 56 1007 1004 7 2 23 0010 
1 34 26 27 24 94 59 1008 1004 5 2 16 1000 
1 34 26 27 20 89 49 1008 1005 7 4 14 1000 
1 34 25 27 21 94 46 1009 1005 7 4 16 1000 
1 34 25 26 20 100 46 1009 1004 7 3 16 1000 
1 36 25 25 -23 94 4 1006 1001 5 4 14 1000 
1 36 26 25 21 79 41 1006 1002 7 3 13 1000 
1 37 26 27 20 94 39 1008 1005 6 4 16 1000 
1 30 22 27 20 100 62 1010 1005 5 2 23 0001 
1 34 25 26 21 100 49 1010 1005 5 2 14 0001 
1 34 27 27 23 94 52 1010 1006 3 1 14 1000 
1 35 27 28 22 94 49 1008 1003 4 1 14 1000 
1 37 27 27 21 100 39 1007 1002 5 2 14 1000 
1 37 26 27 23 94 44 1006 1000 4 3 10 1000 
1 36 27 27 23 94 50 1006 1002 4 3 19 1000 
1 33 24 26 22 94 59 1007 1002 5 3 13 1000 
1 35 24 26 20 89 52 1006 1001 5 2 19 1000 
1 33 22 22 16 94 36 1008 1005 5 2 13 1000 
1 34 21 22 15 100 34 1009 1005 5 2 16 1000 
1 34 21 21 16 88 34 1010 1006 5 3 14 1000 
1 35 22 21 14 94 28 1010 1005 5 2 23 1000 
1 36 22 22 15 83 28 1008 1005 5 2 23 1000 
1 36 23 22 17 88 32 1010 1006 4 3 19 1000 
1 35 22 21 15 94 30 1011 1007 7 3 16 1000 
1 37 25 23 12 89 33 1012 1007 5 2 13 1000 
1 36 24 23 14 83 28 1011 1007 5 2 13 1000 
1 36 23 21 14 78 28 1009 1005 5 2 14 1000 
1 36 22 20 14 83 27 1009 1005 4 2 14 1000 
1 38 23 21 11 83 20 1008 1004 5 1 29 1000 
1 37 23 19 12 78 22 1006 1002 4 2 34 1000 
1 38 24 19 11 61 22 1007 1003 9 2 32 1000 
1 36 22 22 13 66 32 1009 1005 5 2 29 1000 
1 36 24 22 15 74 30 1011 1006 8 2 24 1000 
1 35 24 19 14 73 28 1012 1008 8 3 29 1000 
1 35 21 18 12 73 25 1013 1010 8 4 27 1000 
1 35 20 21 14 74 32 1014 1010 7 3 34 1000 
1 35 22 22 17 94 36 1013 1010 8 3 27 1000 
1 36 23 22 16 88 32 1016 1012 5 2 19 1000 
1 36 22 22 5 83 32 1017 1012 5 2 27 1000 
1 35 21 21 15 94 32 1016 1012 5 1 26 1000 
1 33 21 19 16 83 38 1015 1012 3 2 19 1000 
1 33 21 21 17 83 38 1019 1012 4 1 21 1000 
1 36 23 21 16 83 32 1015 1010 4 1 19 1000 
1 29 21 20 14 94 42 1016 1010 5 2 27 0001 
1 27 18 19 16 100 54 1018 1014 5 4 23 0010 
1 30 16 19 15 100 42 1018 1013 5 2 16 1000 
1 27 18 19 16 94 61 1017 1013 5 1 27 1000 
1 29 16 18 15 100 42 1018 1015 5 3 13 1000 
1 30 17 18 15 100 40 1018 1015 5 2 13 1000 
1 31 17 18 13 94 35 1020 1015 6 1 16 0100 
1 30 18 19 15 94 40 1019 1015 3 0 13 0100 
1 31 19 18 16 94 43 1019 1015 2 1 10 0100 
1 30 19 19 17 94 45 1018 1014 3 1 14 0100 
1 32 19 19 15 100 38 1018 1013 4 1 14 0100 
1 30 18 19 15 100 40 1017 1013 3 1 13 0100 
1 31 16 18 12 94 38 1017 1013 3 1 10 0100 
1 31 18 19 16 94 40 1017 1013 2 1 13 0100 
1 31 17 18 14 100 35 1017 1013 4 1 11 0100 
1 30 17 18 15 94 40 1018 1014 3 1 13 0100 
1 30 16 19 15 100 40 1017 1013 3 1 19 0100 
1 30 16 18 14 100 37 1017 1012 4 1 24 0100 
1 31 17 17 14 100 35 1016 1011 3 1 11 0100 
1 32 17 17 10 94 27 1015 1011 3 1 13 0100 
1 31 18 19 15 94 40 1017 1013 2 1 14 0100 
1 30 17 19 16 100 43 1019 1015 3 1 13 0100 
1 30 17 18 15 94 43 1020 1016 3 1 13 1000 
1 31 17 17 13 88 33 1020 1015 4 1 21 1000 
1 29 17 18 15 94 45 1018 1014 2 1 13 1000 
1 30 17 19 14 100 40 1018 1014 3 1 26 0100 
1 30 16 17 13 100 37 1017 1014 3 1 16 0100 
1 28 15 16 12 100 37 1019 1014 3 1 19 0100 
1 28 12 15 11 94 39 1018 1014 3 1 21 1000 
1 28 13 16 12 100 37 1016 1012 4 2 14 1000 
1 30 17 16 13 94 35 1016 1012 4 1 23 1000 
1 26 14 16 14 100 47 1016 1012 4 1 26 1000 
1 26 14 15 12 100 44 1014 1011 5 1 85 1000 
1 27 12 15 11 100 42 1014 1010 5 1 27 1000 
1 26 15 17 12 100 44 1013 1009 4 2 21 0001 
1 25 15 17 13 100 47 1013 1010 4 1 19 1000 
1 23 11 15 10 100 46 1015 1012 5 1 27 0100 
1 22 8 13 6 100 41 1016 1012 4 2 27 1000 
1 22 5 11 4 100 43 1016 1011 5 1 21 1000 
1 22 7 11 1 93 28 1016 1007 4 1 14 1000 
1 24 9 8 4 87 29 1017 1013 4 1 24 1000 
1 24 9 8 5 82 29 1020 1015 4 1 19 1000 
1 25 9 8 4 87 26 1019 1015 5 2 29 1000 
1 24 9 7 4 82 29 1020 1015 5 1 34 1000 
1 24 8 8 5 93 29 1018 1014 4 2 27 1000 
1 24 9 9 6 93 31 1018 1014 4 1 11 1000 
1 23 14 10 7 72 36 1019 1016 3 1 14 0010 
1 24 15 11 8 72 36 1018 1011 2 1 23 1000 
1 24 13 15 8 88 41 1019 1015 3 1 19 0100 
1 23 12 13 9 88 50 1019 1015 3 1 16 0010 
1 19 11 13 9 94 56 1019 1016 3 2 21 1000 
1 19 4 12 4 100 52 1020 1016 3 0 14 0100 
1 22 9 13 8 100 46 1018 1013 3 1 19 0100 
1 23 8 13 8 100 41 1017 1014 3 0 19 0100 
1 18 4 12 4 100 56 1020 1016 3 0 23 0100 
1 20 6 11 6 100 46 1020 1016 4 0 26 0100 
1 24 7 11 6 100 36 1021 1017 5 0 26 0100 
1 25 7 10 6 100 29 1019 1016 5 1 32 0100 
1 25 8 10 7 100 32 1022 1018 5 1 27 0100 
1 25 8 10 7 100 34 1021 1016 4 1 29 0100 
1 23 7 10 6 100 36 1018 1014 4 1 23 0100 
1 25 7 10 7 100 34 1020 1015 3 1 10 0100 
1 22 12 12 9 88 43 1021 1017 2 0 21 0100 
1 24 11 14 10 100 41 1020 1016 2 0 23 0100 
1 21 10 13 10 100 53 1020 1015 2 0 16 0100 
1 22 7 11 7 100 38 1020 1016 4 0 14 0100 
1 22 6 11 5 100 41 1021 1016 3 1 16 0100 
1 22 6 10 6 100 38 1019 1013 3 0 19 0100 
1 19 8 13 7 100 49 1017 1013 3 0 24 0010 
1 19 8 12 8 100 56 1018 1015 3 0 26 0100 
1 20 7 11 7 100 49 1018 1015 5 0 27 0100 
1 20 5 10 5 100 46 1020 1017 4 0 16 0100 
1 22 6 11 6 100 41 1019 1014 3 0 19 0100 
1 20 8 14 8 100 56 1018 1015 2 0 13 0100 
