1 9.0 8.0 93 1017 0.3 
1 9.0 8.0 93 1017 0.4 
1 8.0 7.0 93 1017 0.4 
1 8.0 7.0 93 1017 0.4 
1 7.0 6.0 93 1017 0.4 
1 7.0 6.0 93 1017 0.4 
1 6.0 5.0 93 1017 0.4 
1 6.0 5.0 93 1017 0.4 
1 8.0 5.0 81 1018 0.4 
1 11.0 4.0 62 1019 0.6 
1 14.0 5.0 55 1018 1.1 
1 16.0 6.0 52 1017 1.2 
1 18.0 5.0 42 1016 2.2 
1 18.0 5.0 42 1016 2.2 
1 18.0 4.0 40 1016 3.5 
1 16.0 4.0 45 1016 4.0 
1 12.0 5.0 62 1017 2.5 
1 11.0 5.0 67 1017 1.8 
1 10.0 7.0 82 1018 0.9 
1 8.0 7.0 93 1018 0.9 
1 9.0 8.0 93 1017 0.3
1 18.0 5.0 42 1016 2.2 
1 18.0 4.0 40 1016 3.5 
1 16.0 4.0 45 1016 4.0 
 