1 8.0 6.0 87 1019 0.9 
1 7.0 6.0 93 1018 0.7 
1 7.0 6.0 93 1018 0.7 
1 7.0 6.0 93 1018 0.7 
1 5.0 4.0 93 1018 0.7 
1 5.0 3.0 87 1018 1.4 
1 4.0 2.0 87 1018 1.8 
1 10.0 4.0 66 1020 1.4 
1 15.0 3.0 45 1019 2.4 
1 17.0 3.0 39 1018 2.8 
1 18.0 4.0 40 1017 0 
1 18.0 4.0 40 1017 3.5 
1 18.0 4.0 40 1017 3.5 
1 17.0 4.0 42 1016 3.5 
1 13.0 6.0 63 1016 2.2 
1 11.0 7.0 76 1016 1.0 
1 11.0 8.0 82 1017 0.6 
1 12.0 8.0 77 1017 0.7 
1 12.0 8.0 77 1016 0.7 
1 11.0 8.0 82 1017 0.6
1 5.0 4.0 93 1018 0.7
1 11.0 7.0 76 1016 1.0
1 5.0 3.0 87 1018 1.4
1 13.0 6.0 63 1016 2.2