1 21 9 12 8 100 46 1022 1018 2 0 14 0100 
1 21 8 12 8 100 49 1020 1015 3 0 14 0100 
1 21 9 11 7 100 40 1018 1015 4 0 10 0100 
1 21 11 12 7 94 40 1019 1015 4 0 14 0100 
1 22 11 11 4 100 31 1019 1016 4 0 10 0100 
1 20 9 13 8 100 46 1022 1019 2 0 14 0100 
1 20 7 10 3 100 33 1022 1019 5 0 19 0100 
1 20 7 13 4 93 35 1024 1020 4 1 13 0100 
1 19 7 9 5 100 40 1023 1020 4 1 13 0100 
1 19 7 9 4 100 37 1022 1018 4 1 19 0100 
1 19 7 8 5 100 43 1022 1019 3 1 13 0100 
1 19 8 9 6 93 43 1022 1018 3 0 13 0100 
1 18 6 8 4 100 40 1021 1016 3 0 14 0100 
1 19 5 8 2 100 32 1020 1016 2 0 10 0100 
1 20 7 9 4 93 35 1020 1016 3 0 11 0100 
1 14 6 8 6 100 67 1021 1017 1 0 11 0100 
1 20 8 9 3 100 33 1020 1016 4 1 19 0100 
1 22 7 6 -3 87 19 1020 1015 5 0 10 0100 
1 15 11 12 4 100 54 1015 1008 2 1 40 0001 
1 16 10 13 9 100 63 1013 1010 2 0 14 0100 
1 16 8 11 8 100 63 1019 1014 2 0 6 0100 
1 15 6 10 6 100 63 1021 1017 3 0 23 0100 
1 16 6 9 6 100 52 1018 1015 4 0 27 0100 
1 17 6 9 5 100 45 1017 1013 2 0 23 0100 
1 19 5 7 3 100 35 1019 1014 4 1 24 0100 
1 19 5 10 5 100 46 1019 1015 4 0 14 0100 
1 20 11 12 3 100 35 1019 1015 2 0 14 0100 
1 19 6 11 6 100 49 1020 1016 3 0 23 0100 
1 18 7 11 7 100 52 1017 1013 4 0 21 0100 
1 21 8 11 8 100 49 1017 1012 4 0 10 0100 
1 19 8 11 8 100 52 1014 1011 3 0 23 0100 
1 21 8 11 8 100 43 1015 1010 3 0 19 0100 
1 19 13 15 9 100 60 1010 1007 3 0 29 0010 
1 19 10 15 10 100 64 1013 1008 2 0 14 0010 
1 18 11 13 9 100 68 1015 1012 3 0 23 0100 
1 18 7 10 2 100 34 1016 1013 5 0 23 0100 
1 19 6 7 2 93 32 1017 1013 5 1 29 1000 
1 21 7 8 1 100 28 1015 1012 5 1 26 0100 
1 25 8 12 3 87 25 1012 1005 5 1 19 1000 
1 20 9 12 8 94 56 1011 1006 4 1 19 0100 
1 21 9 13 0 100 25 1015 1011 6 0 19 0100 
1 20 8 8 -1 87 30 1019 1014 4 1 26 1000 
1 21 7 7 1 87 28 1019 1016 6 1 37 1000 
1 23 8 8 -1 87 20 1017 1013 7 1 32 1000 
1 23 10 12 6 82 35 1015 1010 4 1 23 1000 
1 22 11 11 6 100 35 1013 1009 5 0 24 0100 
1 22 13 10 -1 77 22 1014 1009 6 1 27 1000 
1 22 9 6 -2 82 20 1014 1011 7 1 32 1000 
1 23 10 9 3 76 27 1015 1011 6 1 14 1000 
1 23 10 7 0 76 22 1019 1014 5 1 16 1000 
1 21 9 8 1 76 27 1020 1016 5 1 23 1000 
1 23 10 8 4 87 29 1020 1016 5 1 19 0100 
1 24 10 7 1 76 22 1018 1016 4 1 16 1000 
1 25 11 9 3 77 24 1017 1013 5 1 34 1000 
1 29 13 13 5 77 25 1016 1011 6 1 23 1000 
1 25 17 15 12 82 47 1015 1011 3 1 29 1000 
1 25 15 15 13 88 50 1016 1013 3 1 23 1000 
1 25 20 8 4 46 26 1016 1014 5 2 19 1000 
1 26 11 11 4 82 24 1018 1014 6 1 29 1000 
1 32 15 16 7 77 22 1016 1010 6 1 14 1000 
1 28 17 14 4 73 21 1018 1011 7 2 27 1000 
1 23 9 9 4 88 31 1020 1016 6 1 19 0100 
1 24 10 9 5 94 31 1018 1014 6 1 21 1000 
1 26 11 10 5 88 28 1019 1014 5 1 11 0100 
1 29 15 27 6 94 23 1019 1015 6 1 14 1000 
1 27 16 15 9 82 36 1019 1013 3 1 13 1000 
1 29 16 16 10 94 32 1017 1014 6 1 23 0100 
1 28 16 18 12 94 37 1016 1012 5 0 26 0100 
1 28 15 17 11 100 37 1017 1013 6 0 19 0100 
1 30 15 16 10 100 29 1017 1012 5 0 13 0100 
1 29 15 16 6 100 23 1015 1011 6 0 19 0100 
1 25 17 16 11 88 41 1013 1010 5 1 19 0010 
1 26 18 17 10 94 36 1013 1010 5 1 19 0100 
1 27 17 17 9 94 36 1016 1010 3 1 16 1000 
1 26 20 13 8 64 32 1009 1007 7 1 19 1000 
1 26 20 13 8 64 32 1009 1007 7 1 19 1000 
1 26 20 13 8 64 32 1009 1007 7 1 19 1000 
1 26 20 13 8 64 32 1009 1007 7 1 19 1000 
1 26 20 13 8 64 32 1009 1007 7 1 19 1000 
1 26 20 13 8 64 32 1009 1007 7 1 19 1000 
1 25 16 15 11 88 41 1014 1007 6 1 37 0010 
1 25 13 15 9 100 36 1014 1011 7 0 29 0100 
1 27 13 13 6 100 28 1015 1012 6 0 24 0100 
1 28 14 13 5 88 23 1014 1011 7 1 37 0100 
1 29 15 13 9 88 29 1015 1011 7 1 19 1000 
1 31 16 14 8 82 25 1015 1011 6 1 21 1000 
1 28 21 17 9 73 30 1013 1011 6 2 32 0010 
1 24 17 19 8 100 46 1014 1009 7 1 47 0001 
1 27 16 18 11 100 37 1012 1010 7 1 26 0100 
1 27 18 18 14 83 48 1013 1010 7 1 14 1000 
1 28 20 18 11 83 39 1012 1006 5 1 23 0001 
1 29 18 20 11 94 35 1010 1006 5 3 24 0001 
1 24 15 20 15 100 65 1013 1007 5 2 19 0001 
1 26 15 17 10 100 47 1016 1012 6 1 34 1000 
1 26 15 15 13 94 47 1016 1011 7 2 16 0001 
1 27 15 17 9 100 32 1016 1011 6 1 23 1000 
1 29 16 18 13 94 42 1011 1007 6 1 32 0100 
1 33 19 20 12 94 29 1010 1005 8 1 19 1000 
1 29 10 21 10 100 48 1011 1006 6 2 40 0010 
1 31 19 20 13 100 33 1012 1009 6 1 14 0100 
1 33 19 20 14 100 31 1013 1008 8 1 13 0100 
1 35 21 20 10 78 22 1011 1006 8 1 14 1000 
1 34 23 19 13 78 28 1010 1005 6 2 14 1000 
1 35 23 17 1 69 13 1009 1004 8 1 24 1000 
1 34 22 13 5 50 20 1009 1004 3 1 26 1000 
1 31 19 16 2 78 16 1011 1008 8 1 26 1000 
1 30 16 10 6 68 23 1013 1010 8 2 26 1000 
1 32 17 11 4 68 17 1014 1011 5 2 19 1000 
1 33 18 13 6 73 18 1014 1010 8 1 26 1000 
1 34 20 14 8 64 20 1013 1009 8 1 23 1000 
1 35 22 24 8 94 19 1011 1007 8 3 24 1000 
1 35 22 15 8 60 19 1012 1008 8 1 37 1000 
1 36 22 15 8 57 18 1013 1008 8 2 26 1000 
1 38 22 15 11 60 20 1011 1006 8 1 32 1000 
1 37 25 13 6 44 15 1009 1003 8 1 13 1000 
1 37 25 19 7 58 22 1008 1004 5 1 14 1000 
1 35 26 22 12 66 33 1011 1007 4 3 21 1000 
1 36 24 19 10 73 20 1011 1006 5 3 29 1000 
1 28 28 16 16 48 48 1009 1009 3 3 0 1000 
1 28 28 16 16 48 48 1009 1009 3 3 0 1000 
1 32 22 22 17 100 40 1006 1004 5 2 14 1000 
1 29 21 21 18 100 54 1008 1005 5 1 23 0100 
1 32 22 22 17 100 40 1006 1004 5 2 14 1000 
1 32 22 22 17 100 40 1006 1004 5 2 14 1000 
1 29 21 21 18 100 54 1008 1005 5 1 23 0100 
1 32 20 22 16 100 40 1009 1004 8 1 26 0100 
1 35 23 22 16 83 32 1007 1001 7 1 10 1000 
1 33 21 22 17 100 38 1009 1004 5 3 27 0010 
1 34 22 22 7 94 19 1011 1007 8 3 21 1000 
1 35 21 11 3 53 14 1008 1005 8 3 37 1000 
1 37 23 11 3 44 13 1007 1004 7 2 19 1000 
1 36 26 13 8 42 20 1007 1004 7 2 16 1000 
1 36 25 13 9 47 19 1007 1004 5 3 19 1000 
1 37 25 15 4 47 13 1009 1005 6 3 14 1000 
1 36 23 13 3 47 13 1010 1003 6 2 23 1000 
1 36 23 13 7 53 17 1009 1004 7 2 37 1000 
1 38 22 12 3 53 12 1007 1002 7 1 27 1000 
1 40 24 12 5 44 12 1005 1000 6 1 23 1000 
1 38 25 14 2 47 13 1002 999 6 1 32 1000 
1 39 23 11 6 38 14 1003 998 8 2 23 1000 
1 40 29 15 7 42 14 1004 1000 6 2 40 1000 
1 39 26 17 8 51 15 1006 1002 6 1 55 0001 
1 38 25 17 11 61 22 1007 1001 7 3 27 1000 
1 39 26 18 11 51 21 1006 1001 5 3 21 1000 
1 39 27 20 15 52 31 1006 1001 5 2 23 1000 
1 38 27 23 19 70 39 1003 999 5 2 23 1000 
1 38 26 28 17 100 39 1006 999 5 3 34 0001 
1 38 24 26 18 100 44 1004 999 5 2 61 0001 
1 35 22 24 10 100 26 1009 999 4 1 47 0001 
1 34 22 23 13 89 37 1006 1000 5 2 48 0001 
1 29 20 22 18 94 55 1009 1000 5 2 29 0001 
1 32 21 23 17 100 40 1008 1005 6 1 14 0100 
1 32 23 23 18 100 46 1008 1004 7 1 35 1000 
1 23 23 22 22 94 94 1005 1005 3 3 6 1000 
1 23 23 22 22 94 94 1005 1005 3 3 6 1000 
1 34 29 19 18 55 38 1006 1004 8 4 21 1000 
1 37 26 28 17 83 30 1007 1002 7 0 84 0001 
1 38 27 23 18 65 31 1007 1003 6 1 27 1000 
1 39 28 23 17 66 29 1008 1002 6 2 47 1000 
1 30 30 21 21 58 58 1004 1004 3 3 11 1000 
1 36 29 22 19 66 37 1005 1002 3 1 23 1000 
1 39 28 23 17 74 27 1005 999 6 1 21 1000 
1 37 24 24 16 100 43 1011 1001 5 2 19 0010 
1 37 32 23 19 52 37 1008 1003 7 5 13 1000 
1 39 27 25 17 79 27 1006 1001 7 1 84 1000 
1 42 29 23 16 66 23 1005 999 7 1 26 1000 
1 43 31 24 17 59 22 1002 998 6 1 26 0001 
1 41 31 24 20 59 30 1002 996 5 2 27 1000 
1 41 28 24 20 70 31 1001 995 7 3 100 1000 
1 29 22 24 21 100 62 1005 999 5 1 26 0001 
1 31 24 27 24 100 74 1007 1002 4 2 19 0001 
1 36 27 29 24 100 56 1005 1000 5 1 21 1000 
1 38 30 29 25 94 50 1002 997 5 2 23 1000 
1 38 29 27 25 84 50 1000 995 5 2 26 0010 
1 37 28 29 25 89 53 999 994 6 2 14 1000 
1 39 29 29 25 100 47 997 992 6 2 13 1000 
1 35 27 29 26 100 63 997 994 5 3 16 0001 
1 36 26 29 24 100 67 997 993 5 3 103 0001 
1 34 27 29 25 100 67 995 991 4 2 10 1000 
1 36 27 29 25 100 53 997 991 5 3 27 0010 
1 35 27 28 25 100 63 997 994 5 3 23 1000 
1 37 28 29 24 94 47 999 995 6 4 14 1000 
1 39 29 26 22 84 39 999 994 7 4 26 1000 
1 41 30 25 21 74 31 999 995 7 4 23 1000 
1 40 29 29 21 79 33 999 994 5 2 23 1000 
1 40 30 29 23 94 38 999 995 6 3 29 1000 
1 38 29 30 23 94 47 999 994 8 3 26 1000 
1 38 29 29 27 100 53 998 995 5 3 23 1000 
1 37 28 29 24 94 56 1000 996 5 3 19 1000 
1 39 27 29 25 100 45 998 993 8 3 26 0010 
1 37 26 28 26 100 56 996 992 6 3 29 0001 
1 35 26 31 25 100 59 998 994 6 1 19 0010 
1 36 29 30 25 100 59 999 996 5 2 27 0010 
1 37 28 29 27 100 56 1000 997 5 3 23 1000 
1 34 27 31 27 100 71 1002 999 4 3 23 0010 
1 32 29 30 26 100 75 1001 997 4 3 13 0010 
1 29 27 29 26 100 84 1000 996 3 2 14 0010 
1 37 28 29 20 100 46 1000 997 6 2 11 1000 
1 37 30 32 27 100 56 1002 999 6 2 16 1000 
1 35 29 31 28 100 67 1005 1000 4 3 13 1000 
1 31 27 30 27 100 84 1004 1000 3 2 21 0010 
1 33 27 28 27 100 71 1006 1001 3 1 11 0010 
1 33 27 27 25 100 71 1006 1002 5 3 14 0010 
1 35 27 28 25 100 56 1005 1000 7 2 13 1000 
1 34 27 29 27 100 71 1004 1000 4 1 14 0010 
1 33 27 30 27 100 79 1003 999 4 2 13 1000 
1 36 28 29 27 100 63 1002 998 5 2 21 1000 
1 35 26 29 26 100 63 1002 998 6 2 19 1000 
1 35 28 28 26 100 63 1002 998 5 3 19 1000 
1 35 27 30 26 100 59 1000 996 5 2 26 0010 
1 32 26 29 26 100 75 999 996 4 2 14 1000 
1 34 28 29 25 100 63 998 995 3 2 14 0010 
1 31 26 29 26 100 84 998 994 3 1 11 0001 
1 28 25 28 25 100 100 997 991 2 1 26 0010 
1 32 25 28 23 100 75 1000 997 5 2 19 1000 
1 34 27 27 24 94 63 999 996 5 3 34 1000 
1 35 26 28 23 89 59 1000 997 5 3 23 1000 
1 35 34 27 26 63 59 999 998 5 5 14 1000 
1 32 28 29 25 94 66 1002 999 5 3 37 1000 
1 32 26 27 25 94 66 1006 1002 4 3 23 1000 
1 32 27 27 25 94 70 1008 1004 5 4 19 1000 
1 34 27 27 23 94 59 1006 1002 5 3 27 1000 
1 35 28 28 23 94 56 1005 1002 5 3 26 1000 
1 33 27 27 25 100 63 1005 1002 5 2 19 0001 
1 33 26 28 25 100 66 1004 1001 5 1 14 0001 
1 34 25 26 24 100 59 1006 1002 5 1 19 1000 
1 35 26 27 25 100 56 1007 1004 6 4 19 0010 
1 35 26 27 24 94 56 1006 1003 7 4 29 1000 
1 35 27 27 25 89 59 1004 1000 5 3 27 1000 
1 36 27 28 24 94 50 1004 1001 5 3 23 0010 
1 32 27 29 26 100 75 1004 1001 3 1 16 0010 
1 36 28 28 26 100 59 1005 1002 5 1 14 1000 
1 36 29 28 25 89 56 1007 1002 7 3 16 1000 
1 35 28 28 24 94 53 1006 1002 6 3 23 1000 
1 34 28 27 24 94 59 1005 1000 6 3 21 1000 
1 33 26 28 25 100 66 1003 999 5 1 24 0010 
1 31 25 28 25 100 75 1001 997 3 2 35 0010 
1 31 26 28 26 100 79 1000 997 4 1 40 0010 
1 28 26 28 26 100 94 1005 1000 4 1 23 0010 
1 33 27 28 26 100 66 1004 1000 4 1 14 0100 
1 32 25 28 25 100 70 1004 1001 4 1 19 0010 
1 33 27 28 25 100 63 1005 1002 5 1 13 1000 
1 35 26 28 21 100 53 1006 1002 5 1 21 1000 
1 34 27 28 24 100 59 1006 1002 6 1 24 1000 
1 29 27 27 24 94 79 1005 1002 4 3 10 1000 
1 32 26 29 23 100 66 1006 1003 6 3 16 0010 
1 35 27 28 24 100 53 1007 1003 6 3 19 1000 
1 36 27 29 23 84 49 1007 1004 6 2 16 1000 
1 37 28 27 22 84 47 1008 1004 6 2 16 1000 
1 35 28 28 21 94 49 1010 1006 5 3 11 1000 
1 30 26 27 26 100 79 1010 1007 4 2 8 0010 
1 32 26 27 5 100 18 1009 1006 8 2 19 0010 
1 31 26 26 25 94 70 1009 1005 6 4 159 1000 
1 29 27 28 26 100 89 1008 1004 3 1 13 0001 
1 30 26 27 25 100 84 1007 1004 6 1 10 0010 
1 32 25 28 25 100 70 1009 1006 6 1 8 1000 
1 36 27 27 25 100 53 1009 1005 5 2 19 0010 
1 35 25 27 24 100 56 1009 1004 7 2 19 0010 
1 31 26 27 24 94 70 1009 1006 7 3 19 1000 
1 35 27 27 24 94 56 1010 1007 8 3 13 1000 
1 37 27 26 22 84 44 1011 1006 8 2 14 1000 
1 36 27 25 21 89 41 1017 1005 6 2 26 1000 
1 37 27 26 22 84 42 1011 1006 8 2 19 1000 
1 36 26 26 20 89 39 1010 1006 8 2 21 1000 
1 35 25 25 22 89 49 1011 1006 6 2 10 1000 
1 36 26 25 20 84 39 1010 1006 6 2 23 1000 
1 38 26 23 13 79 24 1009 1005 8 2 27 1000 
1 38 26 23 15 78 25 1008 1004 6 2 26 1000 
1 38 26 21 14 66 24 1007 1003 5 2 19 1000 
1 37 25 21 17 70 30 1006 1003 7 3 27 1000 
1 36 25 20 17 74 32 1009 1005 8 3 19 1000 
1 39 24 20 15 74 33 1012 1008 6 2 26 1000 
1 27 22 20 15 78 48 1013 1010 5 2 27 0001 
1 32 22 20 17 88 43 1014 1003 6 2 10 0010 
1 30 22 21 18 94 51 1014 1012 6 3 34 0001 
1 31 21 22 19 94 51 1016 1013 4 2 11 1000 
1 29 22 22 17 100 51 1016 1013 5 2 14 0010 
1 29 21 23 19 100 55 1014 1010 4 1 19 0001 
1 32 21 21 17 94 43 1014 1011 5 3 23 1000 
1 28 21 21 19 100 58 1016 1012 4 1 40 1000 
1 30 21 21 9 100 30 1017 1012 3 1 13 0100 
1 32 21 21 15 88 36 1017 1013 5 1 14 1000 
1 30 21 22 18 94 48 1016 1013 6 1 23 0100 
1 31 21 21 17 100 46 1016 1002 5 0 19 0100 
1 33 22 21 16 78 38 1017 1013 5 1 14 1000 
1 31 21 21 15 100 38 1016 1012 2 1 13 0100 
1 32 21 21 11 94 29 1016 1012 3 1 19 0100 
1 31 20 20 15 94 38 1016 1012 2 1 11 1000 
1 32 21 19 13 83 31 1017 1013 3 1 11 0100 
1 33 20 20 14 100 31 1020 1014 3 1 82 0001 
1 30 19 19 17 100 48 1018 1014 4 1 16 1000 
1 31 19 20 16 100 43 1015 1013 3 1 52 0001 
1 27 18 20 17 100 58 1017 1012 5 1 23 0001 
1 27 17 19 15 100 48 1018 1014 6 1 19 0100 
1 27 19 19 17 94 54 1017 1013 6 1 19 1000 
1 25 19 17 14 83 50 1017 1013 3 2 14 1000 
1 27 17 18 14 94 45 1019 1015 4 2 19 1000 
1 27 16 17 14 100 47 1021 1017 4 1 11 1000 
1 26 17 19 15 100 54 1019 1016 1 0 11 0100 
1 25 19 19 15 100 54 1018 1015 2 0 10 0100 
1 27 19 19 4 94 23 1018 1013 4 1 10 0100 
1 24 17 18 17 100 65 1018 1015 4 1 23 0001 
1 24 17 19 16 100 69 1021 1018 4 1 14 0100 
1 28 17 18 15 100 45 1020 1017 3 1 0 0100 
1 26 17 18 12 100 42 1021 1017 4 1 8 0100 
1 22 17 16 14 88 69 1020 1017 2 1 8 1000 
1 27 17 16 13 88 44 1021 1017 2 1 3 0100 
1 27 17 17 14 94 47 1022 1018 2 0 8 0100 
1 27 20 16 13 78 42 1020 1016 5 1 19 1000 
1 27 20 18 17 88 54 1020 1016 1 1 8 0100 
1 27 17 17 15 94 48 1021 1017 2 0 10 0100 
1 28 17 17 15 94 48 1018 1014 4 0 0 0100 
1 27 19 17 16 88 51 1015 1011 3 1 14 0100 
1 25 17 18 15 100 57 1016 1013 3 2 23 0100 
1 26 18 16 14 83 47 1015 1014 4 2 10 1000 
1 25 17 15 9 88 36 1015 1013 5 1 13 1000 
1 25 13 12 10 88 41 1016 1014 4 1 10 1000 
1 26 13 12 9 88 34 1017 1014 5 1 11 1000 
1 26 14 12 8 82 32 1016 1014 4 0 11 0100 
1 25 13 13 10 88 39 1018 1014 3 0 0 0100 
1 25 14 12 11 82 41 1017 1012 3 1 6 0100 
1 24 15 14 11 88 44 1016 1013 3 1 14 0100 
1 26 14 14 11 94 39 1016 1013 2 1 6 1000 
1 26 15 14 6 82 28 1020 1016 4 1 0 1000 
1 26 15 15 4 82 24 1021 1018 5 0 10 0100 
1 25 17 13 7 73 32 1021 1016 4 1 8 1000 
1 23 16 15 11 88 53 1017 1014 2 1 6 1000 
1 25 13 12 8 88 34 1014 1011 4 0 8 0100 
1 19 17 18 13 94 73 1013 1011 1 1 11 0100 
1 18 15 16 14 94 83 1017 1016 2 1 14 1000 
1 19 13 15 13 100 78 1020 1018 3 0 16 0100 
1 21 10 13 10 100 49 1019 1017 5 0 11 0100 
1 21 11 14 10 100 49 1020 1017 2 0 10 0100 
1 22 15 16 13 100 60 1065 1015 1 0 6 0100 
1 20 11 14 11 100 56 1021 1017 3 0 13 0100 
1 20 11 12 10 100 56 1020 1017 3 0 8 0100 
1 21 10 12 9 100 46 1019 1016 3 0 10 0100 
1 21 12 13 8 94 43 1019 1017 4 0 11 0100 
1 21 10 14 10 100 60 1021 1017 2 0 3 0100 
1 23 13 16 13 100 61 1022 1018 3 0 8 0100 
1 22 15 16 13 94 69 1017 1013 3 0 11 0100 
1 21 15 18 12 100 73 1013 1011 4 1 34 0010 
1 16 14 16 14 100 94 1011 1009 2 1 19 0001 
1 16 13 15 13 100 94 1018 1012 3 0 10 0100 
1 15 11 15 11 100 100 1019 1017 1 1 10 0100 
1 17 10 14 10 100 82 1019 1016 1 1 16 0100 
1 17 13 14 13 100 77 1017 1015 3 1 14 0100 
1 17 12 14 12 100 77 1019 1016 2 0 16 0100 
1 13 11 11 10 94 88 1020 1018 2 1 11 1000 
1 13 10 9 9 94 77 1022 1020 2 1 10 1000 
1 16 7 12 7 100 68 1023 1019 2 0 11 0100 
1 16 11 12 10 100 72 1020 1018 2 0 8 0100 
1 11 7 10 7 100 88 1021 1019 2 0 10 0100 
1 12 9 9 8 100 77 1021 1017 3 1 19 1000 
1 12 10 9 8 94 82 1020 1017 2 1 13 1000 
1 12 9 9 7 100 76 1022 1019 1 0 6 0100 
1 15 3 11 3 100 77 1021 1017 2 0 13 0100 
1 15 9 11 9 100 72 1019 1016 2 1 16 0100 
1 15 8 10 8 100 72 1020 1017 1 0 11 0100 
1 12 8 9 8 100 82 1023 1018 2 0 6 0100 
1 11 6 10 6 100 93 1019 1017 1 0 11 0100 
1 15 6 10 6 100 67 1022 1019 1 0 10 0100 
1 17 10 14 9 100 63 1022 1018 2 0 14 0010 
1 11 10 10 9 100 94 1023 1020 3 1 16 1000 
1 16 7 10 7 100 63 1021 1020 4 0 21 0100 