1 18 13 16 11 100 68 1016 1013 3 0 13 0100 
1 17 13 15 11 100 77 1018 1015 1 0 10 0100 
1 19 8 11 6 100 43 1018 1013 2 0 13 0100 
1 20 8 14 5 100 37 1017 1013 2 0 10 0100 
1 19 11 14 11 100 68 1018 1014 3 0 14 0100 
1 16 12 14 11 100 82 1018 1014 3 1 16 0001 
1 17 13 14 12 100 77 1020 1015 3 1 19 1000 
1 17 10 12 10 100 63 1022 1018 2 1 13 0100 
1 16 8 9 4 100 45 1021 1017 4 0 14 0100 
1 16 4 8 0 100 34 1022 1018 5 0 16 0100 
1 17 4 7 3 100 42 1022 1018 4 0 16 0100 
1 18 5 7 1 93 34 1021 1017 5 0 24 0100 
1 19 4 5 2 87 32 1021 1017 4 0 16 0100 
1 21 7 9 3 87 31 1017 1013 5 1 21 0100 
1 24 12 12 4 77 29 1015 1009 5 1 16 1000 
1 19 13 14 11 100 64 1011 1008 4 1 23 0010 
1 13 8 12 8 100 88 1013 1010 3 0 14 0100 
1 14 5 9 5 100 59 1013 1010 5 0 14 0100 
1 16 6 11 6 100 55 1015 1004 3 0 11 0100 
1 14 4 10 4 100 72 1019 1015 2 0 14 0100 
1 17 5 9 1 100 34 1018 1015 7 0 29 0100 
1 17 6 7 2 93 37 1018 1014 5 0 19 0100 
1 21 5 8 3 100 31 1019 1015 5 0 21 0100 
1 20 6 8 1 100 28 1018 1014 9 0 23 0100 
1 20 9 8 3 82 35 1017 1013 5 1 21 0100 
1 19 9 9 4 100 40 1019 1015 4 0 19 0100 
1 17 12 5 2 62 37 1015 1014 5 1 13 1000 
1 20 7 6 1 93 28 1018 1014 7 1 13 0100 
1 20 6 8 4 93 35 1020 1016 5 0 19 0100 
1 20 6 8 0 100 26 1020 1016 5 0 16 0100 
1 20 5 7 1 100 28 1021 1018 5 0 16 0100 
1 20 7 6 -2 93 23 1021 1018 5 0 24 0100 
1 21 8 7 -1 87 23 1020 1016 5 1 19 1000 
1 22 11 8 2 82 28 1020 1015 4 1 14 1000 
1 23 12 12 -1 88 23 1016 1011 5 1 19 0100 
1 22 11 14 5 100 38 1018 1012 3 1 21 0100 
1 21 9 14 6 100 40 1018 1015 5 0 21 0100 
1 18 9 10 2 82 34 1017 1013 4 1 14 1000 
1 18 10 8 -7 82 18 1018 1011 6 2 24 1000 
1 18 3 2 -4 87 32 1018 1015 6 1 23 0100 
1 20 4 3 -1 81 24 1018 1014 7 1 24 0100 
1 20 6 5 0 87 28 1018 1014 4 1 14 0100 
1 25 12 7 0 67 19 1016 1011 7 1 23 1000 
1 23 14 10 5 68 35 1014 1010 4 1 23 1000 
1 23 12 12 4 94 31 1017 1013 4 0 19 0100 
1 20 12 9 -2 67 26 1017 1013 5 4 121 1000 
1 19 10 4 -4 54 22 1017 1014 6 2 21 1000 
1 20 7 9 1 76 28 1019 1015 5 1 16 0100 
1 23 7 9 1 100 23 1018 1015 5 0 26 0100 
1 23 9 9 1 76 23 1017 1013 6 1 27 0100 
1 24 9 9 3 94 25 1015 1009 5 0 19 0100 
1 28 13 14 5 88 26 1011 1007 4 1 14 1000 
1 30 16 15 8 82 27 1011 1008 5 1 16 1000 
1 26 13 16 9 100 36 1014 1010 5 0 16 0100 
1 25 11 11 4 77 34 1014 1010 6 1 27 0100 
1 22 10 5 -5 71 16 1015 1012 6 1 23 1000 
1 23 6 6 0 87 23 1014 1011 6 1 26 0100 
1 24 8 7 1 81 22 1012 1009 6 1 32 1000 
1 25 11 8 4 77 26 1009 1004 5 1 23 0100 
1 29 14 10 2 67 19 1010 1007 6 2 19 1000 
1 28 13 11 -3 77 13 1009 1006 6 1 21 1000 
1 28 11 9 2 82 19 1009 1006 7 1 21 1000 
1 32 16 15 4 63 23 1009 1005 7 2 14 1000 
1 33 22 15 9 61 24 1008 1004 6 2 26 1000 
1 28 18 19 5 100 23 1008 1005 5 0 19 0100 
1 28 11 10 -3 88 14 1008 1004 6 1 14 0100 
1 26 12 6 -8 67 10 1009 1003 5 2 19 1000 
1 24 10 9 -4 88 15 1012 1008 6 1 19 0100 
1 25 12 7 -3 67 16 1014 1012 5 1 16 1000 
1 27 11 7 -6 71 12 1016 1011 5 2 14 1000 
1 29 13 9 -3 72 13 1015 1011 5 1 19 1000 
1 25 16 15 7 94 32 1017 1010 7 3 23 0001 
1 25 12 11 2 88 22 1018 1014 5 0 24 0100 
1 27 11 10 4 82 23 1016 1012 5 1 24 0100 
1 30 13 14 6 88 25 1014 1010 5 1 21 0100 
1 34 17 14 7 82 20 1012 1008 3 1 16 1000 
1 35 19 17 8 73 20 1012 1009 3 1 19 1000 
1 36 21 17 6 73 16 1013 1008 5 1 13 1000 
1 33 20 18 2 88 17 1012 1007 3 1 27 1000 
1 25 14 8 -3 55 19 1014 1011 3 2 23 1000 
1 26 13 8 -1 55 18 1014 1011 4 3 26 1000 
1 30 12 9 3 67 19 1015 1011 5 2 27 1000 
1 32 14 11 -1 72 12 1015 1011 5 1 23 1000 
1 33 15 12 3 77 15 1014 1010 5 1 23 1000 
1 35 18 13 2 73 12 1013 1009 5 1 16 1000 
1 33 18 15 9 83 23 1014 1011 3 1 21 0100 
1 33 20 16 5 73 18 1017 1013 4 1 19 1000 
1 33 18 15 6 83 20 1015 1009 5 1 29 1000 
1 33 17 17 7 72 20 1011 1007 5 2 23 1000 
1 35 21 14 9 60 20 1014 1009 6 1 16 1000 
1 37 23 14 8 53 17 1014 1009 5 3 21 1000 
1 38 25 14 11 50 20 1014 1009 4 2 16 1000 
1 38 26 17 13 57 24 1013 1008 3 2 16 0001 
1 36 23 17 9 61 19 1012 1007 5 1 27 1000 
1 37 23 16 3 57 13 1011 1005 5 2 19 1000 
1 36 24 15 8 45 21 1008 1004 5 3 19 1000 
1 37 26 15 11 51 22 1008 1004 5 3 19 1000 
1 36 23 15 6 61 16 1009 1005 5 1 24 1000 
1 38 22 15 7 57 16 1009 1005 5 2 21 1000 
1 37 25 15 11 51 21 1008 1003 5 1 40 0001 
1 29 21 17 14 78 40 1011 1004 4 2 26 0001 
1 34 21 16 9 69 23 1010 1004 5 4 16 1000 
1 29 24 15 10 57 33 1011 1004 4 3 27 1000 
1 27 20 18 13 88 42 1012 1008 4 2 14 0001 
1 31 19 19 10 94 27 1013 1008 5 1 11 0001 
1 35 20 15 8 68 20 1011 1005 5 1 14 1000 
1 33 21 18 12 83 28 1009 1004 5 3 37 0001 
1 33 24 17 12 61 28 1009 1005 4 1 24 0010 
1 36 21 16 11 69 23 1009 1005 4 1 23 1000 
1 38 23 16 9 61 18 1012 1008 4 3 26 0001 
1 34 23 15 8 61 20 1013 1007 6 1 23 1000 
1 35 23 16 8 61 19 1008 1003 6 3 24 0010 
1 35 20 13 8 60 19 1007 1004 6 3 19 1000 
1 36 22 17 7 73 18 1010 1004 5 1 23 0001 
1 35 20 17 9 83 20 1009 1006 5 0 16 0100 
1 34 23 16 10 65 23 1010 1007 5 1 24 0001 
1 34 18 18 10 94 23 1009 1004 5 0 23 0100 
1 36 21 14 5 64 15 1006 1001 5 2 24 1000 
1 36 22 12 4 53 14 1004 1001 6 3 24 1000 
1 36 22 19 5 65 17 1005 1001 5 3 24 1000 
1 35 22 10 2 44 13 1007 1003 5 3 16 1000 
1 37 23 10 0 41 10 1009 1005 5 3 16 1000 
1 37 23 9 3 41 12 1007 1002 5 1 23 1000 
1 38 25 11 2 39 11 1004 1000 5 1 13 1000 
1 39 26 14 5 39 12 1007 1002 4 3 27 1000 
1 39 26 15 11 47 18 1007 1003 5 2 21 1000 
1 39 27 16 8 48 15 1007 1002 4 2 16 1000 
1 41 28 15 10 42 15 1007 1002 4 3 19 1000 
1 37 27 16 11 51 24 1009 1006 5 2 21 1000 
1 42 29 14 9 37 14 1008 1004 5 1 26 1000 
1 37 26 15 11 47 21 1009 1004 4 4 19 1000 
1 40 23 18 11 69 17 1008 1001 5 1 37 0001 
1 38 23 17 12 65 23 1007 1002 4 2 23 1000 
1 33 25 16 10 51 24 1006 1003 4 1 24 1000 
1 39 24 12 6 44 14 1007 1002 4 3 23 1000 
1 43 27 14 5 39 10 1004 999 4 1 23 1000 
1 38 28 17 8 51 16 1004 999 4 1 23 0001 
1 41 27 14 6 40 13 1007 1002 3 1 23 1000 
1 41 29 14 3 35 10 1008 1003 4 1 26 1000 
1 42 28 12 4 35 11 1007 1001 5 2 19 0001 
1 42 31 12 3 31 10 1006 1001 4 2 23 0001 
1 42 29 13 6 37 12 1005 1000 3 2 19 1000 
1 42 27 10 1 32 8 1005 1001 3 2 27 1000 
1 44 26 8 0 30 7 1003 998 4 2 27 1000 
1 44 27 11 5 28 11 1002 998 5 2 34 1000 
1 42 32 12 6 24 13 1004 999 4 2 32 1000 
1 41 29 13 2 37 9 1004 1000 4 2 27 1000 
1 43 28 10 3 32 9 1004 1000 4 2 23 1000 
1 44 28 10 2 32 8 1004 1000 5 2 26 1000 
1 45 28 7 3 25 8 1002 996 4 2 24 1000 
1 46 32 13 5 22 10 1000 995 4 2 21 1000 
1 45 33 16 9 27 13 1000 996 4 2 142 1000 
1 43 33 19 7 36 14 1000 995 4 3 37 0001 
1 49 29 18 3 45 9 999 992 6 2 24 1000 
1 41 29 20 14 42 22 999 995 4 2 23 1000 
1 40 29 19 15 55 29 1000 995 4 3 26 0010 
1 38 27 18 10 54 22 1002 998 5 2 37 0001 
1 38 27 17 12 54 22 1002 999 4 2 14 1000 
1 39 27 16 12 51 21 1004 999 4 2 23 1000 
1 41 28 17 11 51 17 1002 998 4 2 24 1000 
1 42 30 16 10 40 16 1001 995 3 2 23 1000 
1 41 30 16 8 37 14 1001 997 3 2 26 1000 
1 41 29 17 10 42 15 1001 997 4 2 16 1000 
1 44 31 14 10 33 13 1002 999 4 3 21 1000 
1 43 34 14 7 30 12 1002 998 4 3 26 1000 
1 43 31 18 10 40 15 1001 995 5 3 32 1000 
1 43 32 20 12 44 16 998 993 4 2 24 1000 
1 44 32 20 13 49 16 997 992 4 3 23 1000 
1 37 28 23 17 74 34 999 995 4 4 37 0010 
1 42 28 23 13 70 19 999 994 4 3 23 1000 
1 43 30 17 10 43 14 996 992 5 3 27 1000 
1 43 33 20 14 41 19 997 994 4 3 27 1000 
1 43 32 25 13 59 20 999 995 4 3 21 1000 
1 42 32 25 15 62 24 998 994 4 3 21 1000 
1 42 33 21 15 44 22 996 992 4 3 23 1000 
1 43 32 20 11 46 19 998 995 4 3 24 1000 
1 41 32 20 12 49 24 999 995 5 3 27 1000 
1 40 32 21 18 52 27 1000 997 3 2 26 1000 
1 41 32 20 15 49 22 1001 996 3 3 27 1000 
1 43 31 18 15 43 19 1000 997 4 3 27 1000 
1 43 32 18 13 41 20 1000 994 4 3 23 1000 
1 44 32 19 11 43 15 999 993 6 3 24 1000 
1 42 33 25 18 59 28 999 995 4 3 23 1000 
1 40 31 26 22 70 35 996 993 5 2 34 1000 
1 42 29 26 23 74 34 996 992 4 3 26 1000 
1 41 30 25 22 74 33 997 993 4 3 21 1000 
1 37 24 25 21 100 42 998 994 4 1 23 0001 
1 29 25 26 23 100 74 999 995 3 1 19 0001 
1 33 26 25 23 94 55 1000 996 5 2 26 1000 
1 34 27 26 24 89 56 1002 998 4 2 23 0010 
1 35 27 26 23 89 53 1002 998 4 2 26 0001 
1 34 27 28 24 100 56 1002 999 6 1 24 0010 
1 31 27 27 25 100 75 1001 998 4 0 16 0001 
1 35 26 27 21 100 56 1001 997 4 1 19 0001 
1 32 27 25 23 89 62 1002 998 4 2 23 1000 
1 37 27 26 23 94 44 1001 997 4 3 19 1000 
1 37 27 25 22 84 42 1003 999 4 3 19 0001 
1 38 28 26 20 89 35 1003 998 5 3 19 1000 
1 40 29 24 20 70 33 1000 994 5 3 24 1000 
1 40 31 26 19 70 31 997 993 4 3 27 1000 
1 36 31 26 21 70 44 1001 995 5 3 21 0010 
1 35 28 26 23 89 52 1003 1000 5 3 23 1000 
1 37 28 27 24 94 47 1002 996 4 3 14 0010 
1 36 30 28 24 84 50 998 993 4 2 19 1000 
1 38 28 27 23 94 44 997 993 3 2 23 0001 
1 34 28 26 23 89 59 999 996 5 3 23 1000 
1 32 28 26 24 89 66 1001 997 5 3 19 1000 
1 33 27 26 25 94 66 999 996 4 2 19 0010 
1 34 28 27 24 94 56 999 996 5 3 23 0010 
1 31 27 27 25 89 75 1000 997 4 3 19 1000 
1 31 28 27 25 94 70 1001 998 3 2 13 1000 
1 29 24 26 24 100 84 1001 998 3 1 14 0010 
1 30 26 27 26 100 79 1002 998 3 1 11 0010 
1 36 28 27 24 94 50 1000 996 5 3 21 1000 
1 36 28 25 22 74 50 997 994 4 4 21 1000 
1 33 27 26 24 94 63 1001 997 4 3 19 1000 
1 35 27 27 23 94 56 1002 999 4 2 19 1000 
1 33 28 26 24 89 59 1003 999 5 3 16 0001 
1 32 27 27 25 100 70 1004 1000 4 2 14 0001 
1 33 26 27 24 100 63 1003 1001 4 1 16 0001 
1 30 26 27 25 100 79 1002 999 3 1 13 0001 
1 34 26 28 24 100 56 1002 998 4 1 13 1000 
1 33 25 28 24 100 62 1003 1000 4 1 14 0001 
1 34 26 26 23 94 52 1003 999 5 2 23 1000 
1 31 26 27 24 100 66 1002 998 4 2 26 0001 
1 31 26 26 24 100 66 1002 998 5 1 21 0010 
1 32 27 26 24 89 62 1003 1000 4 3 23 0010 
1 32 26 26 23 94 62 1003 1001 5 2 14 1000 
1 34 26 26 24 94 56 1004 1000 5 3 13 1000 
1 34 27 26 24 89 56 1004 999 5 4 19 0001 
1 33 29 28 25 84 70 1003 1000 4 2 13 0001 
1 32 27 28 25 100 70 1003 1001 5 1 21 0001 
1 29 25 27 25 100 79 1004 1000 3 1 14 0001 
1 32 26 27 24 100 62 1004 1001 4 2 29 0001 
1 29 26 26 25 100 79 1005 1002 4 1 16 1000 
1 29 26 27 26 100 84 1004 1002 4 1 13 0001 
1 27 25 27 25 100 94 1006 1002 2 1 14 0010 
1 31 26 27 25 100 70 1005 1000 2 1 14 0010 
1 32 26 27 25 100 66 1003 1000 4 1 16 0001 
1 32 26 27 24 100 70 1005 1001 4 1 14 0001 
1 31 24 27 24 100 70 1007 1003 5 1 16 0001 
1 30 25 27 24 100 74 1006 1002 4 1 13 1000 
1 33 25 26 24 100 59 1005 1001 4 2 10 1000 
1 34 28 27 25 94 59 1004 1000 4 1 10 1000 
1 35 27 28 24 100 56 1005 1002 4 1 19 0100 
1 33 26 26 24 100 59 1005 1000 4 3 19 1000 
1 31 26 26 24 94 70 1006 1002 4 2 23 0001 
1 33 27 26 23 89 55 1006 1003 5 3 27 1000 
1 32 27 25 23 84 59 1007 1003 4 4 29 1000 
1 32 26 25 22 89 59 1007 1003 5 3 26 1000 
1 31 25 26 24 100 66 1007 1004 4 2 21 0010 
1 35 27 26 24 89 56 1007 1003 5 3 13 1000 
1 36 28 27 24 89 50 1007 1002 4 2 16 0001 
1 34 28 27 24 89 59 1006 1002 4 2 13 0001 
1 33 27 27 25 94 63 1005 1001 3 2 14 0001 
1 35 27 27 24 100 56 1005 1001 4 2 23 1000 
1 31 26 27 25 100 74 1004 1000 5 2 23 0001 
1 33 25 27 23 100 66 1003 998 4 3 19 0001 
1 31 25 26 23 100 70 1004 1001 4 2 16 0001 
1 33 27 26 24 94 59 1007 1004 5 3 14 1000 
1 30 25 25 15 89 45 1008 1005 5 4 14 0010 
1 32 25 26 22 100 55 1008 1005 5 3 14 1000 
1 31 25 25 22 94 58 1009 1005 5 2 16 1000 
1 33 23 24 20 100 49 1009 1005 5 2 26 1000 
1 35 24 22 18 89 36 1010 1006 5 2 21 1000 
1 33 23 22 15 83 34 1008 1005 5 2 23 1000 
1 33 23 21 16 78 36 1008 1004 5 4 23 1000 
1 33 22 21 17 78 38 1009 1005 5 4 23 1000 
1 34 23 22 16 83 38 1013 1009 5 3 23 1000 
1 33 22 22 18 88 41 1013 1010 5 4 23 1000 
1 33 23 22 15 88 34 1012 1008 6 3 16 1000 
1 35 22 21 16 94 32 1012 1009 6 2 14 1000 
1 33 22 22 13 94 29 1013 1008 5 1 16 1000 
1 34 22 20 14 83 30 1012 1008 5 3 16 1000 
1 34 22 21 15 83 32 1010 1006 5 2 19 1000 
1 35 24 22 13 83 26 1008 1003 4 2 19 1000 
1 35 22 20 12 78 26 1006 1003 4 2 23 1000 
1 35 21 17 9 69 21 1009 1006 5 2 21 1000 
1 35 22 17 9 64 20 1012 1009 4 2 21 1000 
1 34 21 17 10 69 23 1014 1010 4 2 23 1000 
1 34 20 16 9 73 21 1013 1009 5 2 23 1000 
1 33 20 16 9 78 23 1012 1007 5 2 16 1000 
1 33 20 18 12 78 28 1013 1009 4 2 13 1000 
1 33 20 18 12 83 28 1013 1009 4 2 23 1000 
1 34 20 17 10 73 23 1012 1008 4 2 14 1000 
1 35 20 18 9 83 21 1012 1009 5 1 19 1000 
1 35 21 16 10 68 22 1013 1010 5 1 23 1000 
1 34 22 17 12 57 26 1017 1012 5 1 27 1000 
1 31 19 16 10 73 27 1017 1014 5 3 19 1000 
1 31 19 16 14 83 35 1017 1013 4 2 14 1000 
1 31 20 17 11 83 29 1017 1012 4 1 14 1000 
1 32 18 17 10 88 26 1016 1013 4 1 13 0100 
1 31 19 18 12 88 33 1017 1014 2 1 11 0100 
1 31 20 23 13 83 35 1018 1014 2 1 177 0100 
1 31 18 16 11 83 31 1018 1014 3 1 14 1000 
1 31 19 18 12 83 33 1017 1012 4 1 23 0010 
1 27 17 17 12 88 39 1015 1012 4 1 19 1000 
1 27 15 15 10 88 34 1015 1010 3 1 16 1000 
1 28 15 14 7 88 26 1016 1012 3 1 11 1000 
1 29 15 14 7 88 25 1017 1013 3 1 14 0100 
1 29 16 15 8 83 27 1018 1014 1 1 11 1000 
1 28 15 15 12 88 37 1016 1013 1 0 13 0100 
1 29 16 16 13 88 37 1016 1012 2 1 14 0100 
1 29 16 17 14 88 42 1016 1012 1 1 10 0100 
1 28 16 17 15 94 45 1016 1012 1 0 10 0100 
1 26 17 17 15 94 51 1015 1011 1 0 8 0100 
1 28 16 17 12 94 37 1014 1011 2 0 8 0100 
1 25 16 16 13 88 50 1014 1011 1 0 10 0100 
1 28 15 15 10 100 32 1015 1011 2 0 10 0100 
1 26 14 16 10 94 42 1015 1012 1 0 8 0100 
1 28 16 16 10 94 32 1015 1010 1 0 10 0100 
1 27 15 15 10 94 34 1013 1010 3 0 13 0100 
1 30 13 13 8 94 25 1014 1010 4 1 13 0100 
1 30 16 12 8 77 27 1016 1012 4 1 11 1000 
1 22 16 14 11 82 53 1014 1012 2 1 10 1000 
1 28 16 16 12 88 37 1016 1013 2 1 10 0100 
1 27 15 15 9 94 32 1019 1015 3 0 13 0100 
1 26 13 13 10 82 39 1016 1012 2 1 14 0100 
1 27 14 13 10 88 37 1017 1013 2 0 10 0100 
1 26 13 13 10 88 36 1019 1015 1 0 8 0100 
1 26 13 13 10 88 36 1018 1014 2 0 11 0100 
1 27 12 17 8 82 30 1016 1013 3 1 11 0100 
1 27 13 12 5 82 24 1016 1013 3 1 19 0100 
1 26 12 9 4 77 24 1018 1014 5 2 14 1000 
1 25 11 9 4 71 26 1018 1014 5 1 13 1000 
1 24 11 8 2 72 24 1016 1005 4 1 14 1000 
1 25 11 8 3 82 24 1016 1012 3 1 11 0100 
1 26 12 10 5 72 26 1016 1012 3 1 13 1000 
1 25 11 10 4 94 26 1016 1013 3 0 16 0100 
1 24 11 9 3 82 25 1018 1014 4 1 16 1000 
1 24 9 7 3 82 25 1017 1012 5 1 19 1000 
1 24 10 7 4 71 27 1016 1012 5 1 14 1000 
1 27 13 13 5 82 24 1013 1010 4 1 19 0001 
1 21 11 13 10 94 49 1017 1013 2 1 16 1000 
1 22 9 10 4 88 33 1018 1014 4 1 14 1000 
1 23 8 7 2 82 25 1019 1015 4 1 10 1000 
1 23 9 7 3 76 27 1020 1016 4 1 16 0100 
1 23 7 7 4 87 31 1018 1014 3 1 21 1000 
1 23 7 6 3 81 27 1017 1014 4 1 21 1000 
1 25 8 6 3 81 24 1018 1014 3 1 19 1000 
1 25 9 6 3 66 25 1016 1012 3 2 19 1000 
1 26 10 8 2 66 23 1016 1011 4 1 14 1000 
1 26 10 10 5 82 28 1015 1010 4 1 11 1000 
1 26 13 11 6 88 28 1014 1010 2 0 13 0100 
1 19 12 14 7 88 49 1014 1011 3 1 21 0001 
1 22 10 12 8 100 43 1016 1013 3 0 10 0100 
1 23 14 11 7 82 36 1016 1011 4 1 16 1000 
1 21 14 13 10 88 49 1019 1013 4 2 26 1000 
1 23 14 14 10 77 50 1021 1017 3 1 13 1000 
1 22 15 15 11 94 60 1022 1018 2 1 16 0100 
1 22 10 12 5 94 35 1021 1017 5 1 23 1000 
1 23 9 8 5 87 31 1020 1016 5 2 24 1000 
1 22 9 8 2 87 27 1018 1014 5 3 237 1000 
1 21 7 8 4 81 35 1016 1013 6 2 26 1000 
1 21 7 7 3 87 31 1018 1014 4 1 16 1000 
1 21 8 9 4 81 38 1019 1015 4 1 14 0100 
1 19 7 11 7 100 52 1020 1016 1 0 13 0100 
1 16 8 11 8 100 67 1019 1014 1 0 11 0100 
1 15 6 12 6 100 72 1018 1014 1 0 10 0100 
1 16 8 11 8 100 59 1018 1014 2 0 13 0100 
1 17 8 11 8 100 59 1018 1013 1 0 16 0100 
1 17 6 11 6 100 48 1014 1010 2 0 19 0100 
1 21 9 13 4 100 33 1016 1012 4 0 13 0100 
1 16 7 11 7 100 55 1017 1014 3 0 14 0100 
1 13 6 10 6 100 82 1017 1012 2 0 14 0100 
