1 21 6 13 6 100 53 1020 1016 2 0 8 0100 
1 21 10 12 9 100 56 1020 1016 1 0 10 0100 
1 18 9 10 8 94 56 1019 1015 2 0 10 0100 
1 17 6 10 6 100 59 1018 1015 1 0 11 0100 
1 17 8 10 7 100 59 1019 1015 1 0 13 0100 
1 14 6 9 5 100 67 1018 1015 2 0 16 0100 
1 16 6 11 6 100 55 1018 1014 2 0 11 0100 
1 17 7 13 7 100 63 1017 1012 1 0 11 0100 
1 14 10 14 10 100 88 1014 1011 2 0 14 0100 
1 17 11 13 9 100 72 1015 1011 1 1 11 0100 
1 23 10 12 9 100 44 1017 1012 4 1 23 0100 
1 21 13 16 11 100 64 1013 1009 3 1 34 0010 
1 19 13 15 12 100 77 1015 1011 3 0 27 0010 
1 19 10 13 1 100 32 1015 1011 6 1 19 0100 
1 16 7 7 3 93 45 1018 1012 6 1 14 0100 
1 16 5 6 2 100 42 1022 1018 6 1 23 0100 
1 18 5 27 3 100 37 1023 1018 6 1 27 0100 
1 20 7 7 3 87 35 1020 1017 6 1 29 1000 
1 21 8 9 2 81 28 1018 1012 6 2 23 1000 
1 22 9 9 3 87 29 1013 1009 6 1 27 1000 
1 23 13 11 4 77 31 1015 1010 6 1 19 1000 
1 20 12 13 9 100 49 1017 1012 3 1 14 0010 
1 22 10 14 7 100 38 1017 1014 4 0 13 0100 
1 22 9 12 7 100 38 1018 1016 6 0 14 0100 
1 21 10 16 9 100 46 1019 1014 3 1 34 0001 
1 19 13 14 12 94 68 1020 1017 5 2 40 0010 
1 18 10 13 10 100 68 1020 1017 4 0 26 0100 
1 21 9 12 9 100 46 1021 1017 6 0 24 0100 
1 21 9 9 5 87 35 1018 1015 5 1 27 1000 
1 23 9 11 4 82 36 1018 1014 7 1 19 1000 
1 22 12 13 9 88 43 1016 1010 4 1 40 1000 
1 22 13 14 10 94 57 1011 1007 3 1 26 0100 
1 20 13 16 12 100 68 1016 1011 3 0 19 0100 
1 23 12 14 7 100 36 1019 1015 8 1 11 0100 
1 22 13 15 9 100 46 1015 1007 5 1 23 0001 
1 16 13 14 10 100 68 1014 1007 5 1 29 0001 
1 18 12 13 10 100 63 1017 1001 5 1 11 1000 
1 16 11 12 10 100 77 1018 1014 5 0 14 0100 
1 16 8 13 8 100 77 1016 1013 2 0 14 0100 
1 20 7 12 7 100 52 1017 1012 5 0 11 0100 
1 20 12 15 7 100 46 1014 1010 5 1 23 0010 
1 16 12 13 10 100 77 1014 1008 4 1 14 0010 
1 17 9 12 6 100 48 1018 1013 5 0 13 0100 
1 17 6 10 6 100 52 1019 1015 7 0 23 0100 
1 19 8 9 6 93 45 1019 1001 5 0 19 0100 
1 21 9 12 6 94 43 1018 1014 6 1 19 0100 
1 22 11 12 5 94 33 1016 1012 5 1 10 0100 
1 23 12 10 3 88 29 1013 1009 7 1 14 0100 
1 21 10 12 2 87 28 1015 1011 6 0 21 0100 
1 21 10 9 4 87 33 1016 1012 7 1 14 1000 
1 24 10 10 -2 82 18 1014 1010 7 1 14 1000 
1 23 12 11 7 82 38 1017 1012 6 1 14 1000 
1 22 11 9 2 82 28 1019 1015 6 2 19 1000 
1 29 17 14 6 63 28 1012 1008 5 1 19 1000 
1 28 18 15 9 68 30 1010 1006 3 1 16 0010 
1 26 16 13 7 82 36 1009 1005 5 1 23 0001 
1 26 14 12 1 88 21 1013 1009 5 0 13 0100 
1 27 13 7 2 63 20 1015 1012 4 1 13 1000 
1 28 18 7 2 49 19 1018 1016 5 3 16 1000 
1 26 14 6 1 52 21 1020 1017 5 2 27 1000 
1 26 11 7 1 58 21 1020 1016 5 0 26 1000 
1 27 11 7 -1 58 16 1019 1015 5 1 19 1000 
1 25 12 6 1 58 21 1019 1014 5 1 24 1000 
1 27 10 7 0 58 20 1015 1012 5 1 24 1000 
1 29 12 7 2 54 19 1015 1012 5 1 19 1000 
1 31 15 6 0 48 14 1015 1011 8 1 14 1000 
1 29 16 7 2 49 19 1014 1011 3 1 23 1000 
1 30 13 8 3 58 18 1015 1011 5 1 14 1000 
1 31 14 10 2 59 16 1015 1011 5 1 14 1000 
1 31 15 8 3 52 18 1015 1012 5 1 13 1000 
1 33 12 9 4 58 21 1013 1010 5 2 14 1000 
1 34 21 12 1 56 17 1012 1008 5 2 23 1000 
1 28 21 9 3 46 20 1014 1008 3 2 24 1000 
1 32 19 9 5 52 21 1017 1013 4 2 14 1000 
1 29 15 9 0 48 15 1015 1010 5 1 37 1000 
1 31 15 9 1 48 18 1012 1008 5 1 23 1000 
1 32 14 8 5 63 18 1013 1009 4 1 21 1000 
1 34 19 9 4 46 16 1013 1009 4 1 14 1000 
1 35 23 11 5 39 18 1009 1004 4 1 21 1000 
1 30 20 10 3 49 18 1009 1005 4 1 19 1000 
1 30 17 18 6 69 23 1009 1005 5 0 16 1000 
1 32 17 19 8 94 22 1011 1008 5 0 14 1000 
1 29 15 15 9 77 35 1018 1007 5 1 23 1000 
1 33 17 15 8 78 26 1009 1005 5 1 23 0100 
1 33 18 16 2 73 16 1008 1004 7 1 26 1000 
1 35 19 16 9 73 21 1007 1003 8 1 155 1000 
1 34 23 19 10 54 29 1005 1001 5 1 37 0001 
1 33 20 15 6 61 18 1006 1002 4 2 23 1000 
1 27 17 19 6 100 40 1010 1004 7 2 26 0001 
1 30 16 19 12 100 33 1018 1010 5 1 19 1000 
1 29 18 18 13 94 37 1014 1010 5 1 21 0100 
1 32 18 18 13 94 33 1012 1008 5 1 148 0100 
1 35 19 19 10 94 23 1012 1008 5 1 11 1000 
1 35 22 17 10 65 26 1014 1009 3 1 23 1000 
1 36 24 19 1 69 12 1011 1005 3 1 37 0001 
1 34 20 21 11 78 32 1012 1007 5 1 26 1000 
1 37 19 18 10 83 19 1014 1008 5 1 26 1000 
1 39 21 17 9 73 16 1011 1003 5 1 23 1000 
1 40 25 16 8 51 14 1006 1001 5 1 19 1000 
1 40 26 20 9 51 16 1008 1004 2 1 14 1000 
1 39 26 17 11 54 20 1011 1005 3 1 21 1000 
1 36 25 17 9 61 25 1010 1005 3 1 26 0001 
1 34 22 19 11 78 24 1011 1006 3 1 26 1000 
1 34 23 18 12 73 31 1014 1000 5 3 21 0010 
1 32 22 21 15 94 36 1015 1010 5 3 23 0001 
1 34 22 19 12 73 28 1013 1006 5 1 55 0001 
1 31 20 20 11 94 40 1011 1007 4 1 37 0001 
1 30 19 20 14 100 37 1011 1008 5 2 34 1000 
1 31 20 20 11 88 38 1012 1007 3 1 23 0010 
1 31 18 20 10 88 29 1011 1007 8 1 27 1000 
1 34 20 16 10 68 23 1009 1004 8 2 23 1000 
1 37 22 16 8 69 17 1008 1004 6 1 27 1000 
1 40 24 15 9 50 15 1008 1004 6 2 27 1000 
1 41 25 16 9 50 14 1009 1005 6 1 23 1000 
1 41 25 17 11 57 17 1007 1002 5 1 23 1000 
1 42 26 17 11 47 16 1005 1002 5 2 24 1000 
1 42 30 15 10 36 16 1005 1001 5 3 45 1000 
1 42 28 14 8 35 16 1002 999 4 2 37 1000 
1 42 29 14 7 31 15 1004 999 4 3 163 1000 
1 43 29 18 12 42 17 1006 1002 5 2 19 1000 
1 42 26 18 10 51 22 1007 1003 4 1 37 0001 
1 41 26 19 14 58 22 1006 1000 3 1 11 1000 
1 38 27 19 9 45 24 1002 998 4 1 27 0001 
1 39 29 19 17 55 29 1006 1003 4 3 27 1000 
1 37 24 19 16 73 30 1008 1003 4 1 34 0001 
1 34 23 19 13 65 32 1010 1004 7 3 26 1000 
1 31 21 21 15 78 43 1011 1005 4 1 37 0001 
1 35 24 21 16 78 32 1008 1004 5 1 19 1000 
1 37 26 18 15 61 27 1007 1002 5 3 27 1000 
1 40 28 19 16 55 26 1006 1000 6 3 14 1000 
1 40 29 20 17 51 26 1004 999 6 2 19 1000 
1 39 26 21 17 61 29 1004 999 4 1 47 0001 
1 31 25 21 18 74 51 1008 1003 3 1 34 0010 
1 37 25 23 19 83 37 1005 1000 4 0 23 1000 
1 39 29 22 16 62 26 1003 998 3 1 27 1000 
1 40 30 18 15 46 24 1002 998 4 2 27 1000 
1 40 30 18 16 45 24 1001 996 4 2 37 1000 
1 41 31 17 15 40 22 1000 995 5 2 29 1000 
1 42 31 17 14 40 20 999 994 5 2 23 1000 
1 42 31 19 12 46 20 1000 995 5 1 37 1000 
1 40 28 22 17 54 29 1001 996 4 3 26 1000 
1 39 27 23 20 70 33 1001 997 4 3 24 1000 
1 39 27 21 13 62 21 1002 997 4 2 24 1000 
1 39 28 22 16 70 29 1000 995 3 1 27 1000 
1 40 30 23 16 62 26 998 993 3 1 26 1000 
1 40 30 19 14 46 21 998 993 4 1 34 1000 
1 41 32 19 15 43 23 1000 995 3 1 29 1000 
1 41 33 17 10 36 17 1001 997 3 2 40 1000 
1 43 29 17 10 35 17 1003 997 5 2 37 1000 
1 42 33 19 14 41 22 1003 998 5 2 27 1000 
1 39 26 24 18 65 29 1005 998 5 1 47 1000 
1 30 29 23 21 66 62 1000 999 3 3 10 1000 
1 39 31 21 15 52 27 1004 999 4 3 14 1000 
1 39 29 22 14 66 27 1004 999 4 3 26 1000 
1 33 24 18 1 65 22 1005 999 4 1 29 0001 
1 33 23 19 7 61 21 1004 999 4 1 19 0001 
1 36 27 20 13 65 29 1001 997 4 1 23 1000 
1 31 23 21 11 78 37 1003 998 6 2 27 0001 
1 37 25 22 17 83 32 1006 996 5 1 14 1000 
1 35 28 22 15 66 30 1000 997 4 2 19 0001 
1 30 30 24 24 70 70 1002 1002 4 4 0 1000 
1 37 27 23 19 79 35 1002 998 4 1 16 1000 
1 39 28 21 18 66 31 1001 997 3 2 27 1000 
1 38 29 25 19 62 43 1000 996 3 2 14 1000 
1 40 29 23 18 58 33 1000 995 3 2 29 0010 
1 40 31 23 18 55 35 999 995 3 1 27 1000 
1 36 28 24 19 62 44 1000 996 3 2 26 1000 
1 40 29 25 20 70 31 1001 995 2 1 23 1000 
1 39 31 24 19 62 35 1000 996 3 1 29 1000 
1 37 29 24 19 70 44 1001 997 3 3 23 1000 
1 36 28 25 19 66 44 1001 998 4 3 23 1000 
1 41 28 24 15 74 22 1001 996 5 2 21 1000 
1 40 28 22 15 58 29 999 996 3 1 27 0001 
1 33 27 21 15 66 40 1003 999 4 2 23 0001 
1 37 28 20 17 62 34 1000 998 4 2 23 1000 
1 37 30 21 16 55 29 998 995 3 2 37 1000 
1 37 32 22 15 55 28 1000 996 2 1 23 1000 
1 38 29 23 15 62 29 1001 997 3 2 24 1000 
1 37 27 23 17 65 34 1003 999 4 2 23 1000 
1 37 27 21 17 62 39 1003 999 3 1 26 0010 
1 32 26 24 19 74 55 1002 999 3 0 23 0001 
1 35 26 23 16 66 44 1002 999 4 0 27 0001 
1 35 27 23 14 66 40 1008 998 4 1 27 0010 
1 35 27 22 17 61 39 1003 998 4 2 14 1000 
1 36 29 23 19 66 39 1002 998 5 1 11 1000 
1 39 30 22 19 58 31 1001 996 5 3 14 1000 
1 41 32 22 18 52 26 999 994 4 3 14 1000 
1 37 31 21 15 46 36 999 995 4 3 23 1000 
1 33 27 20 15 54 40 1000 995 5 3 23 0010 
1 36 29 22 17 58 41 998 993 5 3 19 1000 
1 37 28 21 16 51 37 998 993 5 3 19 1000 
1 33 26 21 16 65 46 999 995 4 1 16 0001 
1 32 27 21 16 62 45 1000 996 5 2 23 0010 
1 35 27 21 16 62 38 999 995 7 1 47 0010 
1 35 25 20 13 65 35 998 995 5 3 27 0010 
1 34 25 21 12 74 31 997 994 4 1 23 0010 
1 35 26 22 16 70 39 998 994 4 1 27 0001 
1 34 26 25 18 89 44 998 994 3 1 16 0001 
1 35 26 26 17 94 41 997 994 3 1 19 0010 
1 33 28 26 18 75 41 998 995 4 2 13 0010 
1 34 28 29 17 94 41 1000 996 5 2 23 0010 
1 32 25 26 12 100 33 1000 997 5 3 29 0010 
1 29 25 25 20 100 69 1003 999 5 1 34 0010 
1 30 25 28 22 100 83 1002 1000 4 3 14 0010 
1 39 24 27 23 100 42 1001 999 5 2 19 0001 
1 33 25 29 25 100 63 1003 1000 5 2 23 0001 
1 34 27 29 25 100 63 1002 1000 4 2 24 1000 
1 30 27 29 24 100 74 1003 1000 4 1 19 1000 
1 33 27 29 26 100 71 1003 1000 4 1 14 1000 
1 34 27 28 27 100 67 1004 1001 4 2 14 1000 
1 37 27 30 24 100 47 1004 1000 5 3 19 0001 
1 33 27 27 25 100 66 1003 1000 4 3 14 0010 
1 35 28 26 23 89 52 1001 998 4 3 19 1000 
1 36 28 24 22 70 47 1002 999 4 3 23 1000 
1 35 28 25 18 74 43 1003 1000 4 3 29 1000 
1 36 27 26 22 84 49 1004 1001 5 3 23 1000 
1 37 27 27 22 89 42 1004 1000 5 3 23 1000 
1 38 28 27 22 79 42 1003 999 5 3 27 1000 
1 39 30 27 20 75 39 1003 999 6 3 19 1000 
1 37 29 27 22 79 42 1003 999 6 3 26 1000 
1 37 30 29 22 89 44 1002 998 5 3 19 1000 
1 31 26 29 24 100 74 1003 999 4 3 23 0010 
1 32 27 27 25 94 66 1003 1000 5 3 26 1000 
1 29 29 27 27 89 89 1002 1002 4 4 13 1000 
1 34 25 27 20 89 55 1003 999 5 1 23 0001 
1 29 26 25 21 89 62 1006 1002 3 1 14 0001 
1 35 27 26 23 89 49 1006 1001 5 2 11 1000 
1 33 29 28 24 89 62 1003 998 5 1 13 0010 
1 34 27 26 23 89 55 1001 997 5 3 24 1000 
1 35 27 25 20 84 49 1000 997 5 3 27 1000 
1 35 27 26 21 75 49 1003 1000 4 3 21 1000 
1 35 26 25 21 79 44 1005 1002 5 3 19 1000 
1 36 28 26 18 79 34 1005 1001 5 3 21 1000 
1 27 27 26 26 94 94 1003 1003 4 4 3 1000 
1 37 28 26 20 74 39 1002 999 5 3 19 1000 
1 36 28 25 19 70 41 1004 1001 6 3 19 1000 
1 37 30 24 19 66 39 1005 1001 5 3 26 1000 
1 37 28 24 19 70 37 1004 1000 7 3 26 1000 
1 37 35 30 26 75 53 1000 998 5 4 11 1000 
1 38 27 21 18 65 32 1000 996 5 3 27 1000 
1 37 27 23 19 70 35 1000 996 5 3 24 1000 
1 36 27 23 19 70 39 1001 998 5 3 19 1000 
1 38 27 24 20 70 35 1003 999 5 3 23 1000 
1 35 27 25 23 89 53 1001 998 5 2 19 1000 
1 35 26 26 15 89 42 1001 998 7 3 24 1000 
1 34 27 27 23 100 63 1002 1000 5 1 27 0001 
1 34 27 28 21 89 66 1004 1000 7 2 14 1000 
1 36 28 28 20 94 44 1004 1000 5 3 19 1000 
1 33 27 28 24 100 75 1003 999 4 2 23 1000 
1 34 26 28 23 100 59 1004 1000 5 2 19 1000 
1 36 27 28 23 94 47 1005 1002 5 3 19 1000 
1 35 25 27 23 94 56 1005 1002 5 3 21 1000 
1 35 26 27 21 83 52 1005 1001 4 3 26 1000 
1 35 26 25 21 94 47 1004 1001 5 3 24 1000 
1 36 27 25 21 84 41 1006 1003 5 3 23 1000 
1 36 27 24 19 79 37 1008 1005 6 3 27 1000 
1 36 27 26 22 89 47 1008 1003 5 3 23 1000 
1 36 29 28 24 89 53 1006 1003 5 3 14 1000 
1 37 27 27 20 100 37 1006 1003 5 2 16 1000 
1 38 26 26 15 100 27 1007 1004 7 2 23 1000 
1 37 25 22 16 70 29 1007 1003 7 2 21 1000 
1 36 26 26 16 84 32 1008 1004 7 2 19 1000 
1 33 25 25 22 94 59 1010 1007 4 2 19 1000 
1 33 25 26 23 94 59 1012 1008 5 3 13 1000 
1 34 25 26 22 89 49 1014 1009 5 3 16 1000 
1 35 25 24 19 94 39 1012 1006 5 3 14 1000 
1 36 27 25 19 79 37 1011 1006 5 3 14 1000 
1 37 26 24 16 84 32 1010 1005 6 2 14 1000 
1 30 25 21 17 78 45 1013 1006 5 2 27 0010 
1 35 23 20 16 78 34 1012 1006 5 3 14 0001 
1 35 25 22 17 78 38 1010 1006 5 1 16 1000 
1 36 22 21 12 88 25 1010 1007 5 2 19 1000 
1 36 23 21 17 78 32 1009 1006 5 1 11 1000 
1 36 24 23 17 79 32 1010 1007 5 2 13 1000 
1 36 25 22 16 83 30 1012 1007 5 1 19 1000 
1 36 24 22 15 89 28 1011 1007 4 1 14 1000 
1 37 25 23 18 78 34 1010 1006 4 1 19 1000 
1 35 25 25 20 89 41 1011 1007 3 1 14 1000 
1 35 25 25 20 94 44 1012 1008 4 1 11 1000 
1 36 26 25 19 89 37 1011 1007 4 1 11 1000 
1 37 25 24 15 89 27 1010 1005 4 1 16 1000 
1 37 24 23 14 83 25 1008 1004 4 1 19 1000 
1 36 24 23 17 83 34 1009 1006 3 1 10 1000 
1 34 24 21 15 74 32 1011 1008 3 1 13 1000 
1 35 22 20 15 78 32 1012 1008 3 1 14 1000 
1 36 21 18 8 73 19 1009 1005 4 1 24 1000 
1 35 20 16 8 69 19 1009 1006 5 2 23 1000 
1 35 19 17 7 64 18 1012 1008 5 2 23 1000 
1 35 19 17 9 65 23 1013 1009 4 1 19 1000 
1 35 20 19 12 83 25 1012 1008 5 1 10 1000 
1 36 20 19 14 73 28 1009 1006 3 1 11 1000 
1 37 21 19 12 78 23 1009 1005 3 1 14 1000 
1 36 21 23 11 88 22 1008 1006 4 1 11 1000 
1 35 21 22 13 94 28 1009 1005 3 1 14 1000 
1 35 21 22 14 78 32 1009 1005 2 1 11 1000 
1 36 22 23 12 94 23 1008 1005 4 1 10 0100 
1 36 21 20 7 88 17 1011 1007 5 1 19 1000 
1 33 20 18 13 69 29 1013 1009 3 1 13 1000 
1 34 20 18 7 78 19 1014 1010 4 1 21 1000 
1 36 19 16 8 64 23 1013 1010 4 0 14 1000 
1 33 19 19 11 83 27 1014 1010 4 1 10 1000 
1 34 20 20 10 88 24 1015 1011 3 1 10 1000 
1 34 20 21 7 94 20 1014 1009 4 1 26 1000 
1 32 19 19 9 88 25 1012 1009 4 1 11 1000 
1 33 20 20 13 88 31 1014 1010 4 1 16 1000 
1 31 20 21 17 94 43 1017 1013 4 1 13 1000 
1 31 19 20 11 94 29 1018 1014 3 1 14 0100 
1 32 18 19 12 88 29 1018 1014 4 1 14 0100 
1 32 18 19 10 83 26 1015 1010 4 1 23 1000 
1 33 17 16 6 83 20 1012 1009 4 1 19 1000 
1 34 18 14 6 73 18 1014 1010 6 1 10 1000 
1 34 20 15 9 64 26 1015 1011 5 1 19 1000 
1 33 19 16 10 68 29 1014 1010 5 1 21 1000 
1 31 16 20 6 72 22 1015 1008 5 1 27 1000 
1 30 16 12 7 60 23 1017 1013 6 1 26 1000 
1 30 15 14 7 72 25 1014 1010 4 1 14 1000 
1 32 17 16 11 83 27 1013 1009 4 1 11 1000 
1 31 18 17 5 78 19 1014 1011 4 1 23 1000 
1 29 15 15 6 83 25 1015 1012 6 1 19 0100 
1 30 13 11 5 82 20 1017 1013 4 1 6 1000 
1 30 17 12 7 63 29 1015 1011 4 1 13 1000 
1 30 17 13 7 64 23 1012 1009 4 1 14 1000 
1 27 13 17 10 88 48 1012 1009 2 1 14 0100 
1 28 13 16 8 94 28 1013 1010 3 1 19 1000 
1 28 13 16 8 88 32 1015 1011 3 1 11 1000 
1 27 16 21 14 94 48 1017 1012 3 1 10 0100 
1 28 17 19 15 100 45 1019 1014 3 0 11 0100 
1 27 17 18 10 100 48 1017 1013 3 1 19 0100 
1 26 12 14 6 94 28 1016 1013 5 2 27 1000 
1 26 12 10 5 67 32 1017 1013 5 1 19 1000 
1 22 14 15 8 94 41 1017 1014 4 1 10 0010 
1 24 12 14 6 100 31 1018 1015 4 0 13 0100 
1 25 9 10 1 100 22 1018 1013 5 1 19 1000 
1 33 9 8 0 67 14 1018 1015 5 1 23 1000 
1 24 8 6 -1 71 19 1019 1015 5 2 26 1000 
1 24 7 3 -2 66 18 1020 1016 5 1 23 1000 
1 25 8 6 -3 58 21 1021 1017 5 1 10 1000 
1 26 8 4 1 66 21 1018 1013 4 1 21 1000 
1 25 9 9 0 63 26 1016 1012 4 1 13 1000 
1 25 9 8 4 76 26 1017 1013 3 1 11 1000 
1 26 10 8 2 71 22 1018 1010 4 1 11 1000 
1 29 13 10 3 68 23 1018 1013 4 1 10 1000 
1 25 10 10 3 94 24 1015 1012 5 1 21 1000 
1 23 9 9 5 76 33 1017 1013 5 1 13 1000 
1 23 9 8 4 82 29 1018 1015 4 1 16 1000 
1 24 8 6 1 71 22 1017 1015 4 1 16 1000 
1 24 9 9 4 82 29 1018 1013 5 1 14 1000 
1 25 10 11 5 82 32 1015 1013 4 1 19 1000 
1 25 11 11 7 88 32 1017 1014 2 1 10 0100 
1 28 12 13 8 94 28 1019 1015 3 1 11 0100 
1 28 14 13 8 82 32 1019 1015 3 1 10 1000 
1 25 13 16 7 88 44 1017 1014 3 1 16 1000 
1 22 9 9 1 87 25 1017 1013 4 1 24 1000 
1 23 6 7 1 81 29 1018 1014 5 2 23 1000 
1 23 7 7 2 87 27 1019 1015 4 2 21 1000 
1 22 7 8 2 82 33 1019 1015 4 1 13 1000 
1 23 7 9 4 87 33 1018 1014 3 1 11 0100 
1 22 7 11 3 88 43 1018 1014 2 0 10 0100 
1 23 8 12 5 100 33 1018 1014 3 0 14 0100 
1 22 6 11 3 93 38 1019 1015 2 0 11 0100 
1 24 8 13 6 100 36 1018 1015 2 0 11 0100 
1 24 10 10 5 82 31 1018 1015 2 0 10 0100 
1 25 10 10 6 94 29 1018 1014 3 0 10 0100 
1 20 9 13 7 93 52 1016 1014 1 0 11 0010 
1 23 13 16 7 94 43 1016 1011 5 1 23 0001 
