1 23 15 14 11 88 57 1017 1012 1 0 23 0.00 0100 
1 20 10 15 10 100 73 1018 1014 1 0 11 0.00 0100 
1 19 10 13 9 100 56 1021 1015 3 0 21 0.00 0100 
1 20 7 11 -9 100 19 1024 1018 3 0 21 0.00 0100 
1 19 8 11 7 100 49 1020 1017 6 0 16 0.00 0100 
1 20 6 9 4 100 37 1020 1017 5 0 23 0.00 0100 
1 21 7 11 0 100 40 1020 1016 5 0 27 0.00 0100 
1 21 7 11 6 93 40 1018 1015 5 1 19 0.00 1000 
1 24 8 12 6 100 34 1017 1013 7 1 14 0.00 0100 
1 21 10 11 8 94 46 1012 1008 4 0 19 0.00 0100 
1 21 7 10 5 100 37 1017 1012 5 0 21 0.00 0100 
1 21 7 8 2 100 28 1020 1016 5 1 19 0.00 1000 
1 22 8 8 4 87 33 1018 1014 5 1 19 0.00 1000 
1 23 10 9 3 87 29 1017 1013 5 2 23 0.00 1000 
1 23 9 10 2 94 25 1017 1013 5 1 16 0.00 1000 
1 21 14 9 2 72 28 1018 1013 3 1 19 0.00 1000 
1 20 12 12 8 88 49 1014 1011 4 1 19 0.00 1000 
1 20 9 11 2 100 30 1019 1013 4 0 19 0.00 0100 
1 20 6 9 2 93 30 1021 1017 4 1 26 0.00 1000 
1 20 5 7 2 93 30 1020 1018 4 1 26 0.00 1000 
1 16 9 9 4 76 52 1022 1018 3 2 13 0.00 1000 
1 16 10 11 6 88 52 1020 1014 4 1 23 0.00 0010 
1 14 9 10 0 93 44 1019 1013 3 1 23 0.00 0100 
1 14 5 10 4 100 67 1020 1017 3 0 14 0.00 0100 
1 14 8 11 7 100 67 1021 1016 4 0 14 0.00 0100 
1 20 7 11 6 100 43 1016 1012 4 0 14 0.00 0100 
1 22 7 12 7 100 43 1014 1010 4 0 24 0.00 0100 
1 21 12 13 8 100 46 1015 1011 4 1 19 0.00 1000 
1 21 10 11 7 88 46 1018 1013 4 3 93 0.00 1000 
1 20 9 11 6 93 49 1018 1014 4 2 14 0.00 1000 
1 21 9 12 7 94 49 1020 1016 4 1 23 0.00 1000 
1 19 7 10 2 93 32 1021 1017 5 1 24 0.00 0100 
1 20 6 8 3 93 35 1019 1016 5 2 23 0.00 1000 
1 22 7 8 4 100 31 1018 1014 5 1 11 0.00 1000 
1 23 11 9 6 77 36 1017 1013 4 1 19 0.00 1000 
1 24 11 11 7 88 34 1017 1013 4 1 16 0.00 1000 
1 19 14 15 11 94 68 1016 1013 3 1 14 0.00 0010 
1 22 15 14 11 94 56 1017 1012 4 1 26 0.00 0010 
1 24 14 15 12 100 53 1020 1016 5 1 23 0.00 0001 
1 25 16 17 1 94 32 1021 1017 4 1 23 0.00 1000 
1 25 15 16 8 94 36 1021 1017 5 0 26 0.00 0001 
1 27 16 16 11 94 39 1020 1016 5 2 26 0.00 1000 
1 28 16 17 13 94 42 1018 1014 4 1 14 0.00 0100 
1 25 16 17 12 88 44 1018 1014 4 1 27 0.00 1000 
1 24 16 14 9 77 41 1014 1010 4 3 27 0.00 1000 
1 23 15 17 8 88 52 1009 1004 4 2 21 0.00 1000 
1 23 13 15 6 94 33 1010 1006 3 0 19 0.00 0100 
1 21 13 11 6 82 40 1010 1006 4 2 23 0.00 0001 
1 25 13 12 4 88 27 1012 1008 4 3 29 0.00 1000 
1 23 11 11 4 77 31 1016 1010 5 2 26 0.00 1000 
1 19 11 10 -1 82 28 1020 1015 5 2 24 0.00 1000 
1 20 6 8 1 87 34 1019 1015 5 3 29 0.00 1000 
1 19 6 7 2 87 32 1020 1016 7 2 26 0.00 1000 
1 24 9 11 6 87 34 1020 1015 5 1 19 0.00 1000 
1 23 10 12 5 94 33 1018 1014 4 1 21 0.00 0100 
1 26 13 11 4 82 36 1017 1013 5 1 26 0.00 1000 
1 27 12 13 7 82 28 1017 1013 5 1 35 0.00 1000 
1 27 13 13 8 88 30 1015 1012 5 1 24 0.00 0100 
1 28 15 14 8 82 34 1015 1012 4 2 21 0.00 1000 
1 27 15 14 10 88 36 1016 1012 4 1 27 0.00 0100 
1 28 13 15 10 88 34 1018 1014 6 1 21 0.00 0100 
1 32 17 16 10 82 26 1017 1012 7 1 26 0.00 0001 
1 28 21 18 12 78 37 1017 1012 4 2 23 0.00 0001 
1 30 19 17 11 83 35 1019 1015 5 2 23 0.00 0001 
1 30 19 17 6 83 37 1018 1014 3 1 14 0.00 1000 
1 30 21 17 14 73 37 1017 1013 6 2 23 0.00 1000 
1 30 20 19 11 73 37 1018 1013 3 2 21 0.00 1000 
1 25 17 19 12 88 50 1017 1012 4 2 32 0.00 0001 
1 25 15 17 13 94 50 1017 1012 3 0 16 0.00 0100 
1 25 16 16 12 94 44 1015 1011 5 0 26 0.00 0100 
1 30 16 16 10 88 30 1016 1012 4 0 23 0.00 0100 
1 29 16 17 12 94 35 1017 1013 4 0 19 0.00 0100 
1 31 18 19 13 83 35 1015 1011 3 1 19 0.00 1000 
1 33 19 19 12 88 28 1012 1008 5 1 26 0.00 1000 
1 35 21 21 1 83 18 1012 1009 3 1 13 0.00 0100 
1 36 23 20 2 83 24 1013 1009 3 1 26 0.00 0100 
1 35 22 20 2 78 34 1011 1008 3 2 21 0.00 1000 
1 36 21 19 11 83 23 1012 1007 3 2 29 0.00 0010 
1 32 21 18 12 69 31 1013 1008 4 3 14 0.00 0001 
1 32 21 19 13 83 31 1008 1001 5 3 34 0.00 0001 
1 30 19 19 7 94 25 1009 1005 8 0 23 0.00 0010 
1 32 18 16 7 83 22 1008 1004 4 1 14 0.00 1000 
1 30 17 14 4 82 20 1011 1007 5 1 24 0.00 0100 
1 31 17 14 4 82 19 1012 1009 5 1 29 0.00 1000 
1 33 18 15 8 68 22 1010 1007 6 1 23 0.00 1000 
1 34 21 16 9 68 24 1009 1005 4 2 16 0.00 1000 
1 34 22 15 -2 60 10 1010 1007 5 2 26 0.00 1000 
1 33 11 13 5 82 18 1015 1006 5 2 16 0.00 1000 
1 33 18 11 0 59 12 1011 1008 8 2 27 0.00 1000 
1 32 19 10 3 56 16 1011 1008 7 3 24 0.00 1000 
1 33 16 10 4 63 16 1011 1008 5 2 26 0.00 1000 
1 35 17 10 2 59 12 1014 1009 5 1 26 0.00 1000 
1 36 19 12 4 52 14 1014 1010 7 2 27 0.00 1000 
1 37 19 11 5 52 15 1013 1009 5 2 23 0.00 1000 
1 40 22 12 1 53 11 1013 1007 4 1 19 0.00 1000 
1 41 25 12 3 41 10 1010 1002 3 2 27 0.00 1000 
1 41 27 12 1 33 9 1004 1000 3 2 27 0.00 1000 
1 35 27 1 -5 16 10 1008 1004 2 1 27 0.00 1000 
1 38 20 11 -6 24 10 1011 1003 4 1 23 0.00 1000 
1 31 19 2 -6 24 12 1013 1009 4 2 26 0.00 1000 
1 32 21 2 -3 27 10 1015 1011 4 2 26 0.00 1000 
1 34 16 4 -3 42 10 1014 1010 4 2 29 0.00 1000 
1 37 20 5 2 37 11 1014 1010 4 2 29 0.00 1000 
1 40 22 7 1 36 9 1014 1009 3 1 23 0.00 1000 
1 40 23 9 1 36 9 1012 1008 4 1 14 0.00 1000 
1 38 24 7 1 32 11 1013 1009 4 2 29 0.00 1000 
1 37 23 7 2 34 12 1013 1009 3 2 29 0.00 1000 
1 38 22 7 1 36 10 1012 1008 4 2 29 0.00 1000 
1 39 22 8 2 35 10 1013 1010 3 1 14 0.00 1000 
1 39 23 10 3 44 11 1014 1010 4 1 14 0.00 1000 
1 41 25 12 3 42 10 1011 1006 4 1 21 0.00 1000 
1 40 26 13 5 39 12 1010 1006 3 1 14 0.00 1000 
1 40 29 13 6 33 12 1010 1006 3 1 23 0.00 0001 
1 39 26 18 11 51 18 1011 1006 4 1 23 0.00 0001 
1 38 26 17 11 54 21 1010 1005 4 2 19 0.00 1000 
1 35 26 16 9 51 20 1012 1005 5 2 32 0.00 0001 
1 37 24 16 9 61 18 1008 1003 3 1 23 0.00 1000 
1 36 22 15 11 61 25 1008 1003 4 2 23 0.00 1000 
1 34 24 17 12 57 28 1006 1002 5 2 23 0.00 1000 
1 36 24 17 9 57 19 1006 1002 5 3 34 0.00 1000 
1 34 23 20 14 74 33 1009 1004 5 3 34 0.00 0001 
1 33 24 20 13 69 31 1011 1003 6 3 29 0.00 0001 
1 35 24 18 15 65 32 1008 1003 4 3 34 0.00 0001 
1 35 23 19 13 73 30 1009 1004 4 1 24 0.00 0001 
1 36 24 18 13 69 26 1007 1002 4 3 23 0.00 1000 
1 39 26 18 11 58 18 1004 999 4 3 27 0.00 1000 
1 41 27 20 10 65 15 1004 999 3 2 37 0.00 0001 
1 40 27 20 7 65 17 1011 1001 4 3 21 0.00 1000 
1 38 27 17 8 51 16 1006 1002 4 3 19 0.00 1000 
1 38 24 27 4 57 14 1005 1002 4 2 34 0.00 1000 
1 40 24 10 2 39 10 1006 1003 4 2 21 0.00 1000 
1 42 26 14 3 45 9 1005 1002 5 2 24 0.00 1000 
1 43 29 12 3 33 10 1003 998 4 2 23 0.00 1000 
1 41 27 12 5 39 12 1006 1002 4 2 21 0.00 1000 
1 42 27 13 4 42 10 1004 1002 3 2 26 0.00 1000 
1 44 27 10 5 32 9 1006 1001 3 1 174 0.00 1000 
1 43 30 12 8 27 12 1005 1001 3 2 14 0.00 1000 
1 43 33 13 8 29 13 1006 1001 4 3 14 0.00 1000 
1 44 30 14 5 37 10 1005 1000 5 3 19 0.00 1000 
1 44 30 14 5 35 9 1004 998 4 2 21 0.00 1000 
1 44 30 16 6 37 10 1004 1000 3 2 23 0.00 1000 
1 41 29 15 10 40 15 1006 1002 4 3 19 0.00 1000 
1 41 30 16 10 43 15 1005 1002 3 1 26 0.00 1000 
1 43 32 15 4 36 10 1007 1003 4 3 27 0.00 1000 
1 43 28 11 4 35 10 1006 1003 4 2 21 0.00 1000 
1 43 29 11 6 29 11 1006 1002 3 2 27 0.00 1000 
1 41 30 13 5 35 12 1007 1004 4 3 24 0.00 0001 
1 43 28 10 4 32 10 1006 1002 5 3 37 0.00 1000 
1 42 27 12 7 32 13 1006 1003 3 3 21 0.00 1000 
1 41 31 15 8 38 14 1007 1003 4 3 23 0.00 1000 
1 41 29 13 8 37 14 1006 1001 4 3 29 0.00 1000 
1 42 29 13 8 35 14 1003 999 4 2 27 0.00 1000 
1 43 28 19 9 37 13 1001 998 3 2 26 0.00 1000 
1 45 31 15 8 34 12 1001 998 4 1 39 0.00 1000 
1 45 31 16 9 40 12 1000 996 4 2 27 0.00 1000 
1 44 28 20 11 58 15 1000 997 4 1 37 0.00 0010 
1 40 24 23 14 83 26 1005 997 3 2 26 0.00 0001 
1 40 25 22 16 83 26 1002 998 4 3 23 0.00 1000 
1 40 30 20 14 51 24 1002 998 3 3 14 0.00 1000 
1 41 28 20 13 51 20 1002 996 3 2 27 0.00 1000 
1 42 27 20 12 62 18 1002 997 3 2 26 0.00 0001 
1 44 31 19 12 49 15 1008 997 3 2 34 0.00 1000 
1 41 31 18 8 40 17 1001 999 4 0 45 0.00 1000 
1 42 30 16 12 43 17 1003 1000 4 1 24 0.00 1000 
1 41 31 17 13 40 19 1005 1000 3 2 29 0.00 1000 
1 43 30 17 13 43 18 1002 998 3 2 21 0.00 1000 
1 44 30 17 10 40 13 1000 996 4 2 24 0.00 1000 
1 44 33 17 12 36 15 999 995 4 3 32 0.00 1000 
1 45 32 18 11 43 14 998 994 4 2 27 0.00 1000 
1 46 32 17 11 38 13 998 994 3 2 26 0.00 1000 
1 47 32 18 12 41 14 998 994 3 2 19 0.00 1000 
1 43 35 25 15 53 21 1000 996 3 2 19 0.00 1000 
1 45 35 23 17 44 20 1000 996 3 1 24 0.00 1000 
1 41 30 26 20 66 38 1000 996 3 1 39 0.00 1000 
1 39 27 28 22 94 45 1000 994 5 3 24 0.00 0001 
1 42 31 27 2 75 8 999 994 4 2 23 0.00 1000 
1 34 27 28 23 100 52 1000 996 3 1 23 0.00 0001 
1 32 27 28 24 100 70 1000 995 5 2 19 0.00 0010 
1 32 28 28 24 94 66 999 995 4 1 23 0.00 0010 
1 34 27 28 24 94 59 1000 996 4 2 19 0.00 0010 
1 35 27 28 2 94 18 1000 995 5 1 26 0.00 0001 
1 38 30 28 17 84 43 999 995 5 3 23 0.00 1000 
1 35 28 27 24 94 53 1001 996 4 3 23 0.00 0001 
1 35 27 27 17 89 43 1000 995 4 1 19 0.00 0010 
1 33 28 26 24 89 59 998 995 4 2 19 0.00 1000 
1 30 27 27 2 94 19 998 996 5 3 19 0.00 0010 
1 29 27 26 24 94 79 1000 997 4 1 29 0.00 0010 
1 30 26 28 2 100 18 1001 997 4 1 26 0.00 0001 
1 35 27 29 26 100 63 1002 998 5 1 13 0.00 0100 
1 38 30 29 23 94 42 1001 996 4 1 63 0.00 1000 
1 38 30 29 25 84 47 1001 998 4 2 23 0.00 0010 
1 30 26 28 2 94 19 1004 999 4 3 26 0.00 0010 
1 31 25 27 24 100 75 1004 1001 4 2 14 0.00 0001 
1 31 26 27 24 100 66 1003 1000 4 3 11 0.00 0001 
1 32 27 27 2 100 19 1005 1001 4 2 23 0.00 0010 
1 32 27 27 2 100 20 1005 1002 4 3 24 0.00 0001 
1 32 28 27 25 89 66 1004 1001 5 4 21 0.00 1000 
1 32 28 28 2 94 18 1002 1000 5 3 14 0.00 1000 
1 36 27 28 2 100 19 1004 1001 4 3 34 0.00 0001 
1 36 27 27 24 89 53 1005 1000 4 3 23 0.00 1000 
1 37 29 26 23 79 47 1002 998 4 3 26 0.00 1000 
1 36 30 26 23 70 53 1002 998 3 2 21 0.00 1000 
1 37 29 28 24 94 53 1000 996 4 2 27 0.00 0001 
1 33 27 28 25 94 70 1001 998 5 4 21 0.00 1000 
1 35 28 28 25 89 59 1001 996 4 3 16 0.00 1000 
1 35 29 28 25 94 56 1000 996 4 3 14 0.00 1000 
1 34 29 28 25 94 63 1000 997 4 3 19 0.00 1000 
1 35 28 27 25 89 56 1000 996 5 1 26 0.00 1000 
1 35 29 27 25 100 56 1000 996 5 1 27 0.00 1000 
1 35 29 27 25 89 59 1000 996 5 4 23 0.00 1000 
1 35 29 28 24 94 59 999 996 5 3 19 0.00 1000 
1 36 29 29 25 94 59 999 996 5 2 23 0.00 0010 
1 36 31 29 25 89 53 998 995 4 3 23 0.00 1000 
1 36 30 27 25 84 53 998 995 5 3 26 0.00 1000 
1 37 29 28 25 89 50 1000 997 7 4 19 0.00 1000 
1 38 29 28 25 94 47 1001 997 5 3 14 0.00 0001 
1 32 27 29 26 94 75 999 995 5 3 19 0.00 0001 
1 33 26 27 21 94 59 1000 995 5 4 34 0.00 0010 
1 33 28 26 23 89 59 1000 996 4 3 19 0.00 1000 
1 35 27 25 22 84 47 1002 1000 5 3 24 0.00 1000 
1 36 27 25 22 79 47 1003 1000 5 4 29 0.00 1000 
1 37 27 24 21 84 44 1002 998 5 4 27 0.00 1000 
1 36 28 24 20 70 41 1001 997 5 3 63 0.00 1000 
1 37 28 25 21 70 42 1002 998 5 3 23 0.00 1000 
1 38 29 26 21 70 42 1003 999 5 4 26 0.00 1000 
1 38 30 26 22 66 42 1002 997 4 4 63 0.00 1000 
1 35 30 26 22 70 49 1002 998 5 4 19 0.00 1000 
1 32 26 28 23 94 59 1004 1000 4 1 29 0.00 0010 
1 33 28 27 24 94 59 1003 1000 4 3 11 0.00 1000 
1 36 28 27 25 89 53 1003 1000 5 3 26 0.00 1000 
1 37 29 26 23 79 44 1002 998 5 4 27 0.00 1000 
1 37 27 28 21 94 50 1003 998 5 4 23 0.00 0001 
1 36 25 27 22 94 52 1003 999 5 1 27 0.00 0001 
1 37 29 28 22 84 42 1004 1001 5 4 23 0.00 1000 
1 37 28 26 21 75 39 1005 1001 5 4 27 0.00 1000 
1 37 28 22 20 66 39 1004 1001 5 4 26 0.00 1000 
1 36 27 24 20 70 39 1005 1001 5 4 29 0.00 1000 
1 37 27 23 19 70 41 1006 1002 4 4 21 0.00 1000 
1 37 28 23 20 66 39 1007 1003 5 4 27 0.00 1000 
1 38 29 26 20 79 37 1006 1004 5 4 27 0.00 1000 
1 38 28 26 19 84 33 1007 1003 6 4 29 0.00 1000 
1 38 27 25 19 84 35 1005 1001 4 4 34 0.00 1000 
1 38 28 24 19 74 33 1004 1001 5 3 29 0.00 1000 
1 38 28 24 17 74 32 1006 1002 4 4 27 0.00 1000 
1 40 28 25 18 79 27 1008 1003 5 3 19 0.00 1000 
1 40 30 25 10 74 16 1007 1001 4 3 23 0.00 1000 
1 38 28 27 22 84 39 1005 1000 5 4 19 0.00 1000 
1 38 28 26 23 84 42 1006 1001 5 4 24 0.00 1000 
1 37 27 26 21 89 39 1006 1002 4 4 23 0.00 1000 
1 35 28 26 23 84 49 1009 1004 5 4 23 0.00 1000 
1 35 29 26 22 84 47 1009 1003 5 4 21 0.00 1000 
1 37 27 26 2 89 19 1008 1004 5 4 23 0.00 0010 
1 30 26 25 23 89 70 1007 1002 5 3 19 0.00 1000 
1 36 25 26 21 89 41 1005 1000 9 4 29 0.00 1000 
1 35 25 31 23 100 67 1005 1001 5 1 204 0.00 0001 
1 35 26 31 23 100 49 1007 1002 5 2 27 0.00 0001 
1 34 26 28 21 94 49 1007 1003 8 3 29 0.00 0010 
1 31 25 29 2 100 17 1006 1002 4 1 27 0.00 0001 
1 28 22 27 17 100 54 1003 1000 4 1 34 0.00 0001 
1 28 23 25 2 100 21 1006 1002 5 2 27 0.00 0010 
1 32 24 27 2 94 20 1009 1006 4 1 14 0.00 0010 
1 34 26 27 24 100 56 1009 1004 5 1 16 0.00 1000 
1 36 27 32 24 94 63 1007 1003 5 2 11 0.00 1000 
1 36 28 30 23 89 50 1007 1004 5 3 14 0.00 0001 
1 33 28 27 19 89 51 1009 1005 5 3 37 0.00 1000 
1 33 27 26 22 94 52 1008 1003 5 3 26 0.00 0010 
1 28 24 26 2 100 24 1005 1001 4 0 16 0.00 0001 
1 30 23 26 2 94 25 1006 1002 5 3 26 0.00 1000 
1 32 24 23 19 83 55 1007 1004 5 3 23 0.00 1000 
1 33 24 25 17 89 41 1010 1006 8 3 21 0.00 1000 
1 33 25 24 21 89 52 1010 1006 5 3 24 0.00 1000 
1 33 25 24 20 89 46 1009 1006 5 4 26 0.00 1000 
1 35 25 24 20 83 44 1010 1007 5 4 19 0.00 1000 
1 33 25 22 20 83 46 1011 1008 5 4 23 0.00 1000 
1 34 24 23 19 83 44 1011 1008 5 4 23 0.00 1000 
1 34 24 22 17 83 38 1009 1006 5 4 23 0.00 1000 
1 34 24 22 17 78 38 1011 1007 7 3 23 0.00 1000 
1 34 22 21 16 78 41 1012 1009 5 3 27 0.00 1000 
1 33 21 23 19 94 43 1013 1009 8 4 29 0.00 1000 
1 34 23 22 17 83 36 1013 1009 8 3 34 0.00 1000 
1 34 24 20 16 78 34 1013 1010 7 3 23 0.00 1000 
1 34 21 22 17 94 36 1015 1011 6 2 19 0.00 1000 
1 34 22 21 17 83 36 1014 1010 5 3 14 0.00 1000 
1 34 23 20 17 78 36 1015 1010 5 2 24 0.00 1000 
1 33 22 22 18 78 46 1015 1011 4 2 14 0.00 1000 
1 33 21 21 18 88 41 1013 1010 4 2 14 0.00 1000 
1 33 22 21 18 88 41 1013 1010 4 1 16 0.00 1000 
1 33 22 21 18 88 41 1013 1010 4 1 10 0.00 1000 
1 32 22 20 16 83 38 1014 1011 5 2 13 0.00 1000 
1 33 21 19 15 83 34 1015 1010 5 2 11 0.00 1000 
1 33 22 20 10 78 26 1015 1010 5 2 13 0.00 1000 
1 31 21 21 16 88 43 1014 1009 4 2 10 0.00 1000 
1 31 20 21 17 94 43 1014 1010 5 2 16 0.00 1000 
1 29 19 21 18 94 51 1016 1011 4 1 11 0.00 1000 
1 30 18 19 14 94 37 1014 1011 4 1 23 0.00 1000 
1 30 16 18 13 100 35 1014 1011 5 2 16 0.00 1000 
1 31 16 18 15 94 43 1015 1012 3 1 8 0.00 1000 
1 32 17 19 13 100 31 1015 1011 4 1 11 0.00 0100 
1 29 17 17 15 100 45 1014 1011 3 1 11 0.00 1000 
1 32 17 19 11 88 27 1014 1004 4 1 16 0.00 1000 
1 29 17 19 15 94 42 1016 1013 3 1 10 0.00 0100 
1 29 15 18 12 100 35 1016 1010 4 1 19 0.00 0100 
1 30 16 14 11 77 31 1012 1009 4 2 11 0.00 1000 
1 30 16 15 11 82 33 1013 1002 4 1 11 0.00 1000 
1 29 15 15 13 94 37 1013 1010 4 1 14 0.00 0100 
1 30 16 16 12 82 37 1015 1012 4 1 23 0.00 0001 
1 30 20 16 12 68 33 1016 1013 4 3 71 0.00 0001 
1 29 17 15 12 88 35 1017 1014 4 1 11 0.00 1000 
1 29 15 16 12 94 35 1018 1015 3 1 14 0.00 1000 
1 29 15 15 11 88 33 1018 1013 4 1 23 0.00 1000 
1 29 14 15 12 94 39 1016 1012 3 1 23 0.00 1000 
1 28 14 15 12 94 39 1016 1013 3 1 16 0.00 0100 
1 29 14 16 13 100 37 1017 1013 3 1 14 0.00 0100 
1 29 15 15 13 94 37 1017 1012 4 1 13 0.00 1000 
1 31 15 14 9 88 25 1016 1012 4 1 16 0.00 1000 
1 31 15 13 10 82 27 1017 1013 4 1 19 0.00 1000 
1 30 14 14 12 88 33 1016 1012 4 2 27 0.00 1000 
1 30 15 14 11 88 31 1016 1012 5 2 23 0.00 1000 
1 30 14 13 9 82 27 1016 1011 4 2 26 0.00 1000 
1 29 13 13 8 88 29 1015 1011 5 3 24 0.00 1000 
1 28 13 12 6 82 25 1016 1013 5 3 27 0.00 1000 
1 27 10 11 7 88 28 1015 1012 5 1 23 0.00 1000 
1 29 11 12 7 100 30 1017 1014 4 1 13 0.00 1000 
1 29 12 12 10 94 30 1018 1014 4 1 16 0.00 1000 
1 29 13 13 9 82 34 1019 1014 3 1 11 0.00 1000 
1 31 14 14 11 88 31 1017 1013 4 1 13 0.00 1000 
1 30 14 13 7 94 23 1017 1013 4 1 11 0.00 1000 
1 28 14 9 6 67 25 1018 1014 3 1 16 0.00 1000 
1 28 13 9 4 72 21 1018 1014 4 1 10 0.00 1000 
1 28 14 8 6 63 26 1017 1014 4 1 10 0.00 1000 
1 27 16 10 4 63 23 1017 1014 3 1 13 0.00 1000 
1 27 14 10 7 72 28 1018 1014 3 1 11 0.00 1000 
1 27 15 12 8 72 36 1017 1012 3 1 11 0.00 1000 
1 24 12 10 5 77 33 1014 1010 4 1 14 0.00 1000 
1 22 9 6 2 82 27 1016 1011 3 1 19 0.00 1000 
1 23 7 6 2 81 25 1019 1016 3 1 21 0.00 1000 
1 21 7 6 4 81 33 1019 1015 3 1 19 0.00 1000 
1 24 8 6 4 81 27 1018 1014 3 1 23 0.00 1000 
1 25 9 6 3 71 26 1016 1012 3 2 23 0.00 1000 
1 26 9 8 4 76 26 1018 1014 3 1 11 0.00 1000 
1 26 9 9 6 93 29 1017 1014 3 1 13 0.00 1000 
1 24 10 9 7 87 34 1017 1013 3 1 14 0.00 0100 
1 25 9 10 8 93 34 1016 1012 2 1 13 0.00 0100 
1 25 10 9 7 94 32 1018 1014 3 1 14 0.00 0100 
1 23 8 9 3 93 27 1019 1016 3 1 14 0.00 0100 
1 23 8 7 1 87 23 1019 1016 4 1 10 0.00 0100 
1 21 8 9 4 82 38 1020 1015 3 1 13 0.00 0100 
1 22 6 8 5 100 33 1018 1014 3 1 19 0.00 0100 
1 22 6 8 5 100 38 1020 1016 3 1 14 0.00 0100 
1 22 6 11 6 100 46 1029 1016 2 0 10 0.00 0100 
1 22 8 13 8 100 46 1020 1016 2 0 13 0.00 0100 
1 21 8 9 7 100 40 1018 1013 2 1 13 0.00 0100 
1 21 5 9 5 100 38 1016 1012 2 0 11 0.00 0100 
1 22 7 9 7 100 38 1016 1013 2 0 11 0.00 0100 
1 20 9 13 8 94 46 1018 1014 2 0 10 0.00 0100 
1 21 5 10 5 100 46 1018 1014 3 0 14 0.00 0100 
1 14 7 10 7 100 77 1017 1013 1 0 13 0.00 0100 
1 15 7 10 7 100 72 1019 1016 2 0 14 0.00 0100 
1 19 6 9 6 100 43 1020 1015 3 0 26 0.00 0100 
1 20 6 8 5 100 43 1018 1015 3 1 23 0.00 0100 
1 22 10 9 6 88 38 1019 1015 2 0 11 0.00 0100 
1 26 10 9 6 94 29 1018 1015 3 0 11 0.00 0100 
1 24 9 9 5 87 29 1019 1015 3 0 14 0.00 0100 
1 24 9 9 6 87 31 1020 1016 2 0 63 0.00 0100 
1 25 11 10 4 77 26 1020 1017 2 0 13 0.00 0100 
