1 17 7 13 7 100 59 1018 1015 2 0 14 0100 
1 19 5 9 4 100 46 1019 1016 3 0 11 0100 
1 14 7 10 7 100 77 1020 1015 1 0 11 0100 
1 18 8 11 6 100 56 1018 1013 1 0 14 0100 
1 19 11 14 10 100 56 1015 1012 2 0 13 0010 
1 19 8 13 8 100 49 1017 1013 3 0 13 0100 
1 20 8 9 5 88 40 1021 1016 4 0 14 0100 
1 18 7 9 4 93 40 1023 1002 4 1 13 1000 
1 19 7 12 5 93 43 1023 1019 2 1 11 0100 
1 20 11 11 7 100 49 1023 1019 2 0 19 0100 
1 20 8 11 7 100 46 1022 1018 3 0 14 0100 
1 20 5 12 5 100 46 1024 1020 4 0 16 0100 
1 21 5 11 5 100 40 1025 1021 2 0 13 0100 
1 23 7 10 6 94 33 1024 1020 4 0 14 0100 
1 22 7 13 7 100 40 1023 1019 3 0 13 0100 
1 23 12 15 8 100 38 1022 1018 4 0 11 0100 
1 23 13 17 11 100 53 1021 1016 3 0 11 0100 
1 24 13 17 13 100 50 1019 1014 3 0 16 0001 
1 19 12 17 9 100 56 1020 1016 3 0 23 0100 
1 19 7 10 7 100 46 1020 1016 5 0 26 0100 
1 20 9 9 5 82 40 1018 1014 5 1 26 0100 
1 21 10 12 6 94 40 1019 1015 4 0 19 0100 
1 24 10 12 7 94 34 1017 1013 4 0 23 0100 
1 23 10 14 7 100 38 1014 1011 4 0 24 0100 
1 24 13 16 10 94 44 1014 1011 2 0 16 0100 
1 25 14 15 7 100 34 1014 1010 6 0 14 0100 
1 23 11 12 7 100 36 1016 1013 5 0 21 0100 
1 22 9 13 7 100 38 1016 1013 5 0 24 0100 
1 22 8 11 6 100 35 1018 1014 4 0 13 0100 
1 24 10 12 5 100 31 1018 1014 5 0 19 0100 
1 22 9 11 4 100 31 1017 1013 5 0 32 0100 
1 22 8 9 4 87 31 1017 1013 6 1 19 0100 
1 23 8 10 5 93 31 1018 1014 5 1 14 0100 
1 26 11 11 6 82 31 1017 1014 4 0 13 0100 
1 28 10 12 6 94 25 1017 1013 4 0 10 0100 
1 27 14 13 7 77 30 1017 1013 5 1 19 1000 
1 26 15 15 7 82 32 1017 1013 4 1 23 0100 
1 22 10 14 5 100 33 1019 1015 4 0 21 0100 
1 22 8 11 4 100 35 1020 1016 5 0 19 0100 
1 25 9 13 7 94 36 1018 1014 5 0 13 0100 
1 20 13 16 10 94 56 1015 1008 3 1 27 0001 
1 21 11 14 11 100 64 1017 1011 3 0 19 0001 
1 21 10 14 10 100 53 1018 1012 5 0 19 0100 
1 25 11 15 6 100 29 1014 1010 7 0 13 0100 
1 26 15 16 10 88 36 1015 1011 4 1 23 1000 
1 21 13 16 8 100 43 1016 1013 5 0 23 0100 
1 21 10 12 7 94 40 1018 1014 5 0 19 0100 
1 22 10 11 6 100 35 1018 1014 7 0 19 0100 
1 24 11 12 8 94 36 1017 1013 6 0 23 0100 
1 24 12 12 7 94 34 1014 1011 5 0 23 0100 
1 27 13 14 7 88 28 1018 1013 5 0 21 0100 
1 28 13 14 4 94 26 1017 1013 9 0 23 0100 
1 28 13 14 4 94 21 1013 1008 9 1 19 0100 
1 28 16 14 8 82 28 1012 1007 7 1 13 0100 
1 28 15 17 10 88 35 1010 1007 4 1 19 0100 
1 28 15 16 7 94 26 1011 1007 8 0 23 0100 
1 27 16 12 4 64 23 1012 1008 7 2 23 1000 
1 26 13 10 3 77 24 1014 1010 8 1 24 0100 
1 25 11 10 0 82 19 1013 1010 6 1 37 0100 
1 27 12 11 2 82 21 1012 1009 6 1 27 0100 
1 28 15 15 6 72 25 1013 1010 6 2 19 1000 
1 31 16 18 10 88 30 1012 1007 5 0 16 0100 
1 31 20 17 9 78 25 1010 1007 4 1 16 1000 
1 28 18 18 7 94 26 1011 1007 5 1 29 0100 
1 29 13 12 0 88 15 1012 1008 7 1 21 0100 
1 30 19 14 6 64 22 1012 1008 6 2 23 1000 
1 27 17 13 4 72 23 1013 1009 6 1 19 1000 
1 29 15 12 1 77 16 1017 1012 9 2 14 1000 
1 28 15 11 4 72 23 1018 1013 6 1 21 1000 
1 27 13 10 2 82 20 1017 1013 6 0 34 0100 
1 28 13 10 6 72 25 1014 1010 6 2 29 1000 
1 31 15 12 6 68 22 1016 1011 4 2 19 1000 
1 31 17 15 5 83 19 1017 1011 4 1 14 1000 
1 30 18 16 9 83 27 1014 1010 6 1 14 0100 
1 30 17 14 10 73 30 1013 1009 4 1 11 1000 
1 31 17 16 9 88 25 1014 1010 5 1 16 0100 
1 33 18 16 5 88 17 1014 1009 6 1 14 1000 
1 32 20 15 10 68 26 1012 1007 3 1 13 1000 
1 30 18 16 9 78 29 1012 1007 4 0 29 1000 
1 29 19 16 8 73 27 1013 1010 5 2 16 1000 
1 30 19 15 6 78 22 1015 1010 6 1 16 0100 
1 31 19 16 9 78 27 1015 1011 7 2 14 1000 
1 33 21 14 10 64 26 1014 1009 5 2 23 1000 
1 28 20 17 12 78 42 1013 1009 4 2 34 1000 
1 28 17 16 8 82 28 1013 1009 5 0 21 0100 
1 27 20 18 11 73 41 1012 1008 4 2 19 1000 
1 30 18 19 13 100 35 1013 1009 5 2 23 0001 
1 28 19 21 16 100 51 1011 1009 5 1 11 0001 
1 28 18 19 11 94 35 1012 1009 5 0 27 0100 
1 29 17 16 7 94 27 1010 1007 5 0 29 0100 
1 31 18 17 9 73 29 1010 1007 5 1 26 1000 
1 33 22 18 10 73 24 1011 1008 7 1 19 1000 
1 35 24 15 7 53 18 1010 1007 5 1 14 1000 
1 32 21 15 6 64 21 1011 1008 5 1 29 1000 
1 32 20 13 5 52 21 1013 1009 5 1 27 1000 
1 34 22 14 9 57 21 1012 1004 6 1 23 0010 
1 33 21 17 8 69 21 1010 1004 5 3 19 1000 
1 28 20 17 11 68 39 1010 1003 5 3 37 0001 
1 28 18 17 12 83 37 1014 1010 6 3 23 0001 
1 29 17 14 8 77 29 1014 1010 7 1 27 0100 
1 33 18 13 8 68 21 1011 1007 9 2 24 1000 
1 35 21 15 9 60 20 1011 1006 5 1 21 1000 
1 36 22 14 8 60 18 1009 1004 5 1 27 1000 
1 40 25 14 2 50 9 1007 1003 10 2 19 1000 
1 38 25 11 6 39 15 1008 1003 5 2 21 1000 
1 35 25 13 7 44 18 1009 1004 5 2 29 1000 
1 34 24 14 2 53 15 1008 1004 6 3 19 1000 
1 38 21 9 0 43 9 1007 1003 5 3 29 1000 
1 41 24 9 0 36 8 1007 1003 4 2 37 1000 
1 39 25 11 6 36 14 1005 1000 5 1 27 1000 
1 38 28 13 6 35 15 1002 998 4 2 26 1000 
1 37 25 13 -8 44 5 1007 1000 6 2 27 1000 
1 37 23 5 -6 27 6 1010 1007 5 3 21 1000 
1 35 24 5 0 26 12 1010 1007 5 3 23 1000 
1 35 22 5 1 31 12 1013 1009 4 1 29 1000 
1 39 22 4 -5 29 6 1012 1007 5 2 27 1000 
1 41 23 6 -2 31 7 1009 1005 5 2 32 1000 
1 40 26 11 7 34 13 1008 1003 5 2 27 1000 
1 43 26 12 7 42 12 1008 1004 5 1 23 1000 
1 43 27 12 8 37 12 1007 1003 5 1 27 1000 
1 43 27 12 4 37 9 1007 1002 6 1 21 1000 
1 41 30 11 7 27 13 1009 1003 4 1 23 1000 
1 38 28 15 10 45 22 1010 1004 4 2 21 1000 
1 39 27 17 13 54 22 1008 1001 5 2 34 0001 
1 37 26 18 13 54 26 1009 1004 5 3 26 0001 
1 37 28 17 9 51 18 1012 1007 5 2 21 1000 
1 38 26 13 8 42 16 1008 1004 6 4 26 1000 
1 39 26 14 7 42 14 1007 1003 6 2 27 1000 
1 39 25 14 9 47 16 1004 1000 5 1 24 1000 
1 40 29 20 11 58 21 1002 998 6 2 26 0001 
1 36 25 19 14 58 27 1003 999 4 3 27 1000 
1 37 27 20 12 55 24 1006 1002 5 2 23 1000 
1 38 28 21 14 62 24 1005 1000 5 2 23 1000 
1 39 27 21 16 65 26 1002 997 5 3 24 1000 
1 39 30 20 18 55 29 1003 999 4 3 29 1000 
1 40 29 23 20 58 33 1005 1001 5 3 27 1000 
1 42 31 24 17 62 24 1006 1001 5 2 16 1000 
1 43 32 23 10 55 14 1004 999 4 2 23 1000 
1 43 27 22 15 70 19 1005 1000 4 0 100 1000 
1 41 29 20 17 58 26 1005 1000 4 2 21 1000 
1 41 31 24 18 59 28 1005 1000 4 2 16 1000 
1 41 30 23 17 55 24 1003 1000 4 2 23 1000 
1 38 26 23 15 65 35 1003 998 5 2 23 0001 
1 39 25 19 10 69 22 1003 997 6 3 26 0001 
1 37 26 23 15 79 29 1004 995 5 2 29 0001 
1 40 28 23 9 74 15 999 995 5 3 27 1000 
1 43 29 20 11 41 15 1002 997 5 2 26 1000 
1 41 31 23 17 55 29 1001 998 4 3 27 1000 
1 37 28 21 13 62 28 1004 1000 4 3 23 0001 
1 34 26 22 18 69 43 1004 1001 5 2 32 0001 
1 36 23 26 19 100 46 1004 1000 5 4 23 0001 
1 37 23 26 18 100 32 1005 999 5 1 21 0001 
1 40 29 23 17 66 27 1002 998 5 2 27 1000 
1 41 33 23 15 55 23 1002 999 4 2 29 1000 
1 42 31 24 14 49 21 1001 995 3 2 27 1000 
1 42 33 24 13 49 19 999 995 3 2 19 0001 
1 42 32 22 7 49 13 999 994 5 2 16 1000 
1 41 31 22 3 49 11 999 995 5 2 23 1000 
1 42 27 9 5 32 10 1000 997 5 2 26 1000 
1 42 28 10 3 27 9 1002 999 5 2 23 1000 
1 41 30 22 10 62 16 1004 1001 4 2 27 0010 
1 40 31 19 15 43 24 1003 1000 4 2 23 1000 
1 42 30 19 10 51 15 1003 999 4 2 23 1000 
1 42 31 16 12 40 18 1005 1000 4 1 26 0001 
1 40 30 19 13 51 21 1008 1001 4 1 23 1000 
1 37 28 20 15 48 30 1004 1000 4 1 27 0010 
1 36 26 21 16 70 30 1005 1001 5 1 19 0001 
1 39 28 22 13 66 22 1005 1001 5 2 23 1000 
1 41 28 17 13 48 19 1004 1000 5 2 26 1000 
1 41 29 19 12 51 20 1003 999 4 2 24 1000 
1 42 29 17 11 48 16 1002 999 4 2 26 1000 
1 44 30 26 6 59 11 1002 998 8 2 23 1000 
1 44 30 14 5 35 10 1001 997 5 3 23 1000 
1 44 32 18 10 38 14 1001 997 4 3 27 1000 
1 44 32 19 11 41 15 1001 997 6 3 23 1000 
1 43 33 22 10 46 18 1002 997 7 3 21 1000 
1 43 33 23 18 52 23 1001 996 5 2 21 1000 
1 45 34 24 18 49 23 999 994 5 3 19 1000 
1 43 32 25 21 63 28 999 994 7 4 23 1000 
1 40 30 27 20 75 35 1001 995 6 4 23 1000 
1 38 25 24 16 94 39 1002 996 7 1 27 0001 
1 35 27 25 20 74 41 1003 997 4 2 19 1000 
1 34 25 25 14 89 35 1001 996 5 2 26 0001 
1 36 28 23 20 74 41 1000 996 4 2 23 1000 
1 36 29 24 21 74 41 1001 997 4 2 14 1000 
1 39 30 24 14 70 22 1001 996 4 2 16 1000 
1 41 30 22 13 62 19 1000 995 5 3 14 1000 
1 41 30 23 11 62 24 1000 995 5 3 13 1000 
1 39 31 25 12 66 21 1000 995 7 3 19 1000 
1 35 30 25 22 70 52 1001 998 5 3 23 0001 
1 33 29 27 23 84 62 1002 998 4 2 23 1000 
1 37 29 27 23 84 44 1001 998 5 2 23 1000 
1 38 29 25 22 79 39 1000 995 5 2 39 0001 
1 33 29 27 24 79 62 1000 995 5 3 19 0001 
1 37 28 26 23 84 47 1000 996 4 2 23 1000 
1 33 26 27 23 89 62 999 996 5 1 37 0001 
1 36 29 27 23 89 47 1000 996 9 3 23 1000 
1 36 30 26 23 74 47 999 994 6 4 26 1000 
1 35 28 25 22 84 47 1001 997 6 4 23 0001 
1 37 29 25 22 79 42 1002 996 7 4 23 1000 
1 35 31 25 23 70 49 1001 997 9 4 19 0001 
1 36 29 26 22 74 50 1002 998 5 3 23 1000 
1 36 28 25 24 84 53 1002 997 5 3 24 1000 
1 35 26 27 23 94 49 1000 998 6 2 27 0001 
1 32 28 26 24 89 66 1002 999 8 3 26 1000 
1 35 27 26 24 89 53 1002 998 6 2 13 1000 
1 38 29 25 23 79 42 999 994 6 4 16 1000 
1 36 26 26 23 100 47 998 993 7 1 26 0001 
1 33 26 26 23 94 62 999 995 5 3 13 0010 
1 34 28 25 21 74 58 1002 997 5 3 19 1000 
1 35 28 25 23 79 49 1003 999 5 4 23 1000 
1 36 29 24 22 70 47 1002 999 5 4 26 0001 
1 36 28 28 22 70 49 1002 999 5 4 24 1000 
1 37 30 29 21 79 44 1002 999 5 4 23 0001 
1 37 29 28 22 79 44 1002 997 6 3 26 0010 
1 37 30 24 18 66 39 1001 997 4 4 19 1000 
1 36 30 24 20 62 44 1000 996 5 3 23 1000 
1 36 30 25 19 62 39 1000 997 4 3 103 1000 
1 38 26 25 19 74 39 1001 998 5 3 23 1000 
1 38 30 26 18 70 31 1001 997 5 3 24 1000 
1 38 30 25 19 74 33 1001 996 6 3 26 1000 
1 38 32 27 18 71 35 1001 998 4 4 24 1000 
1 37 27 28 23 89 56 1005 1001 4 1 19 0001 
1 36 29 28 24 89 50 1004 1000 4 1 16 1000 
1 37 29 27 22 84 44 1003 999 5 2 14 0001 
1 33 27 26 22 94 52 1004 1001 5 1 26 0001 
1 30 26 26 23 94 70 1006 1002 4 2 14 0001 
1 30 26 26 21 94 62 1005 1001 5 1 23 0001 
1 31 26 26 22 94 62 1005 1002 6 4 13 0010 
1 34 26 26 21 89 46 1005 1002 6 2 26 0001 
1 34 29 27 20 84 49 1008 1004 4 3 16 1000 
1 36 28 26 19 79 46 1007 1003 5 4 24 1000 
1 35 26 25 19 84 46 1006 1002 6 4 23 1000 
1 34 26 26 20 89 49 1005 1000 5 3 23 1000 
1 35 28 30 21 89 49 1005 1000 6 3 23 1000 
1 36 29 28 22 94 44 1005 1002 5 3 19 1000 
1 31 25 25 22 89 66 1007 1003 4 2 14 0001 
1 31 26 26 24 94 66 1007 1003 4 2 13 1000 
1 32 26 26 23 89 62 1006 1003 3 2 14 0001 
1 33 26 25 22 94 55 1007 1004 5 2 21 1000 
1 34 27 25 20 84 46 1007 1002 6 5 23 1000 
1 31 26 28 22 94 70 1007 1003 5 1 19 0001 
1 34 28 27 24 94 59 1008 1005 4 4 13 0001 
1 34 28 28 24 94 59 1009 1004 4 3 19 0010 
1 35 27 27 15 94 48 1006 1001 4 2 16 1000 
1 33 24 27 23 94 59 1006 1000 4 1 27 0001 
1 31 24 26 21 94 62 1005 1001 5 3 14 0001 
1 32 27 26 20 94 49 1004 1000 5 2 19 1000 
1 34 26 25 18 89 41 1003 1000 5 2 14 1000 
1 34 26 24 18 83 41 1004 1001 5 3 16 1000 
1 32 26 24 18 79 55 1005 1002 5 4 26 0010 
1 32 25 25 19 100 59 1005 1002 5 2 16 0001 
1 27 23 25 23 100 89 1004 1001 3 1 23 0001 
1 26 22 26 22 100 94 1005 1001 3 1 23 0001 
1 26 22 24 22 100 78 1010 1005 5 1 23 0010 
1 31 23 26 22 100 66 1010 1007 4 1 16 1000 
1 34 25 26 19 94 41 1009 1006 5 1 21 1000 
1 33 24 24 19 89 46 1007 1004 7 2 21 1000 
1 33 25 26 20 89 52 1008 1004 6 2 26 1000 
1 34 26 26 19 94 41 1009 1006 6 2 21 1000 
1 34 26 25 20 94 44 1010 1007 5 2 16 1000 
1 35 25 26 21 94 44 1009 1006 5 2 14 1000 
1 36 26 27 19 84 39 1009 1005 5 2 10 1000 
1 36 27 26 21 89 44 1009 1005 7 3 11 1000 
1 36 27 27 22 94 44 1008 1004 4 2 14 1000 
1 36 27 26 16 94 32 1007 1004 5 2 19 1000 
1 36 27 27 13 84 27 1008 1004 6 3 21 1000 
1 36 25 25 15 94 28 1008 1005 7 3 23 1000 
1 35 27 26 15 89 34 1010 1005 5 3 23 1000 
1 35 26 25 17 89 34 1009 1005 5 2 19 1000 
1 35 25 24 15 89 30 1008 1004 6 2 23 1000 
1 35 26 27 20 94 41 1009 1004 4 2 16 1000 
1 36 28 25 16 84 30 1009 1004 4 2 11 1000 
1 36 27 26 21 89 44 1009 1005 6 2 13 1000 
1 35 27 25 20 84 41 1010 1006 6 3 19 1000 
1 34 26 23 18 79 41 1009 1004 6 4 16 1000 
1 28 25 23 16 79 54 1009 1006 5 3 24 0010 
1 28 24 24 18 89 61 1009 1005 4 3 14 1000 
1 30 23 23 20 94 58 1007 1003 5 4 13 1000 
1 32 22 22 17 100 40 1006 1003 5 0 19 0100 
1 35 21 20 11 88 23 1006 1003 6 2 19 1000 
1 35 22 19 8 78 19 1007 1004 9 2 19 1000 
1 35 21 18 10 65 23 1010 1006 8 2 13 1000 
1 34 23 18 10 65 23 1012 1009 6 3 14 1000 
1 34 21 18 7 83 19 1014 1011 4 1 13 1000 
1 33 20 17 10 83 24 1014 1011 5 1 13 1000 
1 34 20 22 11 73 24 1015 1011 4 1 10 1000 
1 34 24 17 10 57 24 1014 1011 4 1 13 1000 
1 32 23 17 8 69 24 1015 1011 4 2 14 1000 
1 33 20 15 7 73 21 1013 1009 4 1 19 1000 
1 33 19 16 9 78 23 1012 1009 4 1 14 1000 
1 33 22 23 7 89 21 1013 1010 4 1 19 1000 
1 32 17 13 4 72 17 1014 1011 4 2 19 1000 
1 33 18 11 3 64 15 1015 1012 5 1 13 1000 
1 33 18 12 4 60 16 1016 1013 5 1 11 1000 
1 31 18 11 1 59 15 1016 1012 5 1 19 1000 
1 31 17 9 1 56 15 1014 1011 5 2 16 1000 
1 31 18 10 2 56 16 1015 1012 4 1 14 1000 
1 31 16 10 1 63 15 1017 1013 5 1 14 1000 
1 31 23 6 2 33 16 1014 1012 4 2 14 1000 
1 31 17 11 4 59 18 1017 1013 4 1 11 1000 
1 31 15 11 6 72 21 1019 1015 3 1 16 1000 
1 32 16 18 4 94 17 1018 1013 5 1 24 1000 
1 31 18 11 7 52 22 1015 1011 5 2 10 1000 
1 31 18 15 8 59 33 1015 1012 3 2 11 1000 
1 31 18 15 9 73 35 1018 1014 3 2 13 1000 
1 29 18 15 10 77 30 1020 1016 3 2 10 1000 
1 29 19 17 10 83 30 1019 1015 4 1 8 1000 
1 30 18 15 9 77 29 1019 1015 5 1 21 1000 
1 30 17 17 8 83 29 1018 1013 3 1 10 0100 
1 30 18 17 11 83 35 1015 1011 1 0 8 0100 
1 31 19 18 13 83 33 1015 1010 4 0 11 0100 
1 32 18 16 8 68 27 1013 1008 4 1 19 0001 
1 28 19 15 9 73 32 1011 1008 4 1 19 1000 
1 26 16 17 2 100 21 1011 1008 4 0 19 0100 
1 23 15 15 4 88 36 1015 1009 3 1 11 0010 
1 22 17 19 15 94 78 1016 1012 3 1 19 0010 
1 26 19 20 18 100 61 1015 1010 4 1 13 0100 
1 27 20 20 16 94 54 1012 1008 4 1 14 0100 
1 28 18 18 13 94 42 1012 1009 3 1 10 0001 
1 27 17 18 8 94 30 1015 1011 3 1 10 0001 
1 27 13 15 2 83 22 1017 1013 4 1 19 0100 
1 24 12 11 4 77 27 1018 1015 4 1 21 1000 
1 24 10 7 3 71 25 1019 1016 4 1 16 1000 
1 26 9 8 2 76 21 1020 1016 4 1 6 1000 
1 27 11 9 3 77 24 1019 1016 4 1 10 0100 
1 25 10 10 4 88 27 1020 1016 2 0 8 0100 
1 25 11 10 6 82 29 1018 1014 3 1 11 0100 
1 27 11 10 4 88 23 1018 1013 4 1 11 0100 
1 27 12 10 5 82 24 1016 1013 5 1 14 1000 
1 25 11 10 5 82 29 1018 1015 3 1 13 1000 
1 23 10 8 1 82 23 1020 1016 4 1 10 1000 
1 22 11 8 5 77 33 1020 1016 3 1 11 0100 
1 24 11 10 6 77 31 1019 1016 3 1 10 1000 
1 24 12 12 6 88 31 1020 1016 3 0 8 0100 
1 25 12 11 5 94 28 1020 1016 4 1 13 0100 
1 25 11 11 6 82 29 1019 1015 3 0 10 0100 
1 26 11 12 5 88 26 1017 1013 4 1 10 0100 
1 27 13 11 9 82 32 1016 1013 4 1 11 0100 
1 26 15 12 8 82 32 1015 1012 5 1 11 1000 
1 24 13 12 6 88 31 1017 1013 4 1 13 0100 
1 22 9 8 1 76 27 1018 1013 5 1 11 1000 
1 23 11 9 2 77 25 1017 1014 3 1 10 0100 
1 23 14 13 8 77 38 1017 1013 1 0 8 0100 
1 24 12 13 4 94 27 1017 1013 5 0 11 0100 
1 23 11 10 6 88 33 1017 1013 5 0 13 0100 
1 23 14 11 3 77 27 1018 1014 4 1 8 0100 
1 23 11 11 3 94 27 1019 1015 4 0 13 0100 
1 21 15 14 9 88 46 1020 1016 5 1 11 0001 
1 23 11 13 7 100 36 1020 1016 5 0 13 0100 
1 23 11 11 5 94 31 1019 1016 5 1 13 0100 
1 22 9 10 1 100 25 1021 1017 5 0 14 0100 
1 22 8 8 3 82 29 1022 1019 5 1 11 0100 
1 21 9 8 4 82 33 1023 1019 5 1 16 0100 
1 21 8 8 4 100 33 1023 1019 4 0 16 0100 
1 20 6 7 4 87 35 1021 1017 5 1 19 0100 
1 21 8 7 1 87 27 1020 1016 5 1 11 0100 
1 22 8 8 3 87 29 1020 1015 5 0 14 0100 
1 20 8 8 5 87 37 1017 1013 5 1 21 0100 
1 29 6 9 1 100 20 1017 1013 4 1 10 0100 
1 21 7 8 2 93 28 1017 1013 4 0 10 0100 
1 20 7 8 1 93 28 1017 1013 3 0 14 0100 
1 20 7 8 3 93 33 1016 1013 3 0 11 0100 
1 19 6 9 6 100 46 1016 1013 3 0 14 0100 
1 19 6 9 5 100 46 1018 1014 3 0 16 0100 
