1 17 8 8 6 93 48 1021 1019 4 2 14 1000 
1 18 5 8 5 100 45 1024 1020 3 1 13 0100 
1 18 5 7 5 100 42 1024 1021 3 1 23 0100 
1 16 8 9 5 88 52 1023 1019 3 1 8 0100 
1 20 8 9 6 93 40 1020 1016 4 0 13 0100 
1 21 7 11 7 100 49 1019 1015 3 1 11 0100 
1 18 11 13 11 100 64 1019 1017 1 0 13 0100 
1 16 9 12 9 100 77 1019 1016 2 0 8 0100 
1 16 8 14 8 100 82 1019 1016 1 0 11 0100 
1 21 9 11 7 100 40 1018 1015 4 0 19 0100 
1 19 11 13 9 94 52 1018 1015 1 1 10 0100 
1 21 11 13 9 100 46 1014 1011 2 0 8 0100 
1 19 11 12 9 100 52 1015 1011 5 1 21 1000 
1 15 10 11 9 94 72 1017 1013 2 1 13 1000 
1 22 11 13 9 88 52 1014 1011 6 1 19 1000 
1 17 10 6 4 76 45 1013 1011 6 2 21 1000 
1 17 5 6 4 93 42 1017 1013 5 1 16 1000 
1 11 5 7 4 100 76 1018 1017 1 1 8 0100 
1 17 5 6 2 100 37 1018 1016 4 1 19 0100 
1 17 5 6 3 93 39 1019 1016 4 1 10 0100 
1 18 5 8 4 100 45 1020 1017 3 0 14 0100 
1 18 5 8 4 100 42 1018 1015 4 1 16 0100 
1 19 8 8 6 93 43 1019 1018 3 0 13 0100 
1 20 6 8 6 100 40 1021 1018 4 0 13 0100 
1 19 9 7 1 87 30 1023 1020 4 1 10 0100 
1 19 7 6 4 87 37 1020 1012 4 1 14 0100 
1 18 7 8 6 93 49 1020 1017 2 1 13 0100 
1 22 12 13 9 82 46 1020 1018 2 0 21 0100 
1 21 13 14 11 100 60 1023 1019 4 1 19 0100 
1 20 12 15 12 100 64 1023 1020 3 0 10 0100 
1 21 14 15 10 100 49 1022 1020 3 0 13 0100 
1 23 11 16 10 94 46 1020 1017 4 0 13 0100 
1 21 15 16 14 100 64 1019 1017 5 1 8 0010 
1 21 12 14 12 100 60 1020 1018 6 3 23 0100 
1 20 9 12 8 100 46 1022 1019 5 0 19 0100 
1 21 9 8 4 93 33 1019 1017 6 1 29 1000 
1 22 10 8 3 82 31 1018 1015 6 1 14 1000 
1 21 8 8 4 93 33 1021 1017 5 0 13 0100 
1 22 11 7 5 76 33 1021 1018 4 1 14 1000 
1 23 9 9 6 93 33 1022 1018 3 1 24 0100 
1 24 9 13 6 87 38 1022 1018 4 1 10 0100 
1 25 11 14 10 100 39 1021 1017 5 0 14 0100 
1 25 12 13 11 100 47 1019 1015 3 1 23 0100 
1 25 14 14 10 94 39 1017 1014 4 1 8 0100 
1 24 16 16 13 82 50 1017 1013 2 1 23 1000 
1 25 19 19 13 100 47 1015 1011 6 1 26 1000 
1 22 14 17 13 100 64 1012 1010 3 1 0 1000 
1 24 14 14 12 94 47 1013 1011 5 1 11 1000 
1 23 16 14 10 88 44 1013 1010 4 1 8 0100 
1 19 13 14 3 100 35 1014 1011 3 1 14 1000 
1 17 9 12 9 100 63 1015 1013 2 0 19 0100 
1 22 11 13 7 100 38 1019 1014 6 0 11 0100 
1 23 11 11 2 88 25 1017 1014 6 1 11 0100 
1 21 14 14 8 94 46 1017 1013 3 1 11 1000 
1 18 14 14 11 100 73 1013 1009 2 1 40 0010 
1 18 14 15 14 100 77 1016 1013 2 1 11 0100 
1 20 10 12 10 100 60 1017 1014 5 0 21 0100 
1 16 9 13 9 100 82 1018 1016 2 1 13 0100 
1 19 11 13 10 100 59 1019 1016 3 0 11 0100 
1 23 10 13 9 100 41 1019 1017 4 0 14 0100 
1 23 11 13 8 100 38 1018 1014 5 0 21 0100 
1 20 14 17 12 100 64 1018 1016 2 1 11 0010 
1 18 16 18 14 100 88 1020 1014 3 1 14 0010 
1 20 13 18 12 100 83 1015 1011 3 1 14 0010 
1 21 12 15 6 100 38 1014 1012 4 1 16 0100 
1 21 10 12 7 100 40 1014 1012 5 1 23 0100 
1 19 11 10 9 94 56 1011 1010 5 1 23 0100 
1 25 11 11 2 94 27 1014 1010 5 1 16 1000 
1 26 14 13 6 82 30 1012 1010 6 1 16 1000 
1 25 14 16 9 88 36 1013 1008 4 1 19 1000 
1 22 14 17 13 94 64 1013 1007 3 2 26 0001 
1 22 11 15 11 100 56 1017 1012 4 0 11 0100 
1 18 12 15 12 100 77 1017 1015 2 0 11 0100 
1 24 12 13 9 100 38 1017 1014 5 0 10 0100 
1 26 13 13 10 100 39 1019 1016 3 1 6 0100 
1 28 17 14 10 82 32 1016 1015 5 1 11 1000 
1 26 14 16 12 100 42 1017 1014 5 1 19 0100 
1 25 15 16 12 94 44 1016 1014 5 1 14 0100 
1 26 15 16 14 100 47 1013 1011 6 1 19 0100 
1 27 16 18 15 94 48 1012 1011 5 1 19 0100 
1 26 20 19 14 83 47 1011 1006 3 1 8 1000 
1 28 18 18 9 88 30 1009 1005 5 1 13 1000 
1 27 16 11 -3 68 14 1013 1009 8 2 27 1000 
1 26 12 7 3 72 23 1014 1011 6 1 24 1000 
1 29 14 11 5 63 22 1014 1011 6 1 21 1000 
1 31 21 11 8 53 24 1015 1012 5 1 10 1000 
1 30 18 14 9 73 27 1013 1008 6 1 19 1000 
1 26 19 17 12 83 47 1014 1009 5 2 34 0001 
1 28 17 18 13 100 39 1016 1012 6 1 16 1000 
1 30 19 18 13 88 35 1016 1012 5 1 14 1000 
1 30 20 19 15 88 40 1017 1013 4 1 16 1000 
1 32 21 19 18 88 43 1014 1009 4 2 14 1000 
1 31 21 21 18 88 48 1012 1009 4 2 16 1000 
1 31 19 20 15 94 38 1013 1010 5 1 23 0001 
1 27 20 20 15 94 48 1015 1014 5 1 13 1000 
1 32 18 17 13 94 33 1015 1011 7 1 32 0100 
1 33 21 20 15 83 34 1012 1005 5 1 8 1000 
1 31 24 19 17 69 43 1007 1001 4 2 47 1000 
1 31 20 20 11 78 29 1008 1005 3 2 23 1000 
1 31 21 16 13 61 40 1011 1008 4 3 13 1000 
1 29 22 16 8 69 27 1014 1011 4 1 13 1000 
1 31 19 13 10 68 27 1012 1009 6 2 23 1000 
1 31 25 13 7 47 22 1009 1006 5 1 19 1000 
1 33 19 14 4 73 16 1011 1008 7 1 11 1000 
1 36 23 13 5 47 15 1013 1010 8 2 14 1000 
1 36 21 13 7 53 17 1012 1008 6 1 16 1000 
1 33 22 13 10 53 24 1011 1007 4 1 13 1000 
1 39 25 10 4 34 12 1010 1007 7 2 16 1000 
1 39 31 9 7 25 14 1009 1007 7 3 14 1000 
1 40 26 13 7 36 13 1006 1003 8 2 10 1000 
1 37 26 16 12 47 22 1007 1004 4 1 13 1000 
1 39 26 13 12 44 21 1008 1004 5 2 16 1000 
1 37 27 16 13 45 25 1007 1004 4 2 16 1000 
1 40 27 17 12 51 19 1008 1004 8 1 14 1000 
1 37 27 22 17 70 35 1008 1004 5 2 29 1000 
1 32 27 23 19 74 49 1010 1006 4 3 21 1000 
1 36 25 19 10 69 20 1011 1007 6 2 26 1000 
1 37 24 16 14 53 27 1010 1007 5 2 23 1000 
1 39 28 17 6 51 13 1008 1004 7 1 14 1000 
1 39 28 18 13 46 21 1008 1005 4 1 14 1000 
1 37 29 18 14 48 27 1009 1006 3 1 8 1000 
1 39 27 17 13 51 21 1009 1007 8 1 14 1000 
1 40 29 17 13 42 21 1009 1005 6 1 11 1000 
1 39 28 16 11 48 18 1008 1004 5 1 19 1000 
1 37 27 15 11 42 21 1006 1003 5 1 14 1000 
1 37 27 20 11 54 28 1009 1004 5 2 27 1000 
1 31 26 20 15 69 38 1010 1007 5 3 23 1000 
1 33 19 20 14 94 31 1013 1007 4 1 34 0010 
1 33 21 19 13 88 29 1009 1005 5 3 27 0010 
1 34 24 19 11 73 24 1008 1004 5 2 14 1000 
1 36 25 17 13 54 25 1011 1007 7 2 19 1000 
1 39 27 16 9 51 17 1008 1006 7 2 24 1000 
1 40 28 18 11 51 17 1008 1006 6 1 13 1000 
1 42 27 18 8 51 13 1008 1004 6 1 23 1000 
1 43 29 19 8 46 12 1005 1001 5 1 19 1000 
1 42 29 19 10 40 18 1005 1002 7 1 10 1000 
1 41 33 25 19 59 28 1008 1002 5 2 23 1000 
1 39 27 24 14 70 25 1007 1000 6 3 23 1000 
1 38 27 24 20 70 35 1005 1000 5 3 13 1000 
1 42 30 24 10 66 15 1001 999 7 1 14 1000 
1 44 28 14 8 37 12 1003 1000 5 1 26 1000 
1 44 32 15 10 33 13 1004 1000 6 1 23 1000 
1 41 34 13 12 28 18 1003 1001 6 2 34 1000 
1 32 32 13 13 31 31 999 999 3 3 11 1000 
1 39 33 22 15 44 26 1003 999 4 2 11 1000 
1 47 33 24 12 56 13 1001 997 6 2 34 1000 
1 45 33 17 10 32 14 1002 997 5 2 19 1000 
1 46 34 25 9 59 11 1000 996 6 2 27 1000 
1 45 35 19 8 39 11 999 996 6 2 27 1000 
1 44 30 14 7 33 11 1000 997 8 2 27 1000 
1 45 29 17 8 27 12 1003 999 7 2 27 1000 
1 44 31 14 11 31 16 1004 1000 6 1 27 1000 
1 43 30 17 13 43 17 1003 1000 6 2 37 1000 
1 40 31 18 14 46 21 1003 1000 6 2 23 1000 
1 40 29 18 15 51 23 1004 1001 4 2 27 1000 
1 41 29 22 14 66 27 1004 1002 5 1 55 0001 
1 43 34 18 13 38 17 1004 1000 6 3 19 1000 
1 42 32 17 14 40 19 1003 1000 4 0 34 1000 
1 40 32 17 14 36 22 1002 999 6 3 23 1000 
1 40 30 22 17 58 29 1002 999 3 1 26 1000 
1 32 24 26 22 100 55 1000 995 4 1 19 0010 
1 30 23 25 23 100 66 1003 998 5 1 19 1000 
1 30 23 25 23 100 66 1003 998 5 1 19 1000 
1 30 26 24 22 79 66 1003 1002 4 2 10 0010 
1 38 26 25 18 94 31 1007 1003 7 1 10 1000 
1 37 30 23 21 66 39 1008 1003 6 2 21 1000 
1 32 24 26 23 100 59 1006 1001 4 2 16 0010 
1 30 25 28 25 100 89 1002 1000 3 1 19 1000 
1 35 27 28 27 100 67 1002 999 5 1 11 1000 
1 36 29 29 20 100 39 1002 999 3 1 11 1000 
1 41 31 23 18 62 26 999 995 7 2 13 1000 
1 38 34 27 17 63 36 997 994 5 4 11 1000 
1 40 29 29 24 100 42 999 995 4 2 13 1000 
1 38 31 25 22 70 47 998 995 4 2 26 1000 
1 39 31 27 21 75 35 999 995 4 2 10 1000 
1 42 33 26 21 66 30 998 994 5 2 14 1000 
1 40 32 27 22 75 38 997 993 5 3 14 1000 
1 35 30 29 26 89 59 998 995 4 3 26 1000 
1 37 27 27 25 89 53 1001 996 6 3 27 1000 
1 31 27 28 27 100 79 1000 995 5 3 23 1000 
1 34 26 32 26 100 89 998 996 2 1 19 0001 
1 31 25 30 25 100 94 998 995 3 1 23 0010 
1 32 28 31 28 100 79 1000 997 5 2 24 1000 
1 31 26 29 26 100 79 1001 995 4 3 19 0010 
1 33 28 30 28 100 84 1001 997 3 1 14 0001 
1 34 27 30 27 100 79 999 996 4 3 13 0001 
1 34 28 29 27 100 75 998 995 4 2 23 1000 
1 33 27 30 26 100 75 997 994 4 3 16 1000 
1 33 25 29 25 100 79 998 996 3 1 19 0010 
1 33 27 31 27 100 79 1000 997 4 3 16 0010 
1 31 27 30 27 100 89 1002 997 4 1 14 0001 
1 33 28 30 27 100 71 999 995 3 1 13 1000 
1 35 27 30 27 100 63 1000 997 3 1 11 1000 
1 33 26 28 26 100 71 1002 998 4 3 14 0001 
1 31 27 29 27 100 84 1002 1000 3 3 10 1000 
1 31 27 30 27 100 94 1002 1000 4 1 11 0010 
1 30 25 29 25 100 89 1002 999 4 2 23 0001 
1 34 27 29 27 100 75 1002 998 4 2 14 0001 
1 33 27 30 27 100 71 1004 1000 5 3 13 0001 
1 34 26 29 26 100 75 1006 1001 4 1 27 0001 
1 35 26 29 26 100 63 1003 1000 5 3 19 1000 
1 35 27 29 26 100 59 1003 1001 5 3 16 0001 
1 37 29 27 24 79 53 1002 999 8 3 16 1000 
1 37 33 27 24 71 53 1001 998 5 3 23 1000 
1 35 28 26 25 84 59 1001 998 5 3 27 1000 
1 37 29 27 24 74 50 1001 998 5 3 23 1000 
1 37 29 25 24 74 50 1001 997 7 3 24 1000 
1 38 30 28 24 79 47 1001 997 6 2 23 1000 
1 38 30 30 24 94 50 1002 999 4 2 19 0010 
1 30 27 28 26 100 79 1004 1001 4 1 23 1000 
1 34 28 29 27 100 71 1004 1000 7 1 19 0010 
1 35 28 29 27 94 63 1004 1001 6 3 19 1000 
1 35 29 30 27 100 67 1004 1000 4 3 13 1000 
1 36 28 30 20 100 49 1002 999 3 2 14 1000 
1 37 29 31 25 100 60 1002 998 5 2 19 1000 
1 36 26 29 25 100 56 1001 997 4 2 19 0010 
1 31 31 31 30 100 94 999 999 3 3 0 1000 
1 31 31 31 30 100 94 999 999 3 3 0 1000 
1 34 34 26 26 63 63 998 998 5 5 19 1000 
1 34 34 26 26 63 63 998 998 5 5 19 1000 
1 33 30 28 27 89 71 1001 999 4 3 16 1000 
1 33 28 29 28 100 75 1002 999 5 2 14 1000 
1 35 28 29 27 100 67 1002 999 6 2 13 0010 
1 35 28 31 27 100 71 1000 996 4 1 14 0010 
1 33 25 29 25 100 75 1000 997 3 1 19 0010 
1 34 26 28 25 100 59 1002 998 4 2 11 1000 
1 31 25 27 24 100 75 1005 1002 3 1 14 0001 
1 27 26 27 26 100 94 1003 1001 3 1 6 0010 
1 31 26 27 25 100 74 1003 1000 3 1 29 0010 
1 35 27 28 23 100 59 1003 1000 5 1 23 1000 
1 32 26 28 24 94 62 1006 1002 4 1 19 0001 
1 30 27 27 26 100 84 1005 1002 2 1 11 1000 
1 28 26 27 24 100 89 1006 1002 3 1 13 0010 
1 32 26 27 25 100 70 1006 1003 4 1 11 1000 
1 31 26 27 25 100 70 1008 1004 6 2 19 1000 
1 32 26 27 25 94 70 1008 1004 3 1 14 1000 
1 32 26 27 25 100 66 1007 1001 4 2 19 1000 
1 31 26 27 25 94 79 1005 1002 4 2 23 0001 
1 32 27 27 25 94 70 1006 1003 5 2 19 1000 
1 32 25 28 25 100 75 1007 1003 3 1 11 0001 
1 31 27 28 25 100 70 1004 1000 3 1 11 1000 
1 34 27 27 22 94 59 1002 998 4 2 19 1000 
1 36 28 27 23 79 53 1003 1000 4 3 23 1000 
1 36 28 26 23 89 50 1004 1001 5 2 24 1000 
1 35 28 25 23 79 55 1006 1003 4 2 19 1000 
1 35 29 25 23 79 53 1007 1004 5 2 13 1000 
1 35 28 25 23 79 52 1010 1006 5 2 10 1000 
1 36 29 25 22 79 44 1007 1005 4 2 14 1000 
1 37 29 26 21 84 39 1007 1002 4 1 16 1000 
1 36 28 27 22 89 47 1007 1003 5 1 11 1000 
1 34 28 26 23 89 52 1008 1005 6 2 11 1000 
1 31 27 24 23 84 62 1008 1006 3 3 10 1000 
1 37 30 25 21 66 39 1006 1002 6 2 11 1000 
1 34 27 25 20 84 55 1007 1002 5 2 26 0001 
1 30 25 25 -24 100 4 1008 1005 5 2 16 0010 
1 32 25 26 24 100 62 1007 1003 5 2 14 0010 
1 31 25 26 23 94 66 1005 1002 5 2 21 0001 
1 30 27 25 24 89 74 1005 1001 4 2 16 1000 
1 33 27 27 23 89 59 1005 1002 5 2 84 1000 
1 34 27 27 25 94 59 1007 1003 5 2 21 1000 
1 33 28 26 25 89 63 1007 1004 4 2 14 1000 
1 33 26 26 24 94 66 1008 1003 4 1 48 0010 
1 31 25 27 24 100 79 1007 1005 3 2 13 1000 
1 32 25 26 24 100 66 1007 1003 4 1 19 0001 
1 31 26 26 23 94 75 1008 1004 3 2 19 0010 
1 28 24 26 24 100 84 1009 1005 3 1 13 0001 
1 29 24 26 24 100 79 1010 1006 3 1 6 0010 
1 31 26 27 25 94 70 1012 1008 2 1 10 1000 
1 34 26 27 24 100 56 1012 1008 4 1 14 0100 
1 34 27 26 23 94 52 1011 1008 4 1 10 1000 
1 35 26 25 23 94 49 1012 1007 5 1 11 1000 
1 36 27 26 20 89 39 1010 1006 5 1 10 1000 
1 34 27 26 23 94 52 1010 1005 3 1 10 0100 
1 28 26 24 23 83 79 1009 1006 2 2 6 1000 
1 30 21 24 21 100 62 1011 1006 5 1 100 1000 
1 31 23 23 19 94 49 1009 1005 4 1 19 1000 
1 31 24 24 21 89 66 1012 1007 4 1 13 1000 
1 32 23 24 22 100 58 1013 1009 4 1 6 1000 
1 33 24 25 21 94 52 1012 1008 3 1 0 0100 
1 33 24 23 22 94 52 1011 1008 3 1 6 0100 
1 33 25 24 21 94 49 1012 1008 3 1 6 0100 
1 35 25 23 20 89 41 1011 1007 4 1 6 0100 
1 32 26 24 21 83 55 1011 1007 1 1 0 1000 
1 33 24 23 17 83 38 1011 1009 3 1 10 1000 
1 34 23 20 17 78 36 1012 1009 3 1 8 1000 
1 29 23 21 18 83 51 1014 1009 2 1 0 1000 
1 30 23 21 18 83 55 1013 1007 2 1 3 0100 
1 26 24 21 15 74 54 1018 1007 2 1 13 1000 
1 24 21 20 17 94 65 1009 1005 3 1 27 0010 
1 23 20 23 19 100 88 1009 1005 3 1 23 0010 
1 23 21 22 20 100 88 1008 1005 2 1 11 0100 
1 27 20 22 20 100 65 1009 1002 3 0 11 0100 
1 29 20 21 18 100 51 1009 1007 4 1 14 0100 
1 30 21 20 17 94 45 1011 1008 5 2 19 1000 
1 31 20 18 15 88 38 1011 1009 4 1 10 1000 
1 31 22 19 18 83 46 1012 1010 4 1 10 1000 
1 31 20 18 14 88 35 1015 1011 5 2 11 1000 
1 28 20 17 15 78 45 1014 1011 2 1 6 1000 
1 31 19 16 10 83 27 1013 1012 4 1 14 1000 
1 31 19 15 8 78 24 1014 1012 3 1 13 1000 
1 31 19 14 10 60 27 1016 1013 3 1 19 1000 
1 31 17 15 10 73 27 1015 1011 4 1 14 1000 
1 30 18 16 12 83 33 1015 1013 3 1 6 0100 
1 25 18 17 14 78 61 1017 1014 1 1 3 1000 
1 30 17 15 12 88 33 1017 1013 3 1 3 0100 
1 30 16 15 9 82 27 1017 1014 2 1 6 1000 
1 30 18 14 10 73 29 1018 1014 3 1 0 1000 
1 30 18 15 11 73 33 1016 1012 2 0 11 1000 
1 27 20 17 13 73 48 1015 1012 1 0 8 1000 
1 22 20 19 17 88 73 1017 1013 2 1 8 0100 
1 24 19 18 16 88 69 1016 1012 3 0 14 0010 
1 24 18 18 16 94 61 1014 1012 3 0 23 0001 
1 26 15 17 14 94 51 1017 1014 3 0 10 0100 
1 27 15 15 12 94 39 1017 1013 4 0 16 0100 
1 26 14 13 10 82 39 1018 1014 4 1 11 1000 
1 27 15 15 12 82 42 1019 1016 3 1 6 1000 
1 27 16 13 10 82 34 1014 1012 4 0 6 0100 
1 25 15 14 12 82 47 1015 1012 2 1 0 0100 
1 25 14 13 8 88 34 1015 1013 2 1 11 0100 
1 27 14 13 9 88 32 1015 1011 4 0 13 0100 
1 25 14 13 10 77 41 1013 1011 3 1 0 1000 
1 27 15 14 10 77 37 1013 1011 3 1 6 0100 
1 27 15 16 11 88 42 1015 1012 2 0 10 0100 
1 27 15 16 10 82 34 1016 1013 3 1 13 0100 
1 25 14 11 8 77 36 1016 1013 4 1 11 1000 
1 26 13 11 7 72 34 1015 1012 5 1 11 1000 
1 26 13 11 7 77 30 1015 1013 5 1 10 1000 
1 26 13 10 7 68 34 1016 1014 4 1 13 1000 
1 26 12 11 6 67 4 1017 1014 5 1 16 1000 
1 25 12 9 7 72 32 1016 1014 5 1 23 1000 
1 17 12 11 6 72 59 1017 1014 3 1 8 1000 
1 25 11 10 7 82 36 1017 1014 3 1 14 1000 
1 23 10 7 6 76 36 1016 1014 3 1 10 1000 
1 25 11 8 3 76 24 1019 1016 4 1 19 1000 
1 25 9 7 4 82 26 1019 1015 4 1 14 1000 
1 24 12 9 4 63 34 1018 1015 4 2 14 1000 
1 25 11 9 6 71 32 1020 1016 5 1 11 1000 
1 17 10 9 6 77 55 1019 1016 3 1 10 1000 
1 21 12 11 7 72 43 1017 1015 4 2 16 1000 
1 26 13 10 9 77 34 1019 1015 3 1 14 1000 
1 25 12 11 8 77 36 1020 1016 3 1 11 0100 
1 24 11 10 6 82 38 1017 1015 5 1 13 1000 
1 24 10 9 7 82 36 1018 1015 5 1 14 0100 
1 25 11 9 7 88 32 1019 1016 4 1 10 1000 
1 23 10 12 8 87 47 1020 1016 1 1 6 0100 
1 20 11 10 8 88 52 1020 1018 0 0 3 0100 
1 23 9 9 6 93 33 1021 1019 4 0 8 0100 
1 23 10 10 7 94 36 1022 1019 2 0 10 0100 
1 20 9 11 7 94 56 1020 1015 2 0 6 0100 
1 20 8 13 8 100 60 1019 1016 1 0 8 0100 
1 27 9 11 9 100 63 1019 1016 1 0 10 0100 
1 14 7 11 7 100 77 1018 1015 1 1 10 0100 
1 12 7 11 7 100 82 1019 1016 0 0 6 0100 
1 15 9 11 9 100 77 1015 1012 1 0 10 0100 
1 22 11 14 11 100 53 1015 1012 3 0 11 0100 
1 16 10 12 10 100 72 1017 1014 1 0 10 0100 
1 16 9 11 9 100 72 1018 1015 1 0 8 0100 
1 11 9 11 9 100 94 1021 1018 1 1 11 0100 
1 8 8 7 7 93 93 1020 1020 1 1 14 0100 
1 14 6 8 6 100 67 1019 1018 1 1 10 0100 
1 13 5 10 5 100 82 1019 1016 1 1 10 0100 
1 12 8 10 8 100 88 1019 1018 1 0 6 0100 
1 23 3 13 3 100 50 1019 1016 1 1 6 0100 
1 22 14 13 10 82 46 1018 1014 1 1 11 0100 
1 19 14 12 11 88 60 1019 1017 1 0 6 0100 
