1 16 8 10 6 100 52 1020 1016 2 0 10 0.00 0100 
1 16 5 11 0 100 57 1021 1017 1 0 14 0.00 0100 
1 15 7 9 6 100 59 1022 1018 3 0 13 0.00 0100 
1 13 6 9 4 100 63 1023 1018 3 0 11 0.00 0100 
1 14 6 8 5 100 59 1022 1019 2 0 14 0.00 0100 
1 12 4 10 4 100 77 1023 1019 1 0 13 0.00 0100 
1 19 7 10 0 100 49 1023 1019 4 0 14 0.00 0100 
1 20 7 9 5 100 40 1022 1019 4 0 23 0.00 0100 
1 22 7 10 4 93 35 1021 1017 5 1 26 0.00 0100 
1 22 9 11 4 94 31 1021 1018 5 1 14 0.00 1000 
1 22 10 12 8 100 41 1020 1016 3 0 16 0.00 0100 
1 25 10 14 7 100 36 1018 1012 4 0 13 0.00 0100 
1 23 10 15 10 100 50 1016 1011 3 0 14 0.00 0100 
1 20 11 14 1 100 34 1014 1011 2 0 13 0.00 0100 
1 23 10 14 8 100 38 1016 1012 3 0 14 0.00 0100 
1 18 13 14 1 100 44 1019 1014 2 0 23 0.00 0100 
1 20 12 14 10 100 56 1014 1010 4 0 29 0.00 0100 
1 19 12 14 11 100 68 1016 1012 2 0 23 0.00 0100 
1 16 12 13 11 100 82 1016 1012 3 0 16 0.00 0100 
1 18 11 13 10 100 59 1016 1012 2 0 14 0.00 0100 
1 16 12 13 10 94 72 1014 1010 4 1 29 0.00 0010 
1 20 11 15 10 100 60 1015 1010 4 2 19 0.00 0010 
1 17 12 15 10 100 68 1015 1010 4 1 13 0.00 0100 
1 16 10 12 1 100 50 1018 1015 3 0 24 0.00 0100 
1 18 8 11 8 100 52 1017 1014 5 0 19 0.00 0100 
1 17 7 10 7 100 52 1018 1015 5 0 19 0.00 0100 
1 20 7 12 6 100 52 1018 1014 5 1 16 0.00 0100 
1 19 7 12 6 100 43 1017 1013 4 0 13 0.00 0100 
1 21 9 11 4 100 33 1016 1012 5 1 16 0.00 0100 
1 15 11 12 7 100 67 1014 1011 3 1 27 0.00 0010 
1 16 9 13 1 100 50 1016 1012 3 1 19 0.00 0100 
1 14 8 10 7 100 72 1018 1015 4 1 24 0.00 0100 
1 19 5 9 3 100 35 1019 1015 6 1 29 0.00 0100 
1 20 5 7 3 93 33 1017 1013 6 1 27 0.00 1000 
1 21 7 8 3 87 31 1015 1012 6 2 23 0.00 1000 
1 22 8 11 3 93 31 1015 1012 5 1 19 0.00 1000 
1 21 7 10 5 100 40 1018 1014 5 1 27 0.00 0100 
1 23 7 8 1 87 23 1020 1016 5 1 27 0.00 1000 
1 25 9 10 5 87 29 1021 1016 6 1 14 0.00 0100 
1 25 13 12 7 77 32 1017 1012 6 2 24 0.00 1000 
1 25 14 15 9 88 39 1018 1015 4 1 21 0.00 1000 
1 23 10 15 9 100 53 1020 1017 3 0 19 0.00 0100 
1 24 11 15 10 100 47 1021 1017 5 0 14 0.00 0100 
1 26 10 14 6 100 28 1021 1016 5 0 14 0.00 0100 
1 24 9 14 5 100 29 1019 1015 5 0 24 0.00 0100 
1 26 10 13 9 100 34 1016 1013 5 0 24 0.00 0100 
1 27 12 13 9 94 32 1018 1014 6 1 13 0.00 1000 
1 27 15 16 11 88 39 1016 1011 4 1 19 0.00 1000 
1 27 16 16 11 83 37 1011 1007 5 2 23 0.00 1000 
1 28 15 17 13 88 39 1017 1008 3 1 19 0.00 1000 
1 27 13 17 7 100 28 1015 1012 6 0 27 0.00 0100 
1 29 12 14 6 94 26 1017 1014 5 1 19 0.00 1000 
1 29 14 15 8 88 27 1016 1011 5 1 29 0.00 1000 
1 27 12 14 6 94 26 1014 1011 5 0 27 0.00 0100 
1 29 12 13 8 94 27 1016 1013 6 2 26 0.00 1000 
1 29 13 14 9 82 35 1016 1012 5 1 16 0.00 1000 
1 32 16 15 8 88 22 1013 1009 5 1 14 0.00 0100 
1 33 18 17 4 83 16 1011 1008 5 1 23 0.00 1000 
1 33 19 19 10 88 26 1011 1008 5 1 19 0.00 0100 
1 31 16 17 -14 88 10 1014 1010 5 1 27 0.00 0100 
1 29 13 12 5 88 23 1014 1011 5 1 32 0.00 1000 
1 29 11 12 5 82 23 1015 1010 5 1 32 0.00 1000 
1 30 12 11 4 82 20 1013 1010 10 1 32 0.00 1000 
1 31 13 12 4 82 18 1014 1010 5 1 23 0.00 1000 
1 31 14 12 6 72 21 1013 1010 5 2 27 0.00 1000 
1 30 15 13 7 77 23 1014 1009 5 1 27 0.00 1000 
1 32 15 14 7 72 23 1019 1010 5 2 27 0.00 1000 
1 30 17 16 11 83 31 1019 1014 5 1 23 0.00 1000 
1 30 18 17 11 78 31 1020 1015 5 3 19 0.00 1000 
1 32 19 15 11 68 27 1015 1009 5 2 11 0.00 1000 
1 33 20 17 12 73 28 1013 1009 5 1 14 0.00 1000 
1 34 20 18 10 78 23 1015 1011 4 1 19 0.00 1000 
1 34 18 18 10 83 23 1015 1010 5 1 19 0.00 1000 
1 35 19 18 7 83 18 1015 1011 5 1 23 0.00 1000 
1 36 19 23 12 83 23 1014 1009 5 1 29 0.00 1000 
1 36 20 19 15 78 28 1010 1006 4 1 34 0.00 1000 
1 38 19 19 8 88 16 1010 1007 5 0 26 0.00 0100 
1 39 20 17 10 69 18 1011 1008 4 1 19 0.00 1000 
1 37 21 18 10 78 19 1011 1005 4 1 34 0.00 1000 
1 36 19 16 5 78 15 1006 1003 5 1 34 0.00 1000 
1 39 21 17 8 57 15 1007 1004 5 2 21 0.00 1000 
1 40 25 18 9 57 17 1006 1003 5 2 23 0.00 1000 
1 38 24 18 3 69 12 1008 1004 4 2 13 0.00 1000 
1 35 20 15 0 64 11 1007 1004 5 2 23 0.00 1000 
1 35 19 12 0 46 11 1008 1004 5 1 16 0.00 1000 
1 34 18 9 2 56 14 1010 1006 4 1 23 0.00 1000 
1 35 19 11 3 56 13 1012 1008 5 1 23 0.00 1000 
1 34 19 10 5 52 16 1013 1008 5 2 24 0.00 1000 
1 36 19 10 2 49 12 1011 1007 5 1 26 0.00 1000 
1 38 20 11 1 47 10 1011 1007 6 2 23 0.00 1000 
1 38 21 10 0 43 10 1019 1007 5 2 24 0.00 1000 
1 39 22 10 1 44 10 1012 1008 5 1 19 0.00 1000 
1 39 23 12 2 41 11 1012 1007 5 1 13 0.00 1000 
1 39 24 14 6 47 13 1011 1007 6 1 26 0.00 1000 
1 39 23 12 4 47 11 1013 1008 5 1 26 0.00 1000 
1 39 25 12 7 44 15 1010 1004 5 2 23 0.00 1000 
1 39 26 14 9 40 18 1008 1003 5 2 14 0.00 1000 
1 41 25 15 5 54 11 1007 1003 5 2 19 0.00 1000 
1 36 29 18 9 45 24 1008 1003 3 2 24 0.00 1000 
1 39 27 18 12 51 20 1006 1002 4 2 23 0.00 0001 
1 40 24 17 8 61 15 1008 1004 3 2 24 0.00 1000 
1 41 26 17 0 48 10 1009 1004 4 2 37 0.00 1000 
1 41 24 10 3 34 10 1007 1002 4 2 34 0.00 1000 
1 42 27 12 4 37 10 1004 998 4 1 29 0.00 1000 
1 41 26 10 3 36 11 1003 998 4 1 27 0.00 1000 
1 41 25 12 5 33 12 1003 999 4 2 29 0.00 1000 
1 43 25 11 5 35 11 1003 998 5 2 29 0.00 1000 
1 41 32 10 3 24 10 1002 998 3 1 40 0.00 1000 
1 39 27 11 8 37 15 1004 1000 4 2 24 0.00 1000 
1 41 26 12 6 32 12 1007 1001 4 2 19 0.00 1000 
1 41 28 19 5 51 15 1011 1006 3 2 29 0.00 1000 
1 42 30 20 10 55 15 1009 1002 3 1 23 0.00 1000 
1 36 24 20 14 78 34 1006 1000 4 0 47 0.00 1000 
1 33 23 19 14 69 31 1008 1004 4 2 23 0.00 0010 
1 31 20 20 13 83 33 1009 1005 5 2 24 0.00 0001 
1 34 21 16 11 73 24 1010 1006 5 2 23 0.00 1000 
1 36 24 18 14 69 27 1011 1006 5 2 32 0.00 1000 
1 38 27 17 13 54 22 1010 1003 5 3 24 0.00 1000 
1 37 28 26 14 84 25 1008 1002 4 3 34 0.00 0010 
1 37 27 18 14 58 27 1009 1001 4 3 52 0.00 0001 
1 29 18 20 16 94 48 1008 1002 5 1 27 0.00 0001 
1 31 19 19 14 88 35 1010 1006 4 2 19 0.00 1000 
1 33 23 19 8 78 22 1011 1009 3 1 23 0.00 1000 
1 34 20 16 9 78 21 1010 1007 4 1 23 0.00 1000 
1 38 24 17 9 65 17 1009 1004 2 1 19 0.00 1000 
1 39 24 17 6 57 14 1008 1004 4 1 14 0.00 1000 
1 41 24 15 7 57 13 1007 1003 4 1 11 0.00 1000 
1 41 27 17 9 48 14 1008 1003 4 2 42 0.00 1000 
1 42 20 19 13 83 19 1006 1002 3 2 23 0.00 1000 
1 42 24 20 14 65 20 1005 1001 4 2 26 0.00 1000 
1 43 29 17 5 42 11 1005 1000 5 2 27 0.00 1000 
1 44 27 15 7 37 11 1004 999 4 2 34 0.00 1000 
1 38 31 21 15 49 30 1003 997 5 3 32 0.00 1000 
1 42 29 22 13 62 19 1001 996 5 3 29 0.00 1000 
1 44 30 21 12 58 15 1001 997 4 2 26 0.00 1000 
1 44 31 18 13 43 16 1001 997 4 3 34 0.00 1000 
1 44 32 19 15 43 18 1002 998 4 2 29 0.00 1000 
1 46 31 18 9 40 11 1002 998 4 2 35 0.00 1000 
1 44 30 14 10 35 13 1000 994 4 2 37 0.00 1000 
1 45 32 15 7 29 10 995 990 3 1 29 0.00 1000 
1 44 35 18 12 36 15 995 992 3 1 27 0.00 1000 
1 45 34 20 10 44 13 997 992 3 2 37 0.00 1000 
1 44 33 23 10 47 17 999 993 3 2 27 0.00 1000 
1 38 29 22 19 62 37 1000 995 3 3 34 0.00 1000 
1 37 25 21 17 74 35 1005 1000 4 3 27 0.00 1000 
1 40 25 22 16 74 27 1007 1001 4 1 24 0.00 0001 
1 37 25 21 13 74 29 1009 1001 4 1 74 0.00 1000 
1 36 23 23 18 83 37 1009 1004 4 2 35 0.00 0001 
1 37 23 24 17 88 35 1010 1005 4 2 19 0.00 1000 
1 39 27 25 14 84 22 1007 1002 4 1 23 0.00 1000 
1 43 28 21 14 62 19 1005 1001 4 2 19 0.00 1000 
1 44 31 21 12 55 15 1006 1001 4 2 27 0.00 1000 
1 45 31 19 12 49 15 1005 1000 4 3 27 0.00 0001 
1 40 29 23 14 55 28 1006 1001 4 2 19 0.00 1000 
1 42 27 19 12 58 19 1004 998 4 2 21 0.00 1000 
1 43 33 21 13 41 17 1001 998 4 2 27 0.00 0001 
1 39 27 22 12 66 23 1004 999 4 2 29 0.00 0001 
1 35 23 24 19 88 44 1005 1000 4 3 24 0.00 0001 
1 37 27 23 19 74 35 1006 1001 4 3 29 0.00 1000 
1 37 25 23 18 78 42 1006 1002 4 2 45 0.00 0001 
1 31 24 24 20 89 52 1008 1003 4 2 14 0.00 0001 
1 37 26 24 18 89 32 1005 1000 5 2 14 0.00 1000 
1 39 28 29 17 94 27 1005 1000 5 3 16 0.00 1000 
1 40 29 23 16 66 24 1005 999 5 4 19 0.00 1000 
1 38 29 25 21 70 37 1004 998 5 4 24 0.00 1000 
1 38 29 23 21 70 37 1003 997 5 4 34 0.00 1000 
1 38 31 24 21 62 37 1001 996 5 4 34 0.00 1000 
1 38 32 24 22 59 42 999 988 5 4 27 0.00 1000 
1 38 28 24 22 79 42 996 992 5 4 27 0.00 1000 
1 36 28 24 22 79 44 997 993 9 4 27 0.00 1000 
1 38 25 27 21 89 47 998 992 4 3 27 0.00 0001 
1 36 25 28 20 89 53 998 995 4 2 23 0.00 0001 
1 38 28 29 20 84 41 1000 997 5 3 24 0.00 1000 
1 36 25 24 19 83 43 1002 998 4 3 23 0.00 1000 
1 38 30 25 21 70 37 999 996 4 2 27 0.00 1000 
1 36 30 26 20 70 44 1002 996 4 1 29 0.00 1000 
1 34 26 22 18 74 38 1004 1000 5 3 24 0.00 0001 
1 37 27 23 18 79 36 1003 1000 4 2 26 0.00 1000 
1 37 28 24 19 74 35 1003 1000 6 4 19 0.00 1000 
1 39 28 24 18 79 29 1004 1000 6 1 26 0.00 1000 
1 42 29 22 16 66 22 1003 998 5 2 34 0.00 1000 
1 42 31 22 18 55 25 1000 997 4 2 29 0.00 1000 
1 43 33 25 16 55 22 1001 996 5 2 32 0.00 1000 
1 41 32 25 19 55 30 1001 995 4 2 26 0.00 1000 
1 43 27 27 18 79 23 1001 996 4 0 37 0.00 0001 
1 37 28 26 23 84 44 1002 998 4 2 23 0.00 1000 
1 37 27 29 24 84 53 1002 998 4 2 27 0.00 1000 
1 36 29 28 24 89 56 1002 996 4 2 24 0.00 1000 
1 39 29 27 23 79 40 1000 996 4 2 23 0.00 0001 
1 37 29 27 23 89 44 1000 997 4 2 27 0.00 1000 
1 38 31 25 21 63 39 1001 997 4 1 34 0.00 1000 
1 39 31 25 15 66 24 999 996 3 1 34 0.00 1000 
1 40 31 24 20 62 35 999 996 3 2 26 0.00 1000 
1 39 31 25 21 66 35 1001 997 3 2 24 0.00 1000 
1 40 32 26 19 70 31 1002 997 3 1 34 0.00 1000 
1 40 30 26 19 70 31 1001 996 2 2 27 0.00 1000 
1 38 31 26 21 75 37 1001 996 4 2 26 0.00 1000 
1 37 25 27 22 89 44 1002 998 5 3 23 0.00 0001 
1 37 29 27 22 84 50 1002 998 4 2 23 0.00 0001 
1 39 29 25 20 79 35 1001 995 4 3 29 0.00 1000 
1 39 29 24 18 74 34 998 995 4 3 32 0.00 1000 
1 39 29 24 19 74 35 999 995 4 2 27 0.00 1000 
1 39 29 23 15 70 28 1000 997 3 2 37 0.00 1000 
1 40 30 24 19 55 31 1001 999 3 2 34 0.00 1000 
1 39 31 25 20 66 33 1004 1000 4 2 235 0.00 1000 
1 39 30 27 21 74 35 1003 999 5 2 19 0.00 1000 
1 38 29 27 23 89 44 1003 997 5 3 27 0.00 1000 
1 37 29 27 24 89 50 1001 997 5 3 26 0.00 1000 
1 35 29 26 23 84 49 1001 998 5 4 24 0.00 1000 
1 37 28 26 24 84 47 1002 998 4 3 27 0.00 1000 
1 35 28 27 24 89 56 1003 999 5 3 26 0.00 1000 
1 37 29 26 22 84 42 1004 999 6 3 24 0.00 1000 
1 36 29 26 2 84 12 1003 998 5 4 23 0.00 1000 
1 36 28 28 22 94 47 1001 996 5 3 32 0.00 0001 
1 31 27 27 2 100 16 1000 997 3 2 24 0.00 0001 
1 32 27 27 25 100 70 999 997 4 1 27 0.00 0010 
1 36 28 27 25 94 53 1000 972 5 2 14 0.00 1000 
1 36 29 27 24 84 53 1001 997 5 3 21 0.00 1000 
1 33 29 27 25 84 63 1002 998 5 3 24 0.00 1000 
1 36 29 29 2 94 12 1001 997 5 3 19 0.00 0010 
1 35 28 27 24 89 56 1002 999 5 3 23 0.00 1000 
1 31 27 27 2 89 20 1003 999 4 3 21 0.00 1000 
1 31 26 26 2 100 21 1003 999 5 3 23 0.00 0001 
1 34 27 27 2 94 18 1002 998 4 3 19 0.00 0010 
1 33 28 27 25 89 66 1003 1000 5 3 16 0.00 1000 
1 34 27 28 24 94 56 1004 1000 5 2 14 0.00 0010 
1 35 28 27 2 94 16 1004 999 5 3 19 0.00 1000 
1 35 29 28 25 89 56 1002 998 4 3 13 0.00 1000 
1 34 26 28 25 100 63 1002 999 4 3 27 0.00 0001 
1 33 28 29 25 94 70 1004 1001 4 2 14 0.00 0010 
1 32 27 28 2 100 19 1005 1001 4 1 14 0.00 1000 
1 35 27 27 23 94 59 1003 997 4 3 27 0.00 0010 
1 35 26 27 22 94 59 1002 998 5 3 21 0.00 1000 
1 33 24 27 22 94 55 1004 1001 5 1 32 0.00 0001 
1 31 26 27 25 94 70 1005 1002 5 3 23 0.00 0001 
1 29 26 27 2 100 21 1005 1002 4 2 16 0.00 0001 
1 30 26 27 2 94 19 1004 1001 4 1 23 0.00 0010 
1 27 26 27 2 100 20 1004 1001 4 2 11 0.00 0010 
1 34 25 28 25 100 63 1002 999 5 1 23 0.00 1000 
1 34 27 28 23 94 59 1001 998 5 3 27 0.00 1000 
1 35 26 28 24 89 56 1003 999 5 4 14 0.00 1000 
1 36 27 28 23 89 53 1004 1000 5 4 21 0.00 1000 
1 35 27 28 22 84 53 1004 1001 4 3 21 0.00 1000 
1 35 26 25 22 83 53 1004 1001 4 4 21 0.00 1000 
1 35 26 24 21 79 47 1005 1001 4 4 23 0.00 1000 
1 36 25 24 20 83 39 1007 1004 5 3 24 0.00 1000 
1 36 27 25 20 84 39 1008 1004 5 4 27 0.00 1000 
1 37 26 24 -22 84 4 1006 1002 5 4 27 0.00 1000 
1 37 26 22 19 74 35 1007 1003 5 4 27 0.00 1000 
1 38 26 23 17 78 29 1008 1004 5 3 23 0.00 1000 
1 38 26 24 20 78 35 1007 1003 4 3 24 0.00 1000 
1 38 27 23 15 79 25 1004 1000 5 3 29 0.00 1000 
1 38 28 21 16 58 27 1003 999 5 3 34 0.00 1000 
1 37 27 24 19 66 44 1005 1001 7 4 23 0.00 1000 
1 35 28 25 20 74 44 1005 1001 5 4 16 0.00 1000 
1 37 28 24 20 74 39 1006 1003 7 4 13 0.00 1000 
1 38 28 25 21 74 39 1009 1005 5 4 21 0.00 1000 
1 38 29 25 12 74 35 1009 1003 5 3 27 0.00 1000 
1 31 24 24 21 94 58 1009 1004 5 3 23 0.00 1000 
1 32 26 25 22 94 55 1010 1006 5 2 14 0.00 1000 
1 35 27 25 20 89 44 1011 1007 5 3 14 0.00 1000 
1 35 26 25 21 89 44 1010 1005 4 3 14 0.00 1000 
1 35 27 26 21 89 44 1009 1004 4 3 13 0.00 1000 
1 35 27 25 22 89 47 1010 1006 5 2 14 0.00 1000 
1 32 26 25 21 89 55 1010 1007 5 5 23 0.00 1000 
1 33 24 23 19 83 46 1010 1006 5 4 27 0.00 1000 
1 33 23 23 20 94 46 1011 1006 6 3 14 0.00 1000 
1 36 24 23 15 94 28 1010 1006 5 1 23 0.00 1000 
1 37 24 21 10 78 19 1012 1007 4 2 24 0.00 1000 
1 37 24 20 12 74 22 1013 1009 5 2 26 0.00 1000 
1 37 23 20 15 73 27 1012 1007 7 3 16 0.00 1000 
1 38 25 20 12 74 21 1009 1005 5 2 21 0.00 1000 
1 35 28 23 16 66 34 1011 1006 4 2 27 0.00 1000 
1 36 26 22 18 78 34 1013 1009 5 2 14 0.00 1000 
1 37 27 23 16 70 29 1013 1008 5 2 11 0.00 1000 
1 36 23 24 21 100 41 1012 1006 4 1 19 0.00 0001 
1 30 23 25 21 100 62 1012 1008 4 2 19 0.00 0001 
1 32 26 25 23 94 59 1012 1006 3 1 10 0.00 1000 
1 33 26 25 19 89 43 1009 1005 5 1 14 0.00 1000 
1 34 23 22 14 83 31 1010 1006 4 2 11 0.00 1000 
1 34 24 21 15 78 32 1009 1005 5 2 23 0.00 1000 
1 37 24 20 10 78 19 1008 1005 5 2 23 0.00 1000 
1 34 24 23 16 89 38 1011 1007 5 2 27 0.00 0001 
1 30 22 22 19 94 55 1013 1001 4 3 26 0.00 0010 
1 26 21 22 2 94 22 1014 1010 5 3 27 0.00 0001 
1 28 21 21 18 94 54 1016 1012 5 4 19 0.00 1000 
1 28 19 18 12 88 37 1017 1013 5 4 14 0.00 1000 
1 28 19 18 14 88 45 1017 1013 4 2 19 0.00 1000 
1 29 19 18 11 88 33 1017 1007 3 1 14 0.00 1000 
1 30 18 17 13 83 35 1016 1012 4 1 14 0.00 1000 
1 32 20 18 12 73 29 1017 1013 4 1 11 0.00 1000 
1 33 21 18 13 78 31 1016 1012 4 1 11 0.00 1000 
1 33 21 18 13 78 29 1015 1011 5 1 14 0.00 1000 
1 33 22 19 16 78 38 1015 1012 4 2 13 0.00 1000 
1 32 22 21 11 94 27 1016 1013 3 1 11 0.00 1000 
1 31 21 18 1 83 21 1018 1014 3 1 13 0.00 1000 
1 31 18 16 8 77 24 1017 1012 3 1 11 0.00 1000 
1 30 19 15 11 78 31 1017 1014 4 1 11 0.00 1000 
1 30 20 16 12 73 33 1019 1015 4 1 14 0.00 1000 
1 30 20 15 11 73 33 1019 1015 3 1 14 0.00 1000 
1 29 19 17 1 83 27 1018 1013 3 1 13 0.00 1000 
1 29 18 18 1 88 21 1017 1013 3 1 29 0.00 0001 
1 27 17 15 11 88 44 1018 1015 4 2 27 0.00 0001 
1 28 16 15 9 82 30 1020 1015 3 1 14 0.00 1000 
1 29 16 15 7 82 25 1019 1014 3 1 19 0.00 1000 
1 29 15 12 6 77 23 1018 1014 4 1 16 0.00 1000 
1 28 15 11 5 72 23 1018 1014 4 1 23 0.00 1000 
1 29 15 12 8 68 27 1018 1015 3 1 24 0.00 1000 
1 29 14 11 5 72 22 1017 1014 3 2 21 0.00 1000 
1 29 14 10 5 72 22 1018 1014 4 1 13 0.00 1000 
1 28 14 12 8 77 28 1018 1013 3 1 10 0.00 1000 
1 29 14 12 7 72 26 1016 1012 4 1 23 0.00 1000 
1 29 14 11 7 72 25 1016 1012 3 1 14 0.00 1000 
1 29 14 10 6 67 23 1015 1012 4 1 11 0.00 1000 
1 30 13 10 3 72 19 1016 1012 4 1 13 0.00 1000 
1 30 13 11 2 77 17 1017 1014 4 1 8 0.00 1000 
1 31 14 12 2 68 17 1019 1015 4 0 11 0.00 0100 
1 30 15 10 5 63 20 1020 1015 4 1 11 0.00 1000 
1 30 15 11 7 67 23 1017 1013 4 1 23 0.00 1000 
1 29 15 12 8 68 30 1017 1013 3 1 14 0.00 1000 
1 30 15 11 7 64 25 1016 1012 4 1 13 0.00 1000 
1 30 18 14 8 60 30 1017 1013 3 1 11 0.00 1000 
1 31 19 15 9 73 25 1016 1013 4 1 13 0.00 1000 
1 29 15 13 8 77 27 1016 1013 3 1 19 0.00 1000 
1 29 15 12 8 68 30 1017 1013 3 1 11 0.00 1000 
1 30 17 14 9 72 27 1018 1013 4 1 11 0.00 1000 
1 31 17 16 10 82 27 1016 1012 4 1 14 0.00 0100 
1 32 17 17 10 94 26 1016 1013 4 0 13 0.00 0100 
1 27 17 18 13 100 44 1016 1012 3 0 13 0.00 0100 
1 28 18 19 16 94 51 1018 1015 3 1 19 0.00 0100 
1 27 19 18 15 88 48 1019 1015 3 1 14 0.00 1000 
1 26 17 18 1 94 32 1020 1016 2 0 11 0.00 0100 
1 26 13 17 1 100 28 1022 1018 3 0 16 0.00 0100 
1 26 12 13 9 100 34 1020 1015 4 0 16 0.00 1000 
1 28 14 14 10 82 35 1017 1013 4 1 11 0.00 1000 
1 27 17 15 1 83 30 1017 1012 4 1 21 0.00 0100 
1 27 15 13 8 77 32 1021 1017 4 1 16 0.00 1000 
1 27 14 13 10 88 34 1022 1018 4 1 19 0.00 0100 
1 25 13 12 7 88 32 1021 1016 4 1 23 0.00 1000 
1 26 13 12 5 88 28 1019 1015 4 1 26 0.00 1000 
1 24 10 9 4 71 29 1019 1016 4 3 19 0.00 1000 
1 24 11 9 4 76 27 1022 1018 3 1 14 0.00 1000 
1 24 11 12 7 88 34 1022 1017 3 1 13 0.00 0100 
1 23 9 10 6 87 33 1019 1015 3 1 14 0.00 1000 
1 23 9 11 5 87 36 1019 1016 3 1 14 0.00 1000 
1 25 10 13 1 88 44 1022 1017 1 0 10 0.00 0100 
1 25 12 14 11 100 47 1022 1018 2 0 10 0.00 0100 
1 23 10 13 8 100 50 1021 1017 2 0 14 0.00 0100 
1 24 10 12 7 94 41 1017 1013 3 1 19 0.00 0100 
1 25 10 12 6 88 39 1016 1013 4 1 21 0.00 1000 
1 27 11 12 7 77 34 1017 1013 4 2 19 0.00 1000 
1 25 12 15 8 83 41 1019 1015 3 0 11 0.00 0100 
1 25 11 16 1 100 34 1018 1014 3 0 11 0.00 0100 
1 26 11 14 9 94 36 1014 1007 3 0 21 0.00 0100 
1 19 14 15 1 94 41 1012 1009 2 0 19 0.00 0100 
1 18 12 14 1 100 39 1014 1010 1 0 14 0.00 0100 
1 17 12 14 1 100 47 1015 1011 1 0 10 0.00 0100 
1 19 11 13 9 100 52 1017 1013 3 0 11 0.00 0100 
1 16 8 13 8 100 72 1020 1016 2 0 13 0.00 0100 
1 18 10 12 7 100 56 1022 1018 3 0 24 0.00 0100 
1 19 8 8 3 100 35 1019 1014 5 0 34 0.00 0100 
1 20 6 8 3 87 33 1018 1013 4 1 13 0.00 1000 
1 22 8 12 5 100 33 1020 1016 3 0 11 0.00 0100 
1 21 6 11 6 100 38 1019 1015 3 0 14 0.00 0100 
1 21 12 13 8 88 43 1016 1013 3 1 14 0.00 1000 
