1 16 8 12 8 100 67 1021 1016 2 0 10 0100 
1 17 8 11 7 100 63 1023 1018 1 0 11 0100 
1 15 10 10 7 100 63 1023 1020 1 0 19 0100 
1 14 9 10 5 94 55 1023 1018 2 0 23 0100 
1 14 7 10 5 94 72 1021 1018 1 0 14 0100 
1 15 7 9 6 100 59 1022 1019 1 0 11 0100 
1 10 7 9 6 100 82 1022 1019 1 0 16 0100 
1 13 7 8 4 100 58 1022 1017 2 0 16 0100 
1 15 6 9 5 100 55 1023 1018 1 0 10 0100 
1 11 5 8 4 100 76 1023 1019 1 0 16 0100 
1 13 6 8 5 100 67 1023 1019 1 0 14 0100 
1 15 6 8 5 100 51 1023 1019 2 0 11 0100 
1 17 5 9 4 100 52 1023 1018 3 0 16 0100 
1 16 5 9 3 93 55 1023 1019 2 0 14 0100 
1 17 5 10 5 100 52 1025 1020 1 0 14 0100 
1 15 4 10 4 100 63 1023 1019 1 0 13 0100 
1 16 7 10 7 100 59 1022 1019 1 0 10 0100 
1 16 7 11 7 100 63 1024 1020 1 0 10 0100 
1 20 5 12 5 100 43 1022 1018 1 0 8 0100 
1 14 5 10 5 100 67 1021 1016 1 0 11 0100 
1 17 4 9 4 100 42 1019 1015 3 0 13 0100 
1 21 5 8 2 100 28 1016 1012 5 0 21 0100 
1 24 9 11 6 100 36 1014 1010 5 0 11 0100 
1 24 10 12 5 94 29 1012 1009 5 0 16 0100 
1 25 8 9 1 100 21 1015 1011 4 1 10 0100 
1 27 10 12 4 100 26 1018 1014 4 0 13 0100 
1 25 14 16 10 88 41 1020 1014 3 1 14 0010 
1 20 15 15 12 100 68 1018 1013 3 1 16 0001 
1 21 12 16 12 100 64 1018 1015 4 0 13 0100 
1 21 13 15 10 100 49 1016 1012 3 0 23 0100 
1 15 13 14 12 100 88 1015 1010 4 1 29 0001 
1 19 12 14 11 100 64 1021 1012 3 0 11 0010 
1 17 12 14 12 100 72 1024 1020 2 0 14 0100 
1 20 9 12 9 100 49 1022 1018 4 0 11 0100 
1 20 9 11 6 93 40 1021 1017 5 1 13 0100 
1 22 9 11 8 100 43 1020 1016 4 1 19 1000 
1 23 9 12 6 100 35 1018 1013 5 1 16 0100 
1 24 13 15 10 88 50 1014 1010 3 1 13 1000 
1 23 14 15 12 94 53 1014 1011 3 1 14 0100 
1 23 10 13 2 100 25 1017 1012 5 0 13 0100 
1 21 9 9 4 93 33 1016 1013 5 1 14 0100 
1 21 8 8 3 93 33 1017 1014 5 1 13 1000 
1 22 9 12 6 93 43 1018 1014 3 1 23 0100 
1 24 9 11 6 100 31 1015 1012 5 0 27 0100 
1 25 11 12 8 94 34 1015 1012 5 1 23 1000 
1 27 12 12 5 94 28 1017 1013 5 1 13 1000 
1 25 17 15 10 77 41 1016 1013 4 1 24 1000 
1 23 19 15 10 78 47 1014 1010 4 2 32 0001 
1 21 17 16 14 88 64 1012 1006 3 1 55 0010 
1 21 14 16 5 94 37 1015 1003 5 2 34 0001 
1 22 11 10 6 94 35 1019 1016 5 2 19 1000 
1 23 11 12 6 82 41 1019 1016 6 3 27 1000 
1 25 11 13 9 94 41 1017 1014 5 1 23 0100 
1 27 15 15 11 88 37 1018 1013 5 1 10 1000 
1 27 17 16 11 88 39 1017 1013 5 1 21 1000 
1 27 14 16 11 100 37 1015 1010 7 0 23 0100 
1 29 16 17 12 88 39 1013 1010 5 1 19 1000 
1 28 19 18 13 78 42 1014 1010 4 2 19 1000 
1 29 19 18 13 88 37 1016 1010 5 1 27 1000 
1 28 19 19 14 94 54 1013 1008 4 1 37 1000 
1 30 18 19 11 78 37 1010 1007 5 2 26 1000 
1 27 16 16 -4 78 16 1014 1010 4 1 32 1000 
1 19 12 4 -4 58 22 1017 1013 4 1 37 1000 
1 23 8 6 2 71 25 1015 1011 5 2 34 1000 
1 26 9 6 3 76 23 1016 1013 6 1 27 1000 
1 25 9 8 5 82 28 1016 1013 5 1 34 1000 
1 26 11 9 5 71 26 1013 1011 5 1 29 1000 
1 29 13 12 1 77 16 1015 1011 7 1 19 1000 
1 29 16 13 8 72 30 1013 1009 5 2 23 1000 
1 26 15 14 8 88 34 1012 1009 4 1 14 1000 
1 28 15 13 6 88 25 1014 1010 5 1 19 1000 
1 28 15 14 11 82 35 1017 1006 3 0 10 0100 
1 26 15 14 12 82 42 1017 1012 4 1 23 1000 
1 29 17 14 9 77 30 1013 1008 3 1 14 1000 
1 32 19 14 9 64 24 1011 1007 7 1 26 1000 
1 33 19 15 3 73 16 1015 1010 5 1 19 1000 
1 32 18 14 3 77 18 1015 1012 6 2 11 1000 
1 30 19 14 6 60 27 1014 1011 5 2 26 1000 
1 31 16 13 8 82 24 1013 1009 8 1 29 1000 
1 33 17 15 10 72 27 1013 1009 6 2 19 1000 
1 35 20 16 10 73 23 1015 1011 5 1 16 1000 
1 35 21 17 8 73 20 1015 1011 4 1 14 1000 
1 33 19 17 13 83 29 1015 1009 5 1 19 1000 
1 33 20 18 12 83 28 1014 1009 5 1 13 0100 
1 33 22 17 13 64 31 1015 1011 4 2 19 1000 
1 32 19 17 11 78 27 1015 1010 5 1 19 1000 
1 34 20 15 12 73 28 1013 1007 5 1 19 1000 
1 34 24 18 12 58 30 1010 1004 4 2 16 1000 
1 33 22 19 15 73 34 1010 1006 5 2 16 0010 
1 33 18 19 10 88 24 1011 1007 6 1 34 0100 
1 34 19 16 13 78 28 1010 1005 5 1 34 0100 
1 37 19 16 5 78 14 1007 1003 6 1 26 1000 
1 36 24 15 8 57 18 1005 1000 4 2 21 1000 
1 33 21 16 9 56 30 1008 1001 5 3 40 0001 
1 36 23 15 1 61 11 1012 1009 6 2 19 1000 
1 34 19 10 -1 52 11 1014 1010 9 2 23 1000 
1 37 20 11 4 52 13 1016 1012 5 2 34 1000 
1 37 21 28 5 94 15 1012 1008 10 1 24 1000 
1 39 22 12 3 50 11 1010 1006 5 1 29 1000 
1 41 24 12 3 44 10 1010 1006 4 1 27 1000 
1 42 11 13 5 67 10 1011 1006 3 1 42 1000 
1 41 26 11 6 36 12 1009 1004 2 1 34 1000 
1 41 28 13 9 35 15 1008 1004 4 1 40 1000 
1 40 28 13 6 37 13 1010 1005 3 1 21 1000 
1 40 26 13 6 44 13 1008 1004 5 1 16 1000 
1 38 28 15 9 42 22 1010 1005 4 1 23 1000 
1 38 26 17 6 51 15 1011 1006 5 1 27 1000 
1 39 24 10 5 38 13 1008 1004 6 1 29 1000 
1 39 27 13 2 34 13 1006 1000 3 2 27 1000 
1 36 25 13 2 41 12 1008 1003 5 2 27 1000 
1 37 24 14 2 39 11 1010 1006 5 1 29 1000 
1 38 22 8 3 36 12 1010 1006 5 1 26 1000 
1 41 23 10 6 38 12 1009 1005 3 1 34 1000 
1 42 27 9 4 27 10 1008 1004 3 1 13 1000 
1 43 27 12 4 30 9 1007 1002 4 1 19 1000 
1 43 29 12 5 33 10 1004 999 4 1 37 0001 
1 36 26 16 8 51 18 1007 1003 5 2 29 1000 
1 35 22 16 11 65 23 1009 1005 4 3 19 1000 
1 37 24 13 9 47 18 1010 1006 5 2 14 1000 
1 39 26 14 11 47 18 1011 1006 5 3 24 1000 
1 40 28 16 12 45 20 1007 1000 5 3 27 1000 
1 41 30 16 4 40 11 1003 995 4 1 26 1000 
1 38 33 7 -2 17 10 1001 997 2 0 29 1000 
1 35 24 6 1 27 13 1004 1001 4 1 19 1000 
1 37 23 10 0 39 10 1006 1002 5 1 19 1000 
1 38 24 6 1 29 10 1005 1002 4 1 19 1000 
1 38 25 8 1 32 10 1007 1003 4 1 19 1000 
1 38 23 8 1 32 10 1008 1005 5 1 19 1000 
1 40 24 9 1 30 9 1009 1005 4 1 27 1000 
1 42 25 11 2 32 10 1010 1005 5 1 19 1000 
1 42 30 16 7 31 12 1007 1002 4 2 29 1000 
1 41 30 19 13 45 19 1005 1000 3 3 23 1000 
1 38 28 21 10 55 19 1007 1001 4 1 34 1000 
1 41 28 18 11 41 20 1006 1001 5 3 16 1000 
1 42 28 19 5 55 10 1005 1001 5 1 27 1000 
1 42 26 10 3 36 10 1005 1000 5 2 34 1000 
1 44 28 11 4 25 9 1003 998 5 2 27 1000 
1 44 30 15 7 33 11 1001 998 4 2 19 1000 
1 44 29 18 7 29 15 1001 999 4 2 29 1000 
1 44 33 19 5 33 9 1006 1000 4 2 26 1000 
1 45 33 19 7 38 12 1003 999 3 1 27 1000 
1 40 30 18 10 43 16 1004 1000 5 0 84 0010 
1 35 21 22 16 94 34 1010 1003 5 3 34 0001 
1 38 27 23 18 74 32 1007 1003 4 1 23 0001 
1 38 27 23 12 74 21 1007 1004 4 1 23 1000 
1 40 28 19 10 58 19 1006 1002 5 2 27 1000 
1 42 28 16 9 43 14 1003 999 4 2 34 1000 
1 42 30 15 4 25 13 1003 999 4 1 108 1000 
1 43 28 14 3 33 9 1005 1001 4 1 29 1000 
1 44 27 9 5 30 10 1005 1002 4 2 40 1000 
1 45 31 12 7 27 10 1006 1001 5 1 27 1000 
1 44 32 13 8 31 12 1004 1000 5 2 29 1000 
1 46 31 13 4 31 11 1003 998 5 2 27 1000 
1 47 32 14 7 29 9 1001 996 4 2 34 1000 
1 47 36 19 9 31 11 1000 994 4 2 29 1000 
1 44 32 24 15 44 24 998 993 3 1 26 1000 
1 44 35 22 13 47 16 997 993 2 1 27 0001 
1 44 32 22 15 52 20 997 993 3 1 32 1000 
1 40 31 23 20 62 35 1000 997 4 3 29 1000 
1 44 30 23 15 62 20 1008 995 4 1 34 1000 
1 45 34 25 10 59 14 999 994 3 1 37 1000 
1 44 29 23 11 62 14 999 994 3 1 27 0001 
1 45 35 20 11 35 13 1000 995 4 1 27 1000 
1 43 34 21 14 39 18 1000 996 4 2 27 1000 
1 45 31 19 7 49 10 1001 996 4 2 19 1000 
1 45 32 23 13 59 19 1001 994 3 2 19 1000 
1 44 32 24 15 62 18 999 994 4 2 23 1000 
1 40 30 24 19 59 33 1001 997 4 1 34 1000 
1 36 26 25 19 79 41 1002 999 5 3 26 1000 
1 37 26 25 22 94 44 1001 995 3 1 37 0001 
1 34 24 27 17 100 48 998 994 4 1 23 0001 
1 36 29 27 17 89 46 997 994 4 2 23 1000 
1 38 29 27 23 84 44 998 993 4 1 19 1000 
1 33 28 26 24 89 59 1000 997 4 2 21 1000 
1 39 28 27 22 84 39 1000 996 4 2 23 0010 
1 35 27 26 24 84 53 1001 995 5 2 19 1000 
1 40 30 26 22 79 35 999 995 4 2 29 1000 
1 37 30 29 22 84 47 1000 996 3 2 26 0001 
1 40 29 26 21 84 40 1000 995 3 2 14 1000 
1 40 28 25 22 74 35 997 994 4 2 26 1000 
1 38 30 26 23 74 42 998 993 3 2 26 1000 
1 39 30 28 8 79 17 1001 996 4 3 23 1000 
1 38 30 27 23 67 44 1005 1000 5 3 19 1000 
1 40 31 26 23 75 38 1005 999 5 3 19 1000 
1 40 30 28 23 84 40 1001 995 5 2 29 0010 
1 33 24 27 21 100 62 1005 1001 5 1 27 0001 
1 32 26 27 25 94 66 1005 1002 5 3 26 0001 
1 37 27 27 24 94 53 1004 999 4 2 14 0001 
1 36 29 27 24 89 53 1001 996 6 1 19 1000 
1 37 25 27 24 94 50 1001 997 5 1 23 0001 
1 29 26 26 24 94 79 1001 999 4 1 26 0001 
1 29 24 27 2 94 18 1000 994 3 1 27 0010 
1 28 25 26 23 100 79 1001 996 3 1 19 0010 
1 32 27 27 24 94 66 1001 998 4 2 29 0010 
1 34 27 27 25 94 59 1001 997 4 1 23 1000 
1 32 28 27 2 89 18 1003 1000 5 2 26 0010 
1 34 28 28 25 89 63 1004 1000 5 3 27 0010 
1 34 28 29 2 94 16 1005 1002 4 2 23 0001 
1 33 26 29 25 100 75 1008 1002 4 1 27 0010 
1 35 28 28 25 94 56 1003 998 5 1 19 1000 
1 37 28 28 24 89 56 1002 997 7 3 23 0010 
1 30 26 27 2 100 21 1005 1000 4 2 16 0001 
1 33 28 27 25 94 66 1002 998 4 2 19 0010 
1 35 28 28 25 89 56 1001 996 4 2 14 1000 
1 35 26 29 25 94 56 1000 995 5 2 11 0010 
1 37 30 28 22 89 53 998 994 4 2 14 1000 
1 35 28 28 25 89 59 1002 997 5 3 23 1000 
1 35 27 27 24 94 56 1003 999 8 3 27 0001 
1 33 28 27 2 89 17 1003 1000 5 3 37 1000 
1 33 27 27 25 94 63 1004 1001 5 1 27 0001 
1 29 26 27 2 94 19 1002 998 4 2 26 0010 
1 31 27 26 23 84 66 1003 998 6 3 26 1000 
1 31 27 27 24 94 74 1004 1001 3 2 13 0010 
1 28 26 26 2 100 19 1003 1001 3 1 27 0010 
1 28 26 27 2 100 20 1004 1001 4 1 23 0010 
1 32 26 28 2 94 20 1006 1002 5 2 11 0010 
1 35 28 29 17 94 48 1006 1000 4 1 19 0100 
1 34 29 28 25 89 63 1003 1000 3 1 14 1000 
1 36 29 28 25 94 56 1003 999 4 0 19 0100 
1 36 30 28 23 89 60 1002 999 5 1 23 1000 
1 36 27 28 24 94 60 1002 996 5 2 23 0001 
1 32 24 27 23 100 59 1003 999 5 3 24 0010 
1 35 27 28 24 100 59 1004 1000 5 3 23 0010 
1 35 27 28 24 89 59 1004 1000 6 3 26 1000 
1 35 26 27 23 94 59 1004 1000 5 2 19 0010 
1 32 26 27 24 94 66 1003 1000 4 1 14 0010 
1 29 26 27 23 100 79 1003 1000 4 1 19 0010 
1 33 27 27 23 100 62 1004 1002 4 1 19 0001 
1 34 27 29 26 100 63 1004 1000 5 1 14 0001 
1 34 29 28 24 94 59 1002 998 5 4 23 1000 
1 33 28 26 23 84 59 1002 998 5 3 14 1000 
1 35 28 26 23 89 49 1001 998 6 3 11 1000 
1 34 28 27 23 94 59 1003 1000 5 3 60 1000 
1 35 28 27 24 84 53 1004 1000 4 2 13 0010 
1 35 29 28 25 89 59 1006 1002 5 1 26 1000 
1 33 28 27 24 94 59 1005 999 6 3 26 1000 
1 33 27 27 25 94 63 1003 999 5 3 23 0010 
1 33 27 27 25 94 63 1004 998 5 3 19 1000 
1 34 27 27 16 94 48 1003 1000 6 3 13 0010 
1 33 28 27 25 94 63 1004 1000 6 2 13 1000 
1 34 27 28 25 94 63 1005 1001 5 3 14 1000 
1 35 27 27 24 94 56 1005 1000 5 3 14 1000 
1 34 27 28 2 100 18 1004 999 5 1 19 0010 
1 34 27 27 24 94 63 1004 999 5 3 23 0010 
1 32 27 26 24 84 66 1007 1000 5 3 182 1000 
1 34 28 27 23 84 59 1005 1001 4 3 16 0010 
1 31 25 27 23 100 70 1006 1002 5 1 14 0001 
1 34 27 26 23 94 55 1005 1001 4 1 23 0001 
1 33 26 26 22 94 59 1006 1002 5 2 24 0010 
1 28 25 25 23 94 79 1006 1002 4 3 13 0010 
1 34 26 26 23 94 52 1005 1001 5 2 16 1000 
1 33 28 27 23 89 55 1006 1002 5 2 14 1000 
1 32 27 25 23 84 62 1005 1002 4 3 16 0010 
1 28 25 26 23 94 74 1006 1002 3 1 19 0010 
1 30 26 25 23 94 70 1012 1001 4 1 14 1000 
1 35 26 26 23 94 52 1006 1002 5 2 14 1000 
1 33 26 27 23 94 63 1013 1003 4 2 10 0010 
1 31 27 27 23 94 70 1006 1002 4 1 23 1000 
1 31 26 25 23 94 62 1007 1004 5 2 19 1000 
1 32 26 26 22 94 59 1007 1004 8 2 16 1000 
1 33 25 26 23 94 55 1009 1006 5 3 13 1000 
1 35 26 26 23 94 49 1009 1005 5 3 10 1000 
1 37 28 26 22 84 44 1009 1004 5 3 13 1000 
1 36 29 26 22 79 44 1010 1002 5 3 14 1000 
1 37 27 27 19 89 35 1008 1003 5 2 19 1000 
1 32 26 25 23 94 66 1008 1004 5 3 24 1000 
1 33 25 25 22 94 55 1009 1005 5 3 23 1000 
1 29 25 23 22 89 66 1012 1008 5 2 23 1000 
1 32 25 24 23 89 59 1012 1007 4 2 11 1000 
1 34 25 24 19 89 41 1010 1005 4 1 19 1000 
1 34 25 23 17 89 38 1008 1004 4 2 16 1000 
1 34 24 22 16 78 36 1009 1006 6 3 19 1000 
1 35 23 20 13 78 26 1009 1005 6 3 24 1000 
1 35 21 19 8 88 19 1011 1007 4 3 23 1000 
1 34 20 17 11 73 24 1011 1008 4 3 172 1000 
1 34 21 19 14 73 30 1013 1009 6 3 23 1000 
1 35 21 19 10 83 23 1013 1008 5 1 16 1000 
1 35 20 18 12 83 26 1012 1008 5 2 11 1000 
1 33 24 20 16 69 36 1012 1009 5 2 11 1000 
1 34 23 20 15 78 32 1012 1007 5 2 10 1000 
1 34 24 20 17 73 36 1011 1006 4 1 13 1000 
1 35 24 20 15 74 30 1009 1004 4 1 21 1000 
1 35 23 21 11 73 24 1007 1004 5 1 19 1000 
1 34 22 16 11 69 26 1009 1006 4 2 13 1000 
1 35 20 17 4 73 14 1012 1009 5 1 23 1000 
1 35 18 13 6 60 17 1014 1011 5 3 27 1000 
1 34 18 15 8 68 20 1014 1011 5 2 27 1000 
1 34 20 14 8 64 20 1015 1012 4 1 23 1000 
1 33 19 16 1 78 21 1016 1012 5 1 11 1000 
1 33 20 16 12 73 29 1015 1011 5 1 10 1000 
1 32 21 17 11 69 27 1014 1011 4 1 11 1000 
1 33 19 17 7 78 20 1014 1011 3 1 14 1000 
1 34 19 16 8 69 20 1015 1010 4 1 23 1000 
1 33 19 15 10 64 26 1014 1010 4 1 21 1000 
1 33 19 14 8 68 21 1015 1011 3 1 19 1000 
1 31 20 26 12 100 33 1016 1011 2 1 8 1000 
1 32 20 21 10 78 27 1013 1009 4 1 11 1000 
1 32 19 16 10 69 27 1013 1010 4 0 11 1000 
1 32 20 18 12 73 29 1014 1010 5 0 8 1000 
1 31 14 18 13 100 35 1016 1012 4 1 10 1000 
1 31 19 17 14 88 35 1019 1016 3 0 10 1000 
1 32 19 18 11 88 27 1019 1015 3 1 11 0100 
1 32 18 16 5 78 18 1017 1012 4 1 13 1000 
1 31 18 15 9 68 25 1015 1011 3 1 10 1000 
1 32 18 16 8 73 24 1014 1011 3 1 11 1000 
1 32 16 13 4 73 17 1017 1013 4 1 14 1000 
1 32 17 13 8 64 22 1018 1014 3 1 14 1000 
1 33 17 13 6 63 21 1016 1012 5 1 10 1000 
1 33 20 14 9 64 24 1014 1010 4 1 14 1000 
1 33 19 15 6 73 18 1013 1009 4 1 11 1000 
1 33 19 15 7 68 20 1012 1008 5 1 10 1000 
1 33 17 13 5 77 18 1014 1010 5 1 14 1000 
1 32 18 14 3 68 16 1015 1011 4 1 23 1000 
1 29 14 10 5 67 25 1016 1012 4 2 24 1000 
1 28 14 9 4 63 21 1017 1013 4 1 14 1000 
1 28 13 11 5 77 24 1018 1015 3 1 13 1000 
1 29 14 12 6 82 29 1019 1015 3 1 11 1000 
1 27 17 14 -1 68 30 1020 1016 3 1 13 1000 
1 27 16 15 11 77 39 1019 1015 3 1 13 1000 
1 27 18 16 11 83 42 1015 1011 3 1 19 0010 
1 27 17 14 11 77 42 1014 1011 4 3 19 1000 
1 27 16 15 8 78 30 1016 1012 4 2 14 1000 
1 26 13 12 6 77 32 1018 1014 5 1 16 1000 
1 24 10 7 2 76 25 1019 1015 4 1 26 1000 
1 26 9 15 3 71 26 1018 1014 4 1 27 1000 
1 26 12 9 2 77 22 1019 1015 4 1 11 1000 
1 25 11 10 5 67 29 1019 1015 4 1 13 1000 
1 24 12 11 5 82 31 1022 1017 3 1 14 0100 
1 26 9 10 2 87 22 1021 1016 4 1 26 1000 
1 25 10 5 0 62 19 1017 1013 4 1 23 1000 
1 24 9 9 2 82 24 1017 1012 4 1 16 0100 
1 24 9 9 2 82 24 1016 1013 5 1 11 0100 
1 24 9 8 2 76 24 1020 1015 4 1 10 1000 
1 30 8 8 4 87 23 1019 1015 4 1 13 1000 
1 24 8 7 2 82 24 1019 1015 4 1 14 0100 
1 25 10 9 5 76 28 1018 1014 3 1 11 1000 
1 25 11 8 4 72 28 1016 1012 4 1 13 1000 
1 25 10 9 6 87 29 1016 1013 3 1 10 1000 
1 26 11 11 7 88 32 1018 1014 3 1 11 0100 
1 27 11 10 5 77 26 1017 1013 4 1 27 1000 
1 27 10 11 5 76 30 1017 1013 4 1 23 1000 
1 26 14 14 10 82 36 1017 1013 3 1 14 1000 
1 26 17 14 11 82 41 1016 1011 3 1 27 1000 
1 25 15 15 12 94 44 1017 1013 3 1 23 0100 
1 25 15 16 13 94 47 1017 1014 3 1 19 0100 
1 24 15 16 13 94 57 1019 1014 3 1 23 0010 
1 23 17 16 13 88 57 1019 1015 3 2 34 0001 
1 27 15 15 12 88 42 1018 1014 4 2 14 1000 
1 25 17 17 12 100 50 1017 1012 4 1 26 0001 
1 20 15 18 13 100 73 1016 1013 4 0 14 0001 
1 18 13 13 11 94 68 1019 990 3 1 16 0100 
1 16 11 11 9 100 63 1020 1015 3 0 11 0100 
1 16 10 13 10 100 77 1022 1018 2 0 11 0100 
1 16 11 13 8 100 72 1023 1019 2 0 13 0100 
1 15 8 12 8 100 72 1022 1019 2 0 11 0100 
1 16 8 12 8 100 72 1022 1018 1 0 13 0100 
1 15 11 11 8 100 67 1021 1018 2 1 10 0100 
1 11 7 11 7 100 88 1021 1019 1 0 14 0100 
1 16 8 11 7 100 63 1020 1017 3 0 14 0100 
1 15 9 11 1 100 54 1020 1016 1 0 14 0100 
1 14 9 11 0 100 50 1020 1016 1 0 14 0100 
1 14 7 10 7 100 67 1023 1019 2 0 21 0100 
1 18 6 9 5 100 42 1024 1020 4 0 14 0100 
1 16 6 11 4 100 63 1024 1020 1 0 11 0100 
1 13 9 10 0 100 50 1023 1017 1 0 11 0100 
