1 18 7 12 7 100 63 1022 1019 2 0 14 0100 
1 17 4 8 4 100 45 1022 1018 4 0 19 0100 
1 18 4 8 2 93 39 1020 1016 4 1 14 0100 
1 19 9 11 7 94 46 1018 1014 1 0 14 0100 
1 16 8 15 8 100 82 1017 1012 1 0 11 0100 
1 16 7 12 7 100 68 1019 1014 1 0 13 0100 
1 18 6 8 3 100 39 1019 1016 4 0 14 0100 
1 20 3 9 2 100 30 1019 1016 4 0 11 0100 
1 18 8 11 5 100 42 1019 1014 1 0 11 0100 
1 18 1 11 1 100 49 1018 1014 3 0 11 0100 
1 18 5 10 5 100 49 1021 1016 3 0 21 0100 
1 19 6 12 6 100 49 1023 1018 2 0 13 0100 
1 20 8 11 4 100 35 1022 1018 3 0 11 0100 
1 21 7 13 2 100 28 1019 1015 4 0 13 0100 
1 16 9 14 9 100 68 1021 1017 1 0 11 0100 
1 15 9 14 9 100 82 1021 1017 1 0 11 0100 
1 13 9 13 9 100 94 1020 1015 2 0 19 0100 
1 15 11 13 10 100 77 1024 1013 3 0 13 0100 
1 20 10 14 9 100 56 1026 1021 5 0 14 0100 
1 20 8 15 7 100 43 1023 1019 5 0 13 0100 
1 14 12 14 11 100 88 1024 1018 3 1 23 0001 
1 17 13 17 13 100 94 1021 1017 4 1 16 0010 
1 18 13 16 13 100 83 1022 1018 2 0 14 0100 
1 17 10 15 10 100 82 1021 1018 3 0 16 0100 
1 14 10 14 10 100 100 1022 1017 2 0 14 0100 
1 20 9 14 9 100 68 1021 1017 3 0 14 0100 
1 22 8 14 8 100 53 1021 1017 3 0 23 0100 
1 23 8 13 1 100 46 1019 1014 3 0 21 0100 
1 23 11 15 11 100 47 1019 1016 1 0 19 0100 
1 20 11 18 11 100 83 1021 1017 1 0 11 0100 
1 17 10 16 10 100 82 1021 1018 1 0 13 0100 
1 20 11 13 8 100 46 1021 1018 1 0 10 0100 
1 22 9 15 9 100 43 1019 1015 3 0 13 0100 
1 26 7 16 7 100 39 1016 1011 4 0 11 0100 
1 24 13 16 12 100 47 1013 1010 3 1 16 0100 
1 24 12 15 6 100 33 1014 1010 4 0 10 0010 
1 24 12 15 10 94 41 1014 1009 3 1 16 1000 
1 25 16 17 12 88 47 1011 1007 5 1 27 1000 
1 17 10 15 10 100 88 1013 1010 3 1 19 0100 
1 19 6 10 2 100 32 1013 1010 5 0 24 0100 
1 18 7 8 3 93 40 1014 1010 7 1 19 0100 
1 21 7 7 3 87 31 1015 1011 5 1 19 0100 
1 20 7 8 6 93 40 1015 1012 4 0 21 0100 
1 22 5 10 3 100 33 1015 1011 4 0 19 0010 
1 14 11 13 10 100 77 1014 1009 3 1 19 0001 
1 17 10 12 9 100 59 1014 1009 3 0 11 0100 
1 19 6 12 6 100 56 1017 1012 4 0 21 0100 
1 21 7 13 7 100 43 1019 1016 4 0 23 0100 
1 22 8 10 5 100 33 1019 1016 5 1 23 0100 
1 22 8 13 4 100 31 1019 1015 4 1 13 0100 
1 24 11 12 7 94 34 1017 1013 3 0 13 0100 
1 24 11 13 7 100 34 1016 1012 4 0 19 0100 
1 20 13 15 12 94 68 1019 1015 2 1 13 1000 
1 21 12 15 11 100 56 1021 1017 3 0 16 0100 
1 21 9 12 8 100 43 1021 1017 5 0 14 0100 
1 24 10 14 6 100 33 1020 1015 4 0 13 0100 
1 25 14 14 6 94 29 1018 1012 3 1 14 0010 
1 24 14 15 12 100 53 1016 1011 4 1 19 1000 
1 20 13 17 12 94 60 1015 1011 4 2 16 0010 
1 19 13 16 12 100 64 1017 1012 4 1 14 1000 
1 21 11 13 11 100 56 1020 1015 4 0 14 0100 
1 24 10 13 7 100 34 1018 1015 5 0 13 0100 
1 25 13 14 6 94 29 1019 1015 4 1 16 0100 
1 25 14 14 8 88 34 1018 1014 4 1 19 0001 
1 25 12 13 7 94 32 1019 1015 6 0 19 0100 
1 25 11 14 5 100 28 1019 1015 4 1 19 0100 
1 26 12 13 8 94 32 1020 1016 5 1 23 0100 
1 28 13 15 9 100 32 1018 1013 5 1 24 0001 
1 23 17 15 9 83 46 1018 1012 5 4 34 0001 
1 25 16 15 11 88 41 1016 1011 5 4 34 0001 
1 26 14 17 10 94 36 1019 1014 5 1 19 1000 
1 25 12 13 7 94 36 1018 1015 5 1 21 0100 
1 26 12 13 8 94 32 1018 1013 5 1 14 0100 
1 29 12 14 7 94 25 1019 1014 5 1 13 0100 
1 31 14 14 9 94 29 1018 1014 5 1 23 0100 
1 33 15 17 9 100 23 1015 1010 5 1 19 0100 
1 29 20 17 8 78 27 1015 1010 4 3 19 0001 
1 27 15 18 6 100 26 1015 1013 5 0 27 0100 
1 27 14 13 7 88 30 1014 1010 5 1 19 1000 
1 31 15 14 8 94 24 1011 1005 4 2 19 1000 
1 31 18 16 12 78 31 1009 1006 5 2 14 1000 
1 26 18 18 10 88 41 1013 1008 5 1 26 1000 
1 28 19 20 11 94 42 1016 1010 5 2 24 0001 
1 31 17 18 10 100 27 1014 1009 5 1 11 1000 
1 31 21 16 9 73 27 1013 1010 4 2 14 1000 
1 29 20 20 9 88 30 1015 1010 5 1 14 0001 
1 32 20 21 12 88 31 1014 1010 3 1 19 0001 
1 31 19 20 12 94 31 1014 1010 5 0 19 0001 
1 30 17 16 5 88 20 1013 1010 5 1 26 0100 
1 31 15 13 5 82 20 1011 1007 5 1 29 1000 
1 33 16 14 5 77 18 1009 1006 6 1 23 0100 
1 35 20 14 6 60 18 1008 1004 5 1 19 0001 
1 31 17 17 7 83 22 1013 1009 4 1 23 0100 
1 33 17 15 9 83 23 1013 1010 5 1 24 0100 
1 34 18 16 11 77 24 1012 1009 5 1 23 1000 
1 37 20 16 4 73 13 1011 1006 4 1 16 1000 
1 32 22 17 12 64 31 1012 1009 4 3 24 1000 
1 31 18 17 6 77 21 1013 1009 6 1 21 1000 
1 33 18 14 2 73 15 1013 1010 5 2 21 1000 
1 33 18 10 1 59 13 1014 1010 5 2 23 1000 
1 36 17 8 1 55 12 1012 1008 5 2 24 1000 
1 38 20 11 4 56 12 1011 1006 5 2 11 1000 
1 32 25 12 8 42 24 1012 1007 4 2 27 0001 
1 33 23 12 8 50 21 1014 1010 4 2 21 0001 
1 36 23 15 8 61 18 1013 1009 4 2 13 1000 
1 35 23 16 8 65 19 1014 1007 5 1 19 0001 
1 33 24 12 10 44 26 1010 1006 4 2 26 1000 
1 29 19 16 12 83 42 1015 1008 6 2 21 0001 
1 33 20 16 11 78 26 1014 1010 3 2 14 1000 
1 35 21 15 4 64 14 1014 1010 4 1 14 1000 
1 37 21 12 4 47 13 1013 1010 4 2 26 1000 
1 38 24 10 4 39 13 1015 1011 5 2 21 1000 
1 37 23 10 7 44 16 1013 1008 4 2 19 1000 
1 38 24 12 4 44 13 1010 1005 4 1 23 1000 
1 39 24 11 7 44 15 1011 1006 4 1 21 1000 
1 39 26 13 6 39 13 1010 1006 5 1 23 0001 
1 40 24 13 2 50 11 1011 1007 5 2 23 1000 
1 41 21 9 2 46 9 1010 1005 4 2 23 1000 
1 41 24 11 3 39 10 1008 1003 3 1 23 1000 
1 44 27 10 1 34 8 1008 1003 5 1 19 1000 
1 43 27 9 0 30 7 1007 1001 5 2 19 1000 
1 42 27 10 2 30 8 1005 1001 4 2 19 0001 
1 37 27 14 8 42 19 1008 1003 4 3 23 1000 
1 39 27 13 7 42 14 1007 1001 4 2 13 1000 
1 36 25 22 10 78 20 1009 1005 4 3 19 1000 
1 34 26 21 15 70 32 1011 1006 5 3 21 1000 
1 38 26 19 12 65 21 1009 1004 5 2 13 1000 
1 40 25 21 6 69 12 1007 1001 5 1 196 0001 
1 38 23 16 4 65 12 1004 1001 5 2 21 1000 
1 39 26 16 7 51 15 1004 999 4 1 27 0001 
1 35 24 16 12 61 26 1008 1003 4 1 27 0001 
1 34 25 20 12 74 28 1008 1004 4 3 23 1000 
1 29 18 20 15 100 48 1012 1005 4 2 37 0001 
1 32 20 20 14 100 35 1010 1006 5 2 19 0001 
1 35 23 20 13 83 26 1008 1004 4 1 23 1000 
1 36 25 20 13 74 25 1006 1004 5 2 21 1000 
1 37 25 19 12 65 23 1011 1005 5 2 34 1000 
1 39 24 21 11 78 18 1011 1007 4 1 19 1000 
1 38 26 18 7 54 15 1011 1007 5 2 23 1000 
1 39 26 16 7 51 14 1009 1004 5 2 19 1000 
1 38 27 14 8 45 17 1007 1003 5 2 24 1000 
1 42 26 13 6 44 11 1004 1000 4 2 24 1000 
1 44 30 17 8 38 12 1004 998 4 2 23 0001 
1 40 25 17 11 61 17 1007 1003 5 3 23 0001 
1 39 23 21 11 88 20 1009 1004 5 3 27 0001 
1 36 23 20 15 78 28 1011 1007 5 4 19 0001 
1 39 27 21 12 66 20 1009 1004 4 2 14 1000 
1 42 28 19 6 54 12 1006 1001 5 2 19 1000 
1 44 30 20 7 46 11 1004 1000 4 2 19 1000 
1 45 30 21 12 52 17 1003 998 3 1 37 0001 
1 42 29 19 10 48 15 1003 999 4 2 19 1000 
1 37 25 21 13 78 25 1007 1002 5 3 23 0001 
1 40 26 16 10 54 21 1008 1003 4 2 16 1000 
1 42 27 21 9 62 14 1004 1000 4 2 23 1000 
1 43 28 16 10 48 14 1003 999 5 2 23 1000 
1 45 29 17 7 48 10 1001 997 4 2 19 1000 
1 45 31 15 7 35 10 1000 996 4 2 19 1000 
1 45 32 15 7 32 11 999 994 4 2 23 1000 
1 46 31 12 7 31 10 998 994 4 3 23 1000 
1 45 31 15 5 38 9 998 993 4 2 14 1000 
1 45 30 14 4 30 9 999 995 4 2 23 1000 
1 45 30 12 7 27 12 1001 996 4 2 26 1000 
1 43 25 22 11 83 21 1004 998 3 2 37 0001 
1 38 23 22 14 94 33 1003 997 5 2 29 0010 
1 36 27 26 17 84 48 1001 997 3 2 23 0001 
1 41 30 26 20 74 30 1001 997 4 2 24 1000 
1 44 30 25 19 62 24 1000 996 4 2 23 1000 
1 43 32 23 17 55 23 999 994 4 3 23 1000 
1 43 29 26 20 84 27 998 993 4 2 24 0001 
1 42 28 24 18 79 25 998 993 5 3 24 0001 
1 43 31 23 18 62 23 996 992 4 3 29 1000 
1 40 33 21 18 49 29 998 968 4 2 23 1000 
1 40 31 21 15 55 23 1000 996 5 3 21 1000 
1 40 28 21 13 62 20 1001 997 4 1 26 1000 
1 40 28 19 14 58 23 999 995 5 3 23 1000 
1 37 27 21 15 70 27 1001 996 6 3 19 1000 
1 38 29 22 17 66 29 1004 1000 4 3 19 1000 
1 41 30 23 18 66 26 1006 1001 5 1 24 1000 
1 41 29 22 19 62 30 1004 999 6 3 16 0001 
1 39 27 24 20 84 33 1001 997 5 3 34 0001 
1 38 27 26 21 79 37 1001 998 4 2 14 0001 
1 35 29 24 23 70 53 1004 1000 4 3 23 1000 
1 37 26 25 22 89 44 1005 1001 5 4 16 0001 
1 31 27 26 21 94 66 1002 998 5 1 19 0010 
1 36 27 26 23 89 49 1000 997 4 1 14 0010 
1 39 30 27 20 84 35 1002 999 4 1 23 1000 
1 38 28 23 20 74 37 1003 1001 4 3 26 1000 
1 39 27 25 19 89 35 1002 998 5 2 19 1000 
1 40 30 22 17 62 26 1001 997 5 3 21 1000 
1 41 30 20 17 51 27 1000 996 4 3 19 1000 
1 41 31 23 16 58 24 1001 997 5 3 24 1000 
1 41 31 24 14 62 20 1001 996 5 3 19 1000 
1 41 32 27 16 71 24 1000 995 5 4 19 1000 
1 39 27 26 22 79 42 1001 999 5 2 14 0010 
1 35 28 27 25 84 59 1002 997 3 2 16 1000 
1 37 29 28 24 94 47 999 995 4 2 21 1000 
1 35 28 26 24 84 53 1001 997 4 4 21 1000 
1 36 26 26 24 100 50 1000 995 5 0 21 0001 
1 30 26 27 24 100 74 998 995 4 1 19 0001 
1 33 26 26 23 100 55 998 995 4 2 19 1000 
1 34 27 26 23 89 52 1000 997 5 1 19 1000 
1 36 27 27 23 94 47 1000 996 5 4 14 1000 
1 34 30 27 24 84 56 1000 997 4 3 14 1000 
1 32 29 27 23 84 59 1001 998 5 3 23 1000 
1 32 28 26 22 89 55 1002 999 5 3 19 1000 
1 33 27 25 22 84 52 1004 1001 5 3 21 1000 
1 36 28 27 23 84 50 1005 1002 5 2 19 1000 
1 36 28 26 23 84 49 1006 1001 4 3 19 0001 
1 32 27 27 24 100 66 1003 999 4 2 21 0001 
1 35 26 27 24 100 53 1002 999 5 2 16 0001 
1 35 27 27 25 94 56 1003 999 5 2 16 1000 
1 35 28 27 25 89 56 1003 999 4 2 19 1000 
1 36 29 27 24 84 50 1002 997 5 3 14 1000 
1 34 28 28 23 94 67 1000 997 5 2 14 0010 
1 35 27 27 24 94 56 999 995 5 2 16 1000 
1 35 28 26 24 89 56 1000 996 5 2 23 0010 
1 32 27 27 25 94 70 1001 998 4 2 13 1000 
1 35 28 28 24 100 53 1001 997 5 1 16 1000 
1 33 28 25 24 84 59 1000 997 5 4 23 1000 
1 32 28 26 24 84 66 1001 998 5 3 19 1000 
1 35 28 26 25 84 56 1003 1000 4 3 143 1000 
1 31 26 28 26 100 84 1004 1001 3 1 14 0001 
1 37 27 27 24 94 50 1004 1000 4 2 14 0010 
1 36 28 28 22 89 56 1002 998 6 3 19 0001 
1 37 27 25 23 84 47 1002 998 5 4 24 1000 
1 35 28 25 22 84 49 1001 998 7 4 24 1000 
1 34 28 24 21 74 52 1003 999 5 4 27 1000 
1 33 27 24 21 79 49 1006 1002 5 4 14 1000 
1 35 26 23 18 78 36 1006 1003 4 4 19 1000 
1 37 27 24 22 79 42 1008 1005 4 3 21 1000 
1 37 28 24 21 79 39 1009 1004 5 3 23 1000 
1 37 28 23 19 74 35 1007 1003 5 3 23 1000 
1 38 29 21 17 62 32 1005 1001 5 4 23 1000 
1 40 27 23 18 65 29 1005 1002 5 4 16 1000 
1 39 28 23 18 74 31 1007 1003 5 4 21 1000 
1 39 27 23 17 79 29 1007 1003 5 4 23 1000 
1 40 29 23 18 70 27 1007 1002 5 3 21 1000 
1 40 30 23 19 66 31 1006 1001 6 4 204 1000 
1 38 28 22 19 62 35 1005 1000 5 4 23 1000 
1 36 25 25 21 83 41 1007 1003 5 3 16 0001 
1 34 27 26 22 84 52 1007 1003 4 2 14 0001 
1 34 24 26 22 89 59 1007 1002 4 2 16 0001 
1 33 25 27 23 100 66 1005 1001 3 1 23 0001 
1 34 26 26 21 94 49 1004 1000 5 2 23 0001 
1 33 27 24 22 84 55 1005 1001 5 3 19 1000 
1 31 26 25 23 94 66 1004 1001 5 1 26 0001 
1 32 26 26 23 94 66 1004 1000 5 1 26 0001 
1 28 26 27 24 94 84 1003 999 4 1 34 0001 
1 32 25 26 23 94 62 1006 1002 4 1 11 1000 
1 36 27 27 24 100 50 1007 1003 3 1 55 1000 
1 35 28 26 23 89 52 1007 1003 5 2 16 1000 
1 34 27 26 23 94 55 1005 1002 5 2 11 1000 
1 34 26 26 24 89 59 1006 1003 4 2 19 0010 
1 29 25 26 22 100 66 1008 1005 3 1 16 0010 
1 34 24 25 22 100 49 1009 1005 5 1 11 1000 
1 33 24 24 21 100 49 1007 1003 5 1 14 1000 
1 34 24 25 20 84 52 1007 1003 5 3 21 0001 
1 35 23 24 21 100 49 1008 1004 5 4 19 1000 
1 34 27 25 22 89 49 1006 1002 5 3 19 1000 
1 35 26 25 21 89 47 1005 1002 5 3 19 1000 
1 35 27 23 21 79 46 1007 1004 5 3 21 1000 
1 35 26 25 19 89 39 1008 1003 6 3 16 1000 
1 36 27 24 17 84 34 1006 1002 5 3 14 1000 
1 35 25 24 17 89 34 1006 1003 5 2 21 1000 
1 36 25 23 19 74 37 1008 1005 5 3 23 1000 
1 37 24 22 14 74 30 1007 1004 5 4 23 1000 
1 35 25 20 17 69 34 1009 1006 5 3 24 1000 
1 36 24 22 15 78 28 1011 1007 6 3 19 1000 
1 36 25 22 15 83 30 1012 1008 5 3 23 1000 
1 36 25 20 16 69 30 1012 1009 5 4 19 1000 
1 36 25 21 15 74 30 1013 1009 5 2 23 1000 
1 35 25 21 16 78 32 1013 1008 5 4 16 1000 
1 37 26 20 15 69 27 1013 1009 5 4 19 1000 
1 37 25 22 15 83 27 1014 1009 5 3 19 1000 
1 35 26 20 16 65 32 1014 1009 5 4 14 1000 
1 38 25 22 13 83 24 1012 1007 5 2 14 1000 
1 37 26 22 13 78 24 1013 1008 4 2 14 1000 
1 38 24 23 14 89 24 1014 1009 5 1 14 1000 
1 37 25 22 15 78 27 1014 1010 5 2 10 1000 
1 36 25 22 18 78 36 1012 1007 4 2 13 1000 
1 34 23 23 17 79 38 1014 1009 4 3 14 1000 
1 35 22 18 14 73 28 1014 1009 5 4 19 1000 
1 34 21 18 13 83 28 1012 1008 5 2 23 1000 
1 33 21 18 12 78 28 1011 1008 5 2 14 1000 
1 34 20 17 7 83 20 1012 1009 4 1 11 1000 
1 32 21 21 15 78 40 1013 1009 5 3 19 1000 
1 28 23 20 17 78 51 1014 1009 6 4 23 1000 
1 30 20 20 13 88 37 1017 1013 5 2 16 1000 
1 30 19 19 10 88 29 1017 1013 4 2 14 1000 
1 31 17 16 9 94 27 1017 1013 4 1 13 1000 
1 31 18 15 10 78 29 1016 1012 4 1 13 1000 
1 31 17 15 8 88 24 1015 1012 5 1 16 1000 
1 32 17 18 11 88 27 1016 1012 3 1 16 1000 
1 34 19 17 12 88 28 1017 1013 4 1 14 0100 
1 33 20 18 13 83 29 1018 1013 3 1 11 1000 
1 32 20 19 13 88 33 1016 1011 4 1 11 0100 
1 32 22 19 15 78 36 1015 1011 3 0 11 0100 
1 32 21 18 16 83 38 1015 1011 2 1 8 1000 
1 32 21 18 15 78 38 1018 1014 4 1 14 1000 
1 32 20 19 11 88 29 1017 1013 3 1 55 1000 
1 32 21 18 12 69 29 1014 1011 3 1 13 1000 
1 32 21 21 12 94 33 1015 1011 3 1 16 0100 
1 31 20 18 10 83 27 1015 1011 2 1 13 1000 
1 30 18 16 11 88 31 1016 1013 2 1 13 0100 
1 28 18 13 7 73 26 1017 1013 4 1 16 1000 
1 31 15 13 6 82 21 1017 1013 4 1 19 0100 
1 30 16 14 11 82 31 1017 1012 3 1 16 1000 
1 31 18 15 11 78 29 1015 1011 4 1 14 0100 
1 30 18 17 12 83 35 1016 1012 3 1 21 0100 
1 31 17 17 11 82 31 1015 1011 4 1 24 0100 
1 31 18 16 14 88 35 1015 1011 2 1 11 0100 
1 32 19 17 12 88 29 1017 1014 3 1 19 1000 
1 31 19 17 12 83 33 1018 1015 3 0 14 0100 
1 30 17 13 7 77 23 1017 1013 3 1 16 0100 
1 27 14 10 5 77 24 1017 1013 4 1 14 0100 
1 26 12 10 7 77 30 1018 1015 1 1 14 1000 
1 27 12 10 5 77 24 1019 1015 3 1 19 0100 
1 27 10 8 2 82 20 1019 1014 4 1 21 1000 
1 27 12 8 2 67 20 1017 1013 3 1 19 1000 
1 27 10 8 3 82 21 1018 1013 3 1 21 1000 
1 27 11 8 3 67 21 1018 1014 3 1 19 1000 
1 27 10 8 3 82 24 1020 1015 3 1 11 1000 
1 28 12 10 3 88 20 1019 1015 3 1 10 0100 
1 27 10 9 5 82 24 1018 1013 2 1 14 0100 
1 26 13 10 4 82 24 1017 1013 3 1 13 0100 
1 28 9 9 4 87 23 1016 1011 3 1 11 0100 
1 28 11 8 1 82 17 1016 1013 4 1 14 0100 
1 25 9 8 3 82 24 1018 1014 3 1 16 1000 
1 26 11 7 2 71 21 1019 1014 4 1 16 1000 
1 27 10 7 3 67 24 1014 1010 4 2 23 1000 
1 28 11 9 3 82 20 1014 1010 3 1 10 1000 
1 29 13 10 6 72 23 1015 1011 2 1 11 1000 
1 29 16 14 9 82 29 1015 1011 2 1 10 0100 
1 29 15 14 3 88 19 1016 1013 4 1 14 0100 
1 29 12 8 1 77 17 1016 1013 4 2 23 1000 
1 27 12 8 5 77 24 1016 1013 4 2 23 1000 
1 27 12 10 7 82 28 1016 1012 3 1 21 1000 
1 27 11 10 6 88 26 1018 1014 4 1 16 1000 
1 27 11 9 4 88 24 1020 1016 4 1 13 1000 
1 26 11 9 4 88 24 1019 1015 4 1 19 0100 
1 27 10 8 1 82 18 1017 1014 4 2 19 1000 
1 26 10 7 3 82 23 1017 1013 4 1 14 1000 
1 27 10 9 3 82 23 1018 1015 4 1 10 1000 
1 24 9 10 -5 100 14 1020 1015 5 0 24 0100 
1 22 8 5 -1 76 22 1020 1015 3 1 14 1000 
1 21 7 7 3 81 31 1020 1015 2 1 8 1000 
1 20 13 15 5 94 40 1018 1013 2 1 26 1000 
1 15 13 15 12 100 88 1018 1014 3 1 21 0001 
1 18 12 13 10 100 59 1020 1017 3 1 14 1000 
1 18 8 14 8 100 64 1023 1019 4 0 14 0100 
1 18 8 12 8 100 59 1022 1018 3 0 16 0100 
1 15 6 12 6 100 77 1022 1019 2 0 13 0100 
1 14 8 13 7 100 82 1024 1020 1 0 11 0100 
1 16 8 11 8 100 63 1022 1016 3 0 16 0100 
1 16 7 10 6 100 63 1020 1016 1 0 11 0100 
1 16 6 13 6 100 68 1019 1015 1 0 11 0100 
1 16 6 11 6 100 63 1019 1015 2 0 16 0100 
1 12 5 9 5 100 82 1022 1017 1 0 13 0100 
1 13 6 10 6 100 63 1022 1018 1 0 13 0100 
1 16 6 14 6 100 77 1020 1016 2 0 19 0100 
1 18 6 9 5 100 45 1020 1015 2 0 13 0100 
1 17 2 12 2 100 63 1021 1018 1 0 11 0100 
1 19 6 11 4 100 40 1020 1015 3 0 11 0100 
1 18 3 15 3 100 56 1017 1012 2 0 11 0100 
1 17 9 11 7 100 55 1019 1013 3 0 19 0100 
