1 7.0 7.0 100 1020 0.1 
1 7.0 7.0 100 1020 0.1 
1 7.0 7.0 100 1020 0.1 
1 6.0 6.0 100 1020 0.1 
1 5.0 5.0 100 1019 0 
1 5.0 5.0 100 1019 0 
1 4.0 4.0 100 1019 0 
1 4.0 4.0 100 1020 0.2 
1 4.0 4.0 100 1020 0.5 
1 5.0 5.0 100 1021 0
1 12.0 7.0 72 1022 1.3 
1 17.0 5.0 45 1019 3.5 
1 17.0 5.0 45 1019 4.0 
1 17.0 6.0 48 1018 4.0 
1 16.0 7.0 55 1018 3.5 
1 12.0 8.0 77 1018 2.2 
1 10.0 6.0 76 1019 1.5 
1 10.0 6.0 76 1019 1.4 
1 10.0 6.0 76 1019 1.4 
1 10.0 6.0 76 1019 1.4 
1 10.0 6.0 76 1019 1.5
1 12.0 8.0 77 1018 2.2
1 17.0 5.0 45 1019 3.5 
1 17.0 5.0 45 1019 4.0